
p_x=[14.642549526270457, 124.89233419465978, 383.2902670111972, 624.4616709732989, 781.2230835486649, 983.634797588286]
p_y=[-0.7058823529411757, -6.0, -6.7058823529411775, -4.0, 3.2941176470588243, 1.6470588235294112]
a_x=[26.701119724375538, 92.16192937123171, 301.464254952627, 552.1102497846684, 649.4401378122309, 749.3540051679587, 873.3850129198967, 987.0801033591732]
a_y=[-5.906432748538011, -3.8011695906432745, -2.514619883040936, -2.0467836257309955, -5.6725146198830405, -6.257309941520468, -2.514619883040936, -1.9298245614035086]
d_x=[7.751937984496124, 278.20844099913865, 693.3677863910423, 997.4160206718346]
d_y=[2.1637426900584797, 2.7485380116959064, 2.514619883040936, 2.0467836257309946]
p_x_fitting=[ 14.64254953  24.43035001  34.2181505   44.00595098  53.79375147
  63.58155195  73.36935244  83.15715292  92.94495341 102.7327539
 112.52055438 122.30835487 132.09615535 141.88395584 151.67175632
 161.45955681 171.24735729 181.03515778 190.82295826 200.61075875
 210.39855924 220.18635972 229.97416021 239.76196069 249.54976118
 259.33756166 269.12536215 278.91316263 288.70096312 298.48876361
 308.27656409 318.06436458 327.85216506 337.63996555 347.42776603
 357.21556652 367.003367   376.79116749 386.57896797 396.36676846
 406.15456895 415.94236943 425.73016992 435.5179704  445.30577089
 455.09357137 464.88137186 474.66917234 484.45697283 494.24477331
 504.0325738  513.82037429 523.60817477 533.39597526 543.18377574
 552.97157623 562.75937671 572.5471772  582.33497768 592.12277817
 601.91057865 611.69837914 621.48617963 631.27398011 641.0617806
 650.84958108 660.63738157 670.42518205 680.21298254 690.00078302
 699.78858351 709.57638399 719.36418448 729.15198497 738.93978545
 748.72758594 758.51538642 768.30318691 778.09098739 787.87878788
 797.66658836 807.45438885 817.24218934 827.02998982 836.81779031
 846.60559079 856.39339128 866.18119176 875.96899225 885.75679273
 895.54459322 905.3323937  915.12019419 924.90799468 934.69579516
 944.48359565 954.27139613 964.05919662 973.8469971  983.63479759]
p_y_fitting=[-0.70588235 -1.38882204 -2.02573336 -2.61808537 -3.16734715 -3.67498777
 -4.14247629 -4.5712818  -4.96287335 -5.31872003 -5.6402909  -5.92905503
 -6.18648149 -6.41403936 -6.6131977  -6.78542559 -6.93219209 -7.05496628
 -7.15521723 -7.23441401 -7.29402568 -7.33552132 -7.36037    -7.3700408
 -7.36600277 -7.349725   -7.32267655 -7.28632649 -7.2421439  -7.19159784
 -7.13615739 -7.07729161 -7.01646958 -6.95516037 -6.89483304 -6.83695668
 -6.78300035 -6.73443311 -6.6927044  -6.65810707 -6.629154   -6.60420647
 -6.58162572 -6.559773   -6.53700958 -6.51169671 -6.48219564 -6.44686764
 -6.40407395 -6.35217583 -6.28953454 -6.21451133 -6.12546745 -6.02076418
 -5.89876275 -5.75782442 -5.59631046 -5.41258211 -5.20500063 -4.97192728
 -4.71172331 -4.42274998 -4.10336854 -3.75222968 -3.37101424 -2.96321004
 -2.53232905 -2.08188323 -1.61538454 -1.13634492 -0.64827635 -0.15469078
  0.34089984  0.83498354  1.32404837  1.80458237  2.27307358  2.72601005
  3.15987981  3.57117091  3.95637139  4.3119693   4.63445267  4.92030954
  5.16602797  5.36809598  5.52300163  5.62723295  5.67727799  5.66962479
  5.60076139  5.46717584  5.26535617  4.99179043  4.64296666  4.2153729
  3.70549719  3.10982758  2.42485211  1.64705882]
a_x_fitting=[ 26.70111972  36.40191754  46.10271535  55.80351317  65.50431098
  75.2051088   84.90590661  94.60670443 104.30750224 114.00830005
 123.70909787 133.40989568 143.1106935  152.81149131 162.51228913
 172.21308694 181.91388476 191.61468257 201.31548039 211.0162782
 220.71707601 230.41787383 240.11867164 249.81946946 259.52026727
 269.22106509 278.9218629  288.62266072 298.32345853 308.02425634
 317.72505416 327.42585197 337.12664979 346.8274476  356.52824542
 366.22904323 375.92984105 385.63063886 395.33143668 405.03223449
 414.7330323  424.43383012 434.13462793 443.83542575 453.53622356
 463.23702138 472.93781919 482.63861701 492.33941482 502.04021263
 511.74101045 521.44180826 531.14260608 540.84340389 550.54420171
 560.24499952 569.94579734 579.64659515 589.34739296 599.04819078
 608.74898859 618.44978641 628.15058422 637.85138204 647.55217985
 657.25297767 666.95377548 676.6545733  686.35537111 696.05616892
 705.75696674 715.45776455 725.15856237 734.85936018 744.560158
 754.26095581 763.96175363 773.66255144 783.36334925 793.06414707
 802.76494488 812.4657427  822.16654051 831.86733833 841.56813614
 851.26893396 860.96973177 870.67052959 880.3713274  890.07212521
 899.77292303 909.47372084 919.17451866 928.87531647 938.57611429
 948.2769121  957.97770992 967.67850773 977.37930554 987.08010336]
a_y_fitting=[-5.90643275 -5.49066289 -5.11418379 -4.77498699 -4.47106405 -4.20040653
 -3.96100598 -3.75085396 -3.56794201 -3.41026169 -3.27580456 -3.16256216
 -3.06852606 -2.99168781 -2.93003896 -2.88157106 -2.84427567 -2.81614434
 -2.79516864 -2.7793401  -2.76665028 -2.75509075 -2.74265305 -2.72732873
 -2.70710936 -2.67998648 -2.64395164 -2.59699641 -2.53711234 -2.46251272
 -2.37390106 -2.27354691 -2.16374414 -2.04678662 -1.92496822 -1.80058281
 -1.67592427 -1.55328646 -1.43496327 -1.32324855 -1.22043618 -1.12882004
 -1.05069399 -0.98835191 -0.94408767 -0.92019514 -0.9189682  -0.9427007
 -0.99368654 -1.07421957 -1.18659367 -1.33310271 -1.51604056 -1.7377011
 -2.00037819 -2.30526907 -2.64639929 -3.01491202 -3.40194262 -3.79862646
 -4.19609887 -4.58549523 -4.95795089 -5.3046012  -5.61658153 -5.88583255
 -6.11014517 -6.289893   -6.42546106 -6.51723434 -6.56559787 -6.57093664
 -6.53363565 -6.45407991 -6.33265443 -6.16984195 -5.96831296 -5.73289267
 -5.46849741 -5.18004353 -4.87244738 -4.55062529 -4.21949361 -3.88396869
 -3.54896686 -3.21940448 -2.90019787 -2.5962634  -2.31251739 -2.0538762
 -1.82525617 -1.63157363 -1.47774494 -1.36868644 -1.30931446 -1.30454536
 -1.35929548 -1.47848115 -1.66701873 -1.92982456]
d_x_fitting=[  7.75193798  17.74854488  27.74515178  37.74175867  47.73836557
  57.73497246  67.73157936  77.72818626  87.72479315  97.72140005
 107.71800694 117.71461384 127.71122073 137.70782763 147.70443453
 157.70104142 167.69764832 177.69425521 187.69086211 197.68746901
 207.6840759  217.6806828  227.67728969 237.67389659 247.67050348
 257.66711038 267.66371728 277.66032417 287.65693107 297.65353796
 307.65014486 317.64675176 327.64335865 337.63996555 347.63657244
 357.63317934 367.62978623 377.62639313 387.62300003 397.61960692
 407.61621382 417.61282071 427.60942761 437.60603451 447.6026414
 457.5992483  467.59585519 477.59246209 487.58906898 497.58567588
 507.58228278 517.57888967 527.57549657 537.57210346 547.56871036
 557.56531726 567.56192415 577.55853105 587.55513794 597.55174484
 607.54835173 617.54495863 627.54156553 637.53817242 647.53477932
 657.53138621 667.52799311 677.52460001 687.5212069  697.5178138
 707.51442069 717.51102759 727.50763448 737.50424138 747.50084828
 757.49745517 767.49406207 777.49066896 787.48727586 797.48388276
 807.48048965 817.47709655 827.47370344 837.47031034 847.46691723
 857.46352413 867.46013103 877.45673792 887.45334482 897.44995171
 907.44655861 917.44316551 927.4397724  937.4363793  947.43298619
 957.42959309 967.42619998 977.42280688 987.41941378 997.41602067]
d_y_fitting=[2.16374269 2.20036527 2.23570336 2.26977283 2.30258955 2.33416937
 2.36452818 2.39368182 2.42164617 2.44843709 2.47407045 2.49856212
 2.52192794 2.5441838  2.56534556 2.58542908 2.60445023 2.62242488
 2.63936888 2.6552981  2.67022842 2.68417568 2.69715577 2.70918454
 2.72027786 2.7304516  2.73972161 2.74810378 2.75561395 2.762268
 2.76808178 2.77307118 2.77725205 2.78064025 2.78325165 2.78510212
 2.78620753 2.78658373 2.78624659 2.78521198 2.78349577 2.78111381
 2.77808198 2.77441613 2.77013214 2.76524587 2.75977318 2.75372994
 2.74713202 2.73999528 2.73233558 2.72416879 2.71551078 2.70637741
 2.69678454 2.68674805 2.67628379 2.66540763 2.65413544 2.64248308
 2.63046642 2.61810132 2.60540365 2.59238928 2.57907406 2.56547386
 2.55160455 2.537482   2.52312206 2.50854061 2.49375351 2.47877662
 2.46362582 2.44831695 2.4328659  2.41728852 2.40160069 2.38581826
 2.3699571  2.35403307 2.33806205 2.3220599  2.30604247 2.29002564
 2.27402528 2.25805724 2.2421374  2.22628161 2.21050575 2.19482567
 2.17925725 2.16381635 2.14851883 2.13338056 2.11841741 2.10364523
 2.0890799  2.07473728 2.06063323 2.04678363]