
p_x=[16.36520241171404, 131.78294573643413, 280.79242032730406, 417.7433247200689, 571.0594315245479, 705.4263565891473, 871.6623600344531, 993.1093884582257]
p_y=[-1.647058823529413, -3.4117647058823515, 3.647058823529412, -3.4117647058823515, 2.7058823529411766, 2.5882352941176467, 2.3529411764705888, -2.117647058823529]
a_x=[14.642549526270457, 149.00947459086993, 258.39793281653743, 372.09302325581393, 532.2997416020671, 687.3385012919897, 845.8225667527993, 990.5254091300602]
a_y=[-6.959064327485379, -4.853801169590643, -4.269005847953215, -7.777777777777779, -3.2163742690058488, -2.280701754385966, -4.385964912280702, -1.9298245614035086]
d_x=[7.751937984496124, 317.82945736434107, 675.2799310938847, 990.5254091300602]
d_y=[1.6959064327485383, 4.736842105263158, 1.6959064327485383, 2.6315789473684212]
p_x_fitting=[ 16.36520241  26.2313053   36.09740819  45.96351108  55.82961397
  65.69571686  75.56181975  85.42792264  95.29402553 105.16012842
 115.02623131 124.89233419 134.75843708 144.62453997 154.49064286
 164.35674575 174.22284864 184.08895153 193.95505442 203.82115731
 213.6872602  223.55336309 233.41946598 243.28556887 253.15167176
 263.01777465 272.88387754 282.74998042 292.61608331 302.4821862
 312.34828909 322.21439198 332.08049487 341.94659776 351.81270065
 361.67880354 371.54490643 381.41100932 391.27711221 401.1432151
 411.00931799 420.87542088 430.74152376 440.60762665 450.47372954
 460.33983243 470.20593532 480.07203821 489.9381411  499.80424399
 509.67034688 519.53644977 529.40255266 539.26865555 549.13475844
 559.00086133 568.86696422 578.73306711 588.59916999 598.46527288
 608.33137577 618.19747866 628.06358155 637.92968444 647.79578733
 657.66189022 667.52799311 677.394096   687.26019889 697.12630178
 706.99240467 716.85850756 726.72461045 736.59071333 746.45681622
 756.32291911 766.189022   776.05512489 785.92122778 795.78733067
 805.65343356 815.51953645 825.38563934 835.25174223 845.11784512
 854.98394801 864.8500509  874.71615379 884.58225668 894.44835956
 904.31446245 914.18056534 924.04666823 933.91277112 943.77887401
 953.6449769  963.51107979 973.37718268 983.24328557 993.10938846]
p_y_fitting=[-1.64705882 -2.70230223 -3.54226489 -4.18124094 -4.63352454 -4.91340983
 -5.03519096 -5.01316206 -4.8616173  -4.59485081 -4.22715675 -3.77282924
 -3.24616246 -2.66145053 -2.03298761 -1.37506784 -0.70198537 -0.02803435
  0.63249108  1.26529678  1.85608859  2.39057238  2.85445398  3.23343927
  3.51323408  3.67954428  3.71807572  3.61458147  3.36502947  2.98828007
  2.50630693  1.94108371  1.31458407  0.64878168 -0.03434981 -0.71283673
 -1.36470544 -1.96798225 -2.50069352 -2.94086559 -3.26652479 -3.45589685
 -3.50066065 -3.41425267 -3.21209092 -2.90959342 -2.52217821 -2.0652633
 -1.55426671 -1.00460647 -0.43170061  0.14903287  0.72217592  1.27231054
  1.7840187   2.24188236  2.63048353  2.93627705  3.16059178  3.31184953
  3.3985158   3.4290561   3.41193591  3.35562075  3.26857612  3.15926751
  3.03616042  2.90772036  2.78241283  2.66870333  2.57504949  2.50688071
  2.46203343  2.43717312  2.42896526  2.43407535  2.44916886  2.47091127
  2.49596807  2.52100474  2.54268675  2.5576796   2.56264876  2.55425973
  2.52917797  2.48406897  2.41559821  2.32043118  2.19523336  2.03667023
  1.84140727  1.60610996  1.32744379  1.00207424  0.62666679  0.19788693
 -0.28759987 -0.83312813 -1.44203235 -2.11764706]
a_x_fitting=[ 14.64254953  24.49995215  34.35735477  44.21475739  54.07216002
  63.92956264  73.78696526  83.64436788  93.5017705  103.35917313
 113.21657575 123.07397837 132.93138099 142.78878362 152.64618624
 162.50358886 172.36099148 182.2183941  192.07579673 201.93319935
 211.79060197 221.64800459 231.50540722 241.36280984 251.22021246
 261.07761508 270.93501771 280.79242033 290.64982295 300.50722557
 310.36462819 320.22203082 330.07943344 339.93683606 349.79423868
 359.65164131 369.50904393 379.36644655 389.22384917 399.08125179
 408.93865442 418.79605704 428.65345966 438.51086228 448.36826491
 458.22566753 468.08307015 477.94047277 487.79787539 497.65527802
 507.51268064 517.37008326 527.22748588 537.08488851 546.94229113
 556.79969375 566.65709637 576.514499   586.37190162 596.22930424
 606.08670686 615.94410948 625.80151211 635.65891473 645.51631735
 655.37371997 665.2311226  675.08852522 684.94592784 694.80333046
 704.66073308 714.51813571 724.37553833 734.23294095 744.09034357
 753.9477462  763.80514882 773.66255144 783.51995406 793.37735668
 803.23475931 813.09216193 822.94956455 832.80696717 842.6643698
 852.52177242 862.37917504 872.23657766 882.09398029 891.95138291
 901.80878553 911.66618815 921.52359077 931.3809934  941.23839602
 951.09579864 960.95320126 970.81060389 980.66800651 990.52540913]
a_y_fitting=[-6.95906433 -6.99802704 -6.98732023 -6.93185622 -6.83654737 -6.70630601
 -6.54604447 -6.36067511 -6.15511025 -5.93426225 -5.70304343 -5.46636615
 -5.22914273 -4.99628553 -4.77270687 -4.5633191  -4.37303457 -4.2067656
 -4.06942454 -3.96592373 -3.90117551 -3.88009222 -3.9075862  -3.98856979
 -4.12795533 -4.33059353 -4.59527051 -4.90967716 -5.26032003 -5.63370568
 -6.01634065 -6.39473151 -6.7553848  -7.08480709 -7.36950491 -7.59598484
 -7.75075342 -7.82175121 -7.80991851 -7.72311541 -7.56926627 -7.3562955
 -7.09212747 -6.78468658 -6.44189719 -6.0716837  -5.68197049 -5.28068195
 -4.87574246 -4.4750764  -4.08660817 -3.71826213 -3.37796269 -3.0734506
 -2.80793997 -2.57994295 -2.38775301 -2.22966361 -2.10396822 -2.00896029
 -1.94293329 -1.90418067 -1.89099591 -1.90167247 -1.93450381 -1.98778338
 -2.05980466 -2.14886111 -2.25324618 -2.37122572 -2.50083077 -2.63997392
 -2.78656683 -2.93852118 -3.09374863 -3.25016086 -3.40566953 -3.5581863
 -3.70562286 -3.84589086 -3.97690198 -4.09656788 -4.20280023 -4.29351071
 -4.36661098 -4.4200127  -4.45162756 -4.45936721 -4.44114333 -4.39486758
 -4.31845163 -4.20980715 -4.06684582 -3.88747929 -3.66961924 -3.41117734
 -3.11006525 -2.76419465 -2.37147719 -1.92982456]
d_x_fitting=[  7.75193798  17.67894274  27.6059475   37.53295226  47.45995702
  57.38696178  67.31396654  77.2409713   87.16797606  97.09498082
 107.02198557 116.94899033 126.87599509 136.80299985 146.73000461
 156.65700937 166.58401413 176.51101889 186.43802365 196.36502841
 206.29203317 216.21903792 226.14604268 236.07304744 246.0000522
 255.92705696 265.85406172 275.78106648 285.70807124 295.635076
 305.56208076 315.48908551 325.41609027 335.34309503 345.27009979
 355.19710455 365.12410931 375.05111407 384.97811883 394.90512359
 404.83212835 414.75913311 424.68613786 434.61314262 444.54014738
 454.46715214 464.3941569  474.32116166 484.24816642 494.17517118
 504.10217594 514.0291807  523.95618545 533.88319021 543.81019497
 553.73719973 563.66420449 573.59120925 583.51821401 593.44521877
 603.37222353 613.29922829 623.22623305 633.1532378  643.08024256
 653.00724732 662.93425208 672.86125684 682.7882616  692.71526636
 702.64227112 712.56927588 722.49628064 732.42328539 742.35029015
 752.27729491 762.20429967 772.13130443 782.05830919 791.98531395
 801.91231871 811.83932347 821.76632823 831.69333299 841.62033774
 851.5473425  861.47434726 871.40135202 881.32835678 891.25536154
 901.1823663  911.10937106 921.03637582 930.96338058 940.89038533
 950.81739009 960.74439485 970.67139961 980.59840437 990.52540913]
d_y_fitting=[1.69590643 1.96371958 2.21766769 2.45801649 2.68503173 2.89897915
 3.1001245  3.28873352 3.46507194 3.62940553 3.782      3.92312112
 4.05303462 4.17200625 4.28030175 4.37818685 4.46592731 4.54378887
 4.61203727 4.67093825 4.72075756 4.76176094 4.79421413 4.81838287
 4.83453292 4.84293    4.84383986 4.83752826 4.82426092 4.80430359
 4.77792202 4.74538195 4.70694912 4.66288927 4.61346815 4.5589515
 4.49960506 4.43569458 4.3674858  4.29524446 4.2192363  4.13972707
 4.05698251 3.97126836 3.88285037 3.79199428 3.69896583 3.60403077
 3.50745483 3.40950376 3.31044331 3.21053921 3.11005722 3.00926306
 2.90842249 2.80780125 2.70766508 2.60827973 2.50991093 2.41282443
 2.31728597 2.2235613  2.13191616 2.04261628 1.95592743 1.87211533
 1.79144573 1.71418437 1.640597   1.57094936 1.50550719 1.44453624
 1.38830224 1.33707094 1.29110809 1.25067942 1.21605069 1.18748762
 1.16525597 1.14962148 1.14084989 1.13920695 1.14495839 1.15836996
 1.1797074  1.20923646 1.24722287 1.29393239 1.34963076 1.41458371
 1.48905699 1.57331634 1.66762751 1.77225624 1.88746827 2.01352934
 2.1507052  2.2992616  2.45946426 2.63157895]