
p_x=[24.978466838931958, 109.38845822566753, 200.6890611541774, 281.65374677002586, 341.94659776055124, 399.6554694229113, 473.7295434969854, 541.7743324720069, 647.7174849267873, 688.1998277347114, 770.8871662360034, 880.275624461671, 981.0508182601206]
p_y=[2.11764705882353, 4.823529411764706, 5.294117647058823, 6.705882352941177, 6.705882352941177, 4.9411764705882355, 3.4117647058823533, 5.882352941176471, 6.0, 2.0, 5.411764705882353, 6.9411764705882355, 6.117647058823529]
a_x=[26.701119724375538, 100.7751937984496, 189.49181739879415, 261.84323858742465, 329.88802756244615, 380.70628768303186, 459.9483204134367, 545.2196382428941, 657.192075796727, 730.4048234280792, 825.1507321274763, 929.3712316968131, 994.8320413436692]
a_y=[-5.789473684210527, -5.906432748538011, -5.087719298245615, -0.8771929824561404, -0.6432748538011701, -6.725146198830409, -6.374269005847953, -0.4093567251461998, -0.9941520467836256, -6.374269005847953, -2.397660818713449, -1.4619883040935662, -1.8128654970760234]
d_x=[22.39448751076658, 125.75366063738159, 232.5581395348837, 299.74160206718346, 392.76485788113695, 463.39362618432386, 553.8329026701119, 657.192075796727, 741.6020671834625, 846.683893195521, 988.8027562446167]
d_y=[1.1111111111111107, 3.2163742690058488, 5.43859649122807, 5.087719298245615, 1.578947368421053, 0.8771929824561404, 4.970760233918129, 4.970760233918129, 6.023391812865498, 5.321637426900585, 6.023391812865498]
p_x_fitting=[ 24.97846684  34.63576332  44.2930598   53.95035628  63.60765275
  73.26494923  82.92224571  92.57954219 102.23683867 111.89413515
 121.55143163 131.20872811 140.86602459 150.52332107 160.18061754
 169.83791402 179.4952105  189.15250698 198.80980346 208.46709994
 218.12439642 227.7816929  237.43898938 247.09628586 256.75358233
 266.41087881 276.06817529 285.72547177 295.38276825 305.04006473
 314.69736121 324.35465769 334.01195417 343.66925065 353.32654712
 362.9838436  372.64114008 382.29843656 391.95573304 401.61302952
 411.270326   420.92762248 430.58491896 440.24221544 449.89951192
 459.55680839 469.21410487 478.87140135 488.52869783 498.18599431
 507.84329079 517.50058727 527.15788375 536.81518023 546.47247671
 556.12977318 565.78706966 575.44436614 585.10166262 594.7589591
 604.41625558 614.07355206 623.73084854 633.38814502 643.0454415
 652.70273797 662.36003445 672.01733093 681.67462741 691.33192389
 700.98922037 710.64651685 720.30381333 729.96110981 739.61840629
 749.27570276 758.93299924 768.59029572 778.2475922  787.90488868
 797.56218516 807.21948164 816.87677812 826.5340746  836.19137108
 845.84866755 855.50596403 865.16326051 874.82055699 884.47785347
 894.13514995 903.79244643 913.44974291 923.10703939 932.76433587
 942.42163234 952.07892882 961.7362253  971.39352178 981.05081826]
p_y_fitting=[2.11764706 2.69107498 3.1807997  3.59373304 3.93678681 4.21687281
 4.44090286 4.61578877 4.74844234 4.8457754  4.91469974 4.96212718
 4.99496953 5.0201386  5.0445462  5.07510414 5.11872424 5.18231829
 5.27279812 5.39579092 5.5475929  5.72038106 5.90631426 6.09755139
 6.28625132 6.46457292 6.62467507 6.75874444 6.85992184 6.92251913
 6.9409199  6.90950777 6.82266632 6.67479549 6.46493923 6.20315347
 5.90109045 5.57040242 5.22274165 4.86976377 4.52381836 4.19879159
 3.90877573 3.66786308 3.49014591 3.38971649 3.38066713 3.47632105
 3.6747421  3.95997297 4.31553556 4.72495176 5.17174345 5.63943253
 6.11143628 6.56860649 6.98913732 7.35109995 7.63256556 7.8116053
 7.86629034 7.77469187 7.51488103 7.06492901 6.40290698 5.5109085
 4.45686123 3.39097127 2.46675562 1.83651332 1.57449129 1.63100547
 1.94535862 2.45685352 3.10479294 3.82847964 4.56721641 5.260306
 5.85220646 6.33047046 6.70410915 6.98229037 7.17418194 7.2889517
 7.33576746 7.32379706 7.26220832 7.16016907 7.02684713 6.87141033
 6.70302651 6.53086347 6.36408906 6.2118711  6.08337742 5.98777583
 5.93423418 5.93192028 5.99000196 6.11764706]
a_x_fitting=[ 26.70111972  36.48021994  46.25932016  56.03842038  65.8175206
  75.59662082  85.37572103  95.15482125 104.93392147 114.71302169
 124.49212191 134.27122213 144.05032234 153.82942256 163.60852278
 173.387623   183.16672322 192.94582344 202.72492366 212.50402387
 222.28312409 232.06222431 241.84132453 251.62042475 261.39952497
 271.17862518 280.9577254  290.73682562 300.51592584 310.29502606
 320.07412628 329.85322649 339.63232671 349.41142693 359.19052715
 368.96962737 378.74872759 388.5278278  398.30692802 408.08602824
 417.86512846 427.64422868 437.4233289  447.20242911 456.98152933
 466.76062955 476.53972977 486.31882999 496.09793021 505.87703042
 515.65613064 525.43523086 535.21433108 544.9934313  554.77253152
 564.55163174 574.33073195 584.10983217 593.88893239 603.66803261
 613.44713283 623.22623305 633.00533326 642.78443348 652.5635337
 662.34263392 672.12173414 681.90083436 691.67993457 701.45903479
 711.23813501 721.01723523 730.79633545 740.57543567 750.35453588
 760.1336361  769.91273632 779.69183654 789.47093676 799.25003698
 809.02913719 818.80823741 828.58733763 838.36643785 848.14553807
 857.92463829 867.7037385  877.48283872 887.26193894 897.04103916
 906.82013938 916.5992396  926.37833982 936.15744003 945.93654025
 955.71564047 965.49474069 975.27384091 985.05294113 994.83204134]
a_y_fitting=[-5.78947368 -5.67876798 -5.62463108 -5.6172711  -5.64689615 -5.70371433
 -5.77793376 -5.85976255 -5.93940881 -6.00708066 -6.05298619 -6.06733352
 -6.04033077 -5.96218604 -5.82310744 -5.61330308 -5.32298109 -4.94256854
 -4.47393171 -3.93575345 -3.34806141 -2.73088324 -2.10424659 -1.48817911
 -0.90270845 -0.37121626  0.06754101  0.37040403  0.49421314  0.39580864
  0.03203086 -0.64027987 -1.63569499 -2.85320545 -4.16259699 -5.43365534
 -6.53616622 -7.35382755 -7.87321584 -8.1270411  -8.14823142 -7.96971492
 -7.6244197  -7.14527386 -6.56520551 -5.91621003 -5.22053894 -4.49464276
 -3.75489497 -3.01766905 -2.29933848 -1.61627674 -0.98485731 -0.42145367
  0.05948066  0.45172407  0.75126072  0.95407479  1.05615046  1.05347189
  0.94202329  0.71778882  0.37675266 -0.085101   -0.67178799 -1.38596811
 -2.2026996  -3.07129595 -3.94008655 -4.7574008  -5.47156809 -6.03091782
 -6.38378033 -6.49521054 -6.38960294 -6.10450657 -5.67747041 -5.1460435
 -4.54777483 -3.92021344 -3.30090831 -2.72740848 -2.23692042 -1.84854097
 -1.55461797 -1.345346   -1.21091964 -1.1415335  -1.12738215 -1.15866017
 -1.22556217 -1.31828271 -1.4270164  -1.54195782 -1.65330155 -1.75124219
 -1.82597431 -1.86769252 -1.86659138 -1.8128655 ]
d_x_fitting=[ 22.39448751  32.15618719  41.91788688  51.67958656  61.44128625
  71.20298593  80.96468562  90.7263853  100.48808498 110.24978467
 120.01148435 129.77318404 139.53488372 149.29658341 159.05828309
 168.81998277 178.58168246 188.34338214 198.10508183 207.86678151
 217.62848119 227.39018088 237.15188056 246.91358025 256.67527993
 266.43697962 276.1986793  285.96037898 295.72207867 305.48377835
 315.24547804 325.00717772 334.7688774  344.53057709 354.29227677
 364.05397646 373.81567614 383.57737583 393.33907551 403.10077519
 412.86247488 422.62417456 432.38587425 442.14757393 451.90927361
 461.6709733  471.43267298 481.19437267 490.95607235 500.71777204
 510.47947172 520.2411714  530.00287109 539.76457077 549.52627046
 559.28797014 569.04966982 578.81136951 588.57306919 598.33476888
 608.09646856 617.85816825 627.61986793 637.38156761 647.1432673
 656.90496698 666.66666667 676.42836635 686.19006604 695.95176572
 705.7134654  715.47516509 725.23686477 734.99856446 744.76026414
 754.52196382 764.28366351 774.04536319 783.80706288 793.56876256
 803.33046225 813.09216193 822.85386161 832.6155613  842.37726098
 852.13896067 861.90066035 871.66236003 881.42405972 891.1857594
 900.94745909 910.70915877 920.47085846 930.23255814 939.99425782
 949.75595751 959.51765719 969.27935688 979.04105656 988.80275624]
d_y_fitting=[1.11111111 1.21357733 1.3443867  1.50065992 1.67951774 1.87808087
 2.09347003 2.32280594 2.56320934 2.81180094 3.06570146 3.32203163
 3.57791217 3.8304638  4.07680725 4.31406324 4.53935249 4.74979573
 4.94251368 5.11462705 5.26325658 5.38552299 5.47851483 5.5384678
 5.56069669 5.54047048 5.47305819 5.35372879 5.17775129 4.94092519
 4.64737006 4.30781142 3.93315675 3.53431353 3.12218927 2.70769145
 2.30172754 1.91520505 1.55903146 1.24412976 0.98147495 0.78205292
 0.65684956 0.61685076 0.67304242 0.83641041 1.1146006  1.4923569
 1.94481697 2.44708559 2.97426755 3.50146763 4.00379062 4.45634131
 4.83422448 5.11373495 5.29223754 5.38516689 5.40854322 5.37838674
 5.31071765 5.22155617 5.12692251 5.04283688 4.98531949 4.97039054
 5.00982971 5.09688899 5.21976161 5.36664069 5.52571936 5.68519074
 5.83324795 5.95808411 6.04798336 6.09709746 6.10891464 6.08775517
 6.03793932 5.96378738 5.86961961 5.7597563  5.63851771 5.51022412
 5.37919581 5.24975306 5.12621613 5.01290531 4.91414087 4.83424308
 4.77753222 4.74832857 4.7509524  4.78972399 4.8689636  4.99299153
 5.16612804 5.3926934  5.6770079  6.02339181]