
p_x=[22.39448751076658, 91.3006029285099, 147.28682170542638, 239.44875107665806, 342.80792420327305, 387.59689922480624, 469.4229112833764, 594.3152454780361, 667.5279931093885, 739.8794142980189, 825.1507321274763, 912.1447028423772, 990.5254091300602]
p_y=[2.11764705882353, 4.352941176470589, 4.352941176470589, 6.352941176470589, 6.235294117647059, 2.5882352941176467, 2.3529411764705888, 5.411764705882353, 4.470588235294118, 3.4117647058823533, 6.117647058823529, 5.882352941176471, 6.235294117647059]
a_x=[18.949181739879414, 72.35142118863048, 123.1696813092162, 209.30232558139537, 280.79242032730406, 336.77863910422053, 367.786391042205, 426.3565891472868, 484.9267872523686, 584.8406546080964, 663.2213608957795, 765.7192075796727, 810.5081826012058, 925.925925925926, 994.8320413436692]
a_y=[-5.789473684210527, -1.9298245614035086, -5.906432748538011, -0.9941520467836256, -1.1111111111111107, -0.8771929824561404, -6.959064327485379, -5.087719298245615, -4.619883040935672, -2.6315789473684212, -0.058479532163742576, -3.9181286549707615, -0.2923976608187129, -0.1754385964912295, 0.058479532163742576]
d_x=[19.810508182601207, 108.52713178294573, 249.78466838931956, 337.63996554694234, 503.8759689922481, 610.6804478897502, 727.8208440999139, 814.8148148148148, 912.1447028423772, 988.8027562446167]
d_y=[1.8128654970760234, 3.333333333333334, 4.970760233918129, 5.087719298245615, 3.5672514619883042, 7.309941520467836, 2.9824561403508776, 5.906432748538012, 5.906432748538012, 5.672514619883041]
p_x_fitting=[ 22.39448751  32.17358773  41.95268795  51.73178817  61.51088838
  71.2899886   81.06908882  90.84818904 100.62728926 110.40638948
 120.18548969 129.96458991 139.74369013 149.52279035 159.30189057
 169.08099079 178.860091   188.63919122 198.41829144 208.19739166
 217.97649188 227.7555921  237.53469232 247.31379253 257.09289275
 266.87199297 276.65109319 286.43019341 296.20929363 305.98839384
 315.76749406 325.54659428 335.3256945  345.10479472 354.88389494
 364.66299515 374.44209537 384.22119559 394.00029581 403.77939603
 413.55849625 423.33759646 433.11669668 442.8957969  452.67489712
 462.45399734 472.23309756 482.01219777 491.79129799 501.57039821
 511.34949843 521.12859865 530.90769887 540.68679908 550.4658993
 560.24499952 570.02409974 579.80319996 589.58230018 599.36140039
 609.14050061 618.91960083 628.69870105 638.47780127 648.25690149
 658.03600171 667.81510192 677.59420214 687.37330236 697.15240258
 706.9315028  716.71060302 726.48970323 736.26880345 746.04790367
 755.82700389 765.60610411 775.38520433 785.16430454 794.94340476
 804.72250498 814.5016052  824.28070542 834.05980564 843.83890585
 853.61800607 863.39710629 873.17620651 882.95530673 892.73440695
 902.51350716 912.29260738 922.0717076  931.85080782 941.62990804
 951.40900826 961.18810847 970.96720869 980.74630891 990.52540913]
p_y_fitting=[2.11764706 2.77410227 3.29154159 3.68590139 3.97311808 4.16912802
 4.28986762 4.35127326 4.36928133 4.35982821 4.3388503  4.32228398
 4.32606564 4.36609067 4.45205785 4.58090119 4.7479808  4.94865682
 5.17828936 5.43223853 5.70586446 5.99452727 6.29358708 6.59722058
 6.89097717 7.15658551 7.37575721 7.53020386 7.60163709 7.5717685
 7.4223097  7.13497228 6.69146787 6.07373396 5.2956348  4.435679
 3.58018428 2.81546838 2.22272953 1.82101499 1.58798588 1.50055332
 1.53562839 1.67012218 1.88094581 2.14501035 2.43929689 2.7467995
 3.06105878 3.37668274 3.68827945 3.99045693 4.27782323 4.54498638
 4.78655443 4.99713541 5.17133736 5.30376833 5.38903635 5.42198805
 5.40256624 5.33560131 5.22612055 5.07915123 4.89972064 4.69285605
 4.4635848  4.21920843 3.97535911 3.74957595 3.5593981  3.42236469
 3.35601484 3.3778877  3.50382784 3.72717581 4.02530012 4.37522942
 4.7539924  5.13861773 5.50613407 5.8335701  6.09795449 6.28062311
 6.38543861 6.42360358 6.40632459 6.34480823 6.25026109 6.13388975
 6.00690079 5.88050081 5.76589638 5.67429409 5.61690053 5.60492229
 5.64956593 5.76203807 5.95354527 6.23529412]
a_x_fitting=[ 18.94918174  28.80658436  38.66398698  48.52138961  58.37879223
  68.23619485  78.09359747  87.9510001   97.80840272 107.66580534
 117.52320796 127.38061058 137.23801321 147.09541583 156.95281845
 166.81022107 176.6676237  186.52502632 196.38242894 206.23983156
 216.09723419 225.95463681 235.81203943 245.66944205 255.52684467
 265.3842473  275.24164992 285.09905254 294.95645516 304.81385779
 314.67126041 324.52866303 334.38606565 344.24346827 354.1008709
 363.95827352 373.81567614 383.67307876 393.53048139 403.38788401
 413.24528663 423.10268925 432.96009187 442.8174945  452.67489712
 462.53229974 472.38970236 482.24710499 492.10450761 501.96191023
 511.81931285 521.67671548 531.5341181  541.39152072 551.24892334
 561.10632596 570.96372859 580.82113121 590.67853383 600.53593645
 610.39333908 620.2507417  630.10814432 639.96554694 649.82294956
 659.68035219 669.53775481 679.39515743 689.25256005 699.10996268
 708.9673653  718.82476792 728.68217054 738.53957316 748.39697579
 758.25437841 768.11178103 777.96918365 787.82658628 797.6839889
 807.54139152 817.39879414 827.25619677 837.11359939 846.97100201
 856.82840463 866.68580725 876.54320988 886.4006125  896.25801512
 906.11541774 915.97282037 925.83022299 935.68762561 945.54502823
 955.40243085 965.25983348 975.1172361  984.97463872 994.83204134]
a_y_fitting=[-5.78947368e+00 -3.50076038e+00 -2.08026770e+00 -1.39230855e+00
 -1.30119584e+00 -1.67124248e+00 -2.36676139e+00 -3.25206546e+00
 -4.19146761e+00 -5.04928075e+00 -5.68981778e+00 -5.98023400e+00
 -5.88230802e+00 -5.47226961e+00 -4.83320153e+00 -4.04818655e+00
 -3.20030744e+00 -2.37264696e+00 -1.64828790e+00 -1.11031300e+00
 -8.32753203e-01 -7.92614502e-01 -9.07993067e-01 -1.09615634e+00
 -1.27437177e+00 -1.35990678e+00 -1.27002884e+00 -9.26226008e-01
 -3.83253926e-01  1.46985913e-01  4.43555006e-01  2.85514854e-01
 -5.48073045e-01 -2.21694866e+00 -4.36094288e+00 -6.35749655e+00
 -7.61448563e+00 -8.00361960e+00 -7.74287724e+00 -7.05854298e+00
 -6.17690126e+00 -5.32423653e+00 -4.71214996e+00 -4.38353888e+00
 -4.27339667e+00 -4.31495991e+00 -4.44146518e+00 -4.58614910e+00
 -4.68664264e+00 -4.72174484e+00 -4.69275699e+00 -4.60120904e+00
 -4.44863094e+00 -4.23655265e+00 -3.96650411e+00 -3.64001527e+00
 -3.25861609e+00 -2.82383653e+00 -2.33834298e+00 -1.82234098e+00
 -1.30981625e+00 -8.35125499e-01 -4.32625410e-01 -1.36672674e-01
  1.83760180e-02 -1.83602467e-03 -2.27775200e-01 -6.40154425e-01
 -1.18529747e+00 -1.80884267e+00 -2.45642839e+00 -3.07369297e+00
 -3.60627476e+00 -3.99981210e+00 -4.19994334e+00 -4.15230683e+00
 -3.80295859e+00 -3.15234147e+00 -2.30866243e+00 -1.39281334e+00
 -5.25686067e-01  1.79880887e-01  6.94471958e-01  1.03801569e+00
  1.23108340e+00  1.29424643e+00  1.24807610e+00  1.11314373e+00
  9.10020654e-01  6.59278198e-01  3.81487687e-01  9.72204478e-02
 -1.72952192e-01 -4.08458907e-01 -5.88728370e-01 -6.93189253e-01
 -7.01270232e-01 -5.92399978e-01 -3.46007166e-01  5.84795322e-02]
d_x_fitting=[ 19.81050818  29.59830867  39.38610915  49.17390964  58.96171012
  68.74951061  78.5373111   88.32511158  98.11291207 107.90071255
 117.68851304 127.47631352 137.26411401 147.05191449 156.83971498
 166.62751546 176.41531595 186.20311644 195.99091692 205.77871741
 215.56651789 225.35431838 235.14211886 244.92991935 254.71771983
 264.50552032 274.2933208  284.08112129 293.86892178 303.65672226
 313.44452275 323.23232323 333.02012372 342.8079242  352.59572469
 362.38352517 372.17132566 381.95912615 391.74692663 401.53472712
 411.3225276  421.11032809 430.89812857 440.68592906 450.47372954
 460.26153003 470.04933051 479.837131   489.62493149 499.41273197
 509.20053246 518.98833294 528.77613343 538.56393391 548.3517344
 558.13953488 567.92733537 577.71513585 587.50293634 597.29073683
 607.07853731 616.8663378  626.65413828 636.44193877 646.22973925
 656.01753974 665.80534022 675.59314071 685.38094119 695.16874168
 704.95654217 714.74434265 724.53214314 734.31994362 744.10774411
 753.89554459 763.68334508 773.47114556 783.25894605 793.04674654
 802.83454702 812.62234751 822.41014799 832.19794848 841.98574896
 851.77354945 861.56134993 871.34915042 881.1369509  890.92475139
 900.71255188 910.50035236 920.28815285 930.07595333 939.86375382
 949.6515543  959.43935479 969.22715527 979.01495576 988.80275624]
d_y_fitting=[1.8128655  2.00158969 2.18492894 2.36296077 2.53576267 2.70341216
 2.86598675 3.02356396 3.17622128 3.32403623 3.46708633 3.60544908
 3.73920199 3.86842258 3.99318834 4.1135768  4.22966547 4.34153185
 4.44925345 4.5529078  4.65257238 4.74832472 4.84024233 4.92840272
 5.01279415 5.09139043 5.16017181 5.21503348 5.25187061 5.26657842
 5.25505207 5.21318676 5.13687768 5.02230843 4.87149894 4.69189431
 4.49114565 4.27690407 4.0568207  3.83854665 3.62973305 3.43803099
 3.27109162 3.13656603 3.04210535 2.99536069 3.00398318 3.07562392
 3.21793404 3.43856465 3.74435662 4.12686642 4.56402448 5.03328398
 5.51209813 5.97792011 6.40820313 6.78040038 7.07196506 7.26035035
 7.32300946 7.23947061 7.01669199 6.68103732 6.25927999 5.77819339
 5.2645509  4.74512593 4.24669184 3.79602203 3.41988989 3.14506881
 2.99833217 3.00374262 3.15354364 3.41930349 3.77223922 4.18356786
 4.62450645 5.06627203 5.48008164 5.8371523  6.11168958 6.30177107
 6.41691461 6.46670989 6.46074662 6.40861453 6.31990331 6.20420268
 6.07110234 5.93019201 5.79106139 5.66330019 5.55649813 5.4802449
 5.44413023 5.45774382 5.53067538 5.67251462]