
p_x=[28.42377260981912, 111.9724375538329, 180.87855297157623, 294.57364341085275, 426.3565891472868, 566.7527993109388, 708.0103359173127, 933.677863910422, 979.328165374677]
p_y=[1.5294117647058822, 2.11764705882353, 6.470588235294118, 5.882352941176471, 8.588235294117647, 7.176470588235294, 7.529411764705882, 7.647058823529411, 6.705882352941177]
a_x=[30.146425495262704, 107.66580534022395, 208.44099913867356, 322.13608957795003, 397.9328165374677, 447.0284237726098, 493.5400516795866, 554.6942291128337, 628.7683031869078, 684.7545219638242, 798.4496124031008, 906.1154177433248, 990.5254091300602]
a_y=[-7.894736842105264, -7.076023391812864, -7.543859649122805, -7.543859649122805, -7.777777777777779, -1.6959064327485365, -1.578947368421053, -1.4619883040935662, -1.6959064327485365, -1.578947368421053, -0.9941520467836256, -2.7485380116959064, -3.099415204678362]
d_x=[7.751937984496124, 248.06201550387595, 700.2583979328165, 986.2187769164514]
d_y=[1.9298245614035086, 2.8654970760233924, 2.9824561403508776, 2.0467836257309946]
p_x_fitting=[ 28.42377261  38.02886749  47.63396236  57.23905724  66.84415212
  76.44924699  86.05434187  95.65943674 105.26453162 114.8696265
 124.47472137 134.07981625 143.68491113 153.290006   162.89510088
 172.50019576 182.10529063 191.71038551 201.31548039 210.92057526
 220.52567014 230.13076501 239.73585989 249.34095477 258.94604964
 268.55114452 278.1562394  287.76133427 297.36642915 306.97152403
 316.5766189  326.18171378 335.78680866 345.39190353 354.99699841
 364.60209328 374.20718816 383.81228304 393.41737791 403.02247279
 412.62756767 422.23266254 431.83775742 441.4428523  451.04794717
 460.65304205 470.25813692 479.8632318  489.46832668 499.07342155
 508.67851643 518.28361131 527.88870618 537.49380106 547.09889594
 556.70399081 566.30908569 575.91418057 585.51927544 595.12437032
 604.72946519 614.33456007 623.93965495 633.54474982 643.1498447
 652.75493958 662.36003445 671.96512933 681.57022421 691.17531908
 700.78041396 710.38550884 719.99060371 729.59569859 739.20079346
 748.80588834 758.41098322 768.01607809 777.62117297 787.22626785
 796.83136272 806.4364576  816.04155248 825.64664735 835.25174223
 844.8568371  854.46193198 864.06702686 873.67212173 883.27721661
 892.88231149 902.48740636 912.09250124 921.69759612 931.30269099
 940.90778587 950.51288075 960.11797562 969.7230705  979.32816537]
p_y_fitting=[1.52941176 0.82526488 0.38132824 0.1708607  0.16712114 0.34336845
 0.67286151 1.12885918 1.68462035 2.31340389 2.98846868 3.68307361
 4.37047754 5.02393935 5.61671793 6.12207214 6.51327642 6.77424491
 6.91805643 6.96274239 6.9263342  6.82686326 6.68236098 6.51085877
 6.33038804 6.15898018 6.01466662 5.91547875 5.87933461 5.91468737
 6.01354107 6.16625428 6.36318561 6.59469364 6.85113697 7.12287419
 7.40026389 7.67366465 7.93343508 8.16993377 8.3735193  8.53455026
 8.64385947 8.70027071 8.7092519  8.67647294 8.60760375 8.50831421
 8.38427423 8.24115372 8.08462257 7.92035069 7.75400798 7.59126434
 7.43778966 7.29925387 7.18132684 7.08859113 7.02063237 6.97560177
 6.95165039 6.9469293  6.95958956 6.98778226 7.02965844 7.0833692
 7.14706559 7.21889868 7.29701954 7.37957924 7.46472885 7.5506221
 7.63574267 7.71921995 7.80025816 7.87806153 7.95183428 8.02078065
 8.08410486 8.14101114 8.19070372 8.23238682 8.26526468 8.28854151
 8.30142156 8.30310905 8.2928082  8.26972324 8.2330584  8.18201791
 8.115806   8.0336269  7.93468482 7.81818401 7.68332868 7.52932307
 7.35537141 7.16067791 6.94444682 6.70588235]
a_x_fitting=[ 30.1464255   39.84722331  49.54802112  59.24881894  68.94961675
  78.65041457  88.35121238  98.0520102  107.75280801 117.45360583
 127.15440364 136.85520145 146.55599927 156.25679708 165.9575949
 175.65839271 185.35919053 195.05998834 204.76078616 214.46158397
 224.16238179 233.8631796  243.56397741 253.26477523 262.96557304
 272.66637086 282.36716867 292.06796649 301.7687643  311.46956212
 321.17035993 330.87115774 340.57195556 350.27275337 359.97355119
 369.674349   379.37514682 389.07594463 398.77674245 408.47754026
 418.17833807 427.87913589 437.5799337  447.28073152 456.98152933
 466.68232715 476.38312496 486.08392278 495.78472059 505.48551841
 515.18631622 524.88711403 534.58791185 544.28870966 553.98950748
 563.69030529 573.39110311 583.09190092 592.79269874 602.49349655
 612.19429436 621.89509218 631.59588999 641.29668781 650.99748562
 660.69828344 670.39908125 680.09987907 689.80067688 699.5014747
 709.20227251 718.90307032 728.60386814 738.30466595 748.00546377
 757.70626158 767.4070594  777.10785721 786.80865503 796.50945284
 806.21025065 815.91104847 825.61184628 835.3126441  845.01344191
 854.71423973 864.41503754 874.11583536 883.81663317 893.51743099
 903.2182288  912.91902661 922.61982443 932.32062224 942.02142006
 951.72221787 961.42301569 971.1238135  980.82461132 990.52540913]
a_y_fitting=[-7.89473684 -7.62411502 -7.41265459 -7.25482137 -7.14508119 -7.07789986
 -7.0477432  -7.04907703 -7.07636718 -7.12407945 -7.18667967 -7.25863366
 -7.33440723 -7.40846621 -7.47527642 -7.52930367 -7.56501379 -7.57687259
 -7.55934589 -7.50758057 -7.4261259  -7.32638606 -7.21992078 -7.11828978
 -7.0330528  -6.97576957 -6.95799981 -6.99130326 -7.08723965 -7.2573687
 -7.51325015 -7.85705952 -8.24028467 -8.59737707 -8.86277556 -8.97091895
 -8.85624605 -8.45319568 -7.69623351 -6.57210921 -5.22896938 -3.84600591
 -2.6024107  -1.67737474 -1.1949278  -1.07500415 -1.19034549 -1.41369351
 -1.61810502 -1.7228669  -1.74177776 -1.70018505 -1.6234362  -1.53687864
 -1.46585981 -1.43125373 -1.43166873 -1.4587991  -1.50433698 -1.55997451
 -1.61740385 -1.66831712 -1.70444612 -1.72081229 -1.71814308 -1.69773534
 -1.66088588 -1.60889155 -1.54311428 -1.46628081 -1.38241265 -1.29558244
 -1.2098628  -1.12932635 -1.05804572 -1.00009354 -0.95954243 -0.94046502
 -0.94693394 -0.98302181 -1.05206929 -1.15200742 -1.27834259 -1.42656979
 -1.59218397 -1.77068012 -1.95755319 -2.14829816 -2.33841    -2.52338369
 -2.69871418 -2.85989646 -3.00242548 -3.12179623 -3.21350367 -3.27304277
 -3.29590851 -3.27759584 -3.21359975 -3.0994152 ]
d_x_fitting=[  7.75193798  17.63544141  27.51894483  37.40244826  47.28595168
  57.1694551   67.05295853  76.93646195  86.81996537  96.7034688
 106.58697222 116.47047564 126.35397907 136.23748249 146.12098591
 156.00448934 165.88799276 175.77149618 185.65499961 195.53850303
 205.42200646 215.30550988 225.1890133  235.07251673 244.95602015
 254.83952357 264.723027   274.60653042 284.49003384 294.37353727
 304.25704069 314.14054411 324.02404754 333.90755096 343.79105439
 353.67455781 363.55806123 373.44156466 383.32506808 393.2085715
 403.09207493 412.97557835 422.85908177 432.7425852  442.62608862
 452.50959204 462.39309547 472.27659889 482.16010232 492.04360574
 501.92710916 511.81061259 521.69411601 531.57761943 541.46112286
 551.34462628 561.2281297  571.11163313 580.99513655 590.87863997
 600.7621434  610.64564682 620.52915024 630.41265367 640.29615709
 650.17966052 660.06316394 669.94666736 679.83017079 689.71367421
 699.59717763 709.48068106 719.36418448 729.2476879  739.13119133
 749.01469475 758.89819817 768.7817016  778.66520502 788.54870845
 798.43221187 808.31571529 818.19921872 828.08272214 837.96622556
 847.84972899 857.73323241 867.61673583 877.50023926 887.38374268
 897.2672461  907.15074953 917.03425295 926.91775638 936.8012598
 946.68476322 956.56826665 966.45177007 976.33527349 986.21877692]
d_y_fitting=[1.92982456 1.98100139 2.03106872 2.08002932 2.12788594 2.17464134
 2.22029828 2.26485951 2.3083278  2.35070591 2.39199658 2.43220258
 2.47132667 2.50937161 2.54634014 2.58223504 2.61705906 2.65081496
 2.68350549 2.71513342 2.74570149 2.77521248 2.80366914 2.83107422
 2.85743049 2.8827407  2.90700761 2.93023399 2.95242257 2.97357614
 2.99369743 3.01278922 3.03085426 3.0478953  3.06391511 3.07891645
 3.09290207 3.10587472 3.11783718 3.12879219 3.13874252 3.14769092
 3.15564015 3.16259297 3.16855214 3.17352041 3.17750054 3.1804953
 3.18250744 3.18353971 3.18359488 3.1826757  3.18078494 3.17792535
 3.17409968 3.1693107  3.16356117 3.15685384 3.14919147 3.14057682
 3.13101264 3.1205017  3.10904676 3.09665056 3.08331588 3.06904546
 3.05384207 3.03770846 3.0206474  3.00266163 2.98375393 2.96392704
 2.94318372 2.92152674 2.89895885 2.87548281 2.85110137 2.8258173
 2.79963336 2.77255229 2.74457687 2.71570984 2.68595397 2.65531201
 2.62378672 2.59138087 2.5580972  2.52393848 2.48890747 2.45300691
 2.41623958 2.37860823 2.34011561 2.30076449 2.26055763 2.21949777
 2.17758768 2.13483013 2.09122785 2.04678363]