
p_x=[12.919896640826872, 73.21274763135229, 144.70284237726096, 211.02497846683892, 290.26701119724373, 356.58914728682174, 433.2472006890611, 522.8251507321274, 647.7174849267873, 742.4633936261843, 821.7054263565892, 903.5314384151594, 993.1093884582257]
p_y=[-1.764705882352942, -5.0588235294117645, 4.0, 4.0, 6.0, 5.764705882352941, 6.0, 2.235294117647059, 1.882352941176471, 6.0, 5.764705882352941, 5.411764705882353, 6.470588235294118]
a_x=[14.642549526270457, 62.87683031869079, 146.42549526270457, 208.44099913867356, 282.51507321274767, 438.4151593453919, 518.5185185185185, 577.9500430663221, 636.5202411714039, 732.9888027562446, 824.2894056847545, 997.4160206718346]
a_y=[-7.426900584795323, -7.076023391812864, -7.543859649122805, -6.842105263157894, -2.8654970760233915, -2.0467836257309955, -2.6315789473684212, -6.6081871345029235, -5.789473684210527, -3.2163742690058488, -2.163742690058479, -1.8128654970760234]
d_x=[9.474590869939707, 70.62876830318692, 158.48406546080966, 307.49354005167953, 464.2549526270456, 592.5925925925926, 745.0473729543497, 889.7502153316107, 987.0801033591732]
d_y=[2.1637426900584797, 3.333333333333334, 4.736842105263158, 4.385964912280702, 7.543859649122807, 4.269005847953217, 5.555555555555555, 5.906432748538012, 5.087719298245615]
p_x_fitting=[ 12.91989664  22.8208006   32.72170456  42.62260851  52.52351247
  62.42441643  72.32532039  82.22622435  92.1271283  102.02803226
 111.92893622 121.82984018 131.73074413 141.63164809 151.53255205
 161.43345601 171.33435996 181.23526392 191.13616788 201.03707184
 210.9379758  220.83887975 230.73978371 240.64068767 250.54159163
 260.44249558 270.34339954 280.2443035  290.14520746 300.04611142
 309.94701537 319.84791933 329.74882329 339.64972725 349.5506312
 359.45153516 369.35243912 379.25334308 389.15424704 399.05515099
 408.95605495 418.85695891 428.75786287 438.65876682 448.55967078
 458.46057474 468.3614787  478.26238266 488.16328661 498.06419057
 507.96509453 517.86599849 527.76690244 537.6678064  547.56871036
 557.46961432 567.37051827 577.27142223 587.17232619 597.07323015
 606.97413411 616.87503806 626.77594202 636.67684598 646.57774994
 656.47865389 666.37955785 676.28046181 686.18136577 696.08226973
 705.98317368 715.88407764 725.7849816  735.68588556 745.58678951
 755.48769347 765.38859743 775.28950139 785.19040535 795.0913093
 804.99221326 814.89311722 824.79402118 834.69492513 844.59582909
 854.49673305 864.39763701 874.29854097 884.19944492 894.10034888
 904.00125284 913.9021568  923.80306075 933.70396471 943.60486867
 953.50577263 963.40667658 973.30758054 983.2084845  993.10938846]
p_y_fitting=[-1.76470588 -4.00132662 -5.43988578 -6.17701812 -6.30935845 -5.93354153
 -5.14620217 -4.04397513 -2.7234952  -1.28139717  0.18568418  1.58111406
  2.8082577   3.7704803   4.38104643  4.65914741  4.68820521  4.55254197
  4.33647982  4.12434089  4.00044731  4.0294522   4.19523077  4.46092442
  4.78967451  5.1446224   5.48890944  5.78567702  5.99806648  6.09977732
  6.10832942  6.05260957  5.96150458  5.86390127  5.78868644  5.76453504
  5.80218769  5.8810764   5.97748335  6.0676907   6.12798061  6.13463524
  6.06393677  5.89332209  5.62176989  5.2673347   4.84873034  4.38467061
  3.89386932  3.39504028  2.90689729  2.44815416  2.03715315  1.68365515
  1.38882005  1.15343224  0.9782761   0.86413602  0.81179637  0.82204153
  0.89565591  1.03342386  1.23612979  1.50455806  1.83949307  2.23959848
  2.69152443  3.17769573  3.68053247  4.18245477  4.66588275  5.11323653
  5.50693621  5.82940192  6.06322323  6.20259973  6.2606084   6.25205777
  6.19175632  6.09451257  5.97513502  5.84843218  5.72913808  5.62674582
  5.54214603  5.47543039  5.42669058  5.39601828  5.38350517  5.38924293
  5.41332325  5.4558378   5.51687826  5.59653631  5.69490364  5.81207193
  5.94813285  6.10317809  6.27729932  6.47058824]
a_x_fitting=[ 14.64254953  24.56955429  34.49655904  44.4235638   54.35056856
  64.27757332  74.20457808  84.13158284  94.0585876  103.98559236
 113.91259712 123.83960188 133.76660663 143.69361139 153.62061615
 163.54762091 173.47462567 183.40163043 193.32863519 203.25563995
 213.18264471 223.10964947 233.03665423 242.96365898 252.89066374
 262.8176685  272.74467326 282.67167802 292.59868278 302.52568754
 312.4526923  322.37969706 332.30670182 342.23370657 352.16071133
 362.08771609 372.01472085 381.94172561 391.86873037 401.79573513
 411.72273989 421.64974465 431.57674941 441.50375417 451.43075892
 461.35776368 471.28476844 481.2117732  491.13877796 501.06578272
 510.99278748 520.91979224 530.846797   540.77380176 550.70080651
 560.62781127 570.55481603 580.48182079 590.40882555 600.33583031
 610.26283507 620.18983983 630.11684459 640.04384935 649.97085411
 659.89785886 669.82486362 679.75186838 689.67887314 699.6058779
 709.53288266 719.45988742 729.38689218 739.31389694 749.2409017
 759.16790645 769.09491121 779.02191597 788.94892073 798.87592549
 808.80293025 818.72993501 828.65693977 838.58394453 848.51094929
 858.43795405 868.3649588  878.29196356 888.21896832 898.14597308
 908.07297784 917.9999826  927.92698736 937.85399212 947.78099688
 957.70800164 967.63500639 977.56201115 987.48901591 997.41602067]
a_y_fitting=[-7.42690058 -7.27777147 -7.17330659 -7.10846892 -7.07822143 -7.07752712
 -7.10134897 -7.14464995 -7.20239305 -7.26954125 -7.34105753 -7.41190487
 -7.47704626 -7.53144467 -7.56939219 -7.57882359 -7.54416686 -7.44981329
 -7.28015416 -7.01958076 -6.65328443 -6.18694317 -5.64795174 -5.0647512
 -4.46578265 -3.87948718 -3.33430587 -2.85867977 -2.47444508 -2.17823939
 -1.96069187 -1.81243168 -1.72408801 -1.68629002 -1.68966688 -1.72484777
 -1.78246185 -1.85313831 -1.92750631 -1.99619502 -2.04983362 -2.07905128
 -2.07447717 -2.02693978 -1.94138639 -1.8459899  -1.77108653 -1.74701252
 -1.8041041  -1.97269751 -2.28312899 -2.76548521 -3.41708114 -4.17014882
 -4.94923838 -5.67889998 -6.28368374 -6.68847756 -6.85706678 -6.82774395
 -6.64721902 -6.36220192 -6.0194026  -5.66518102 -5.32783041 -5.0092073
 -4.70906787 -4.42716828 -4.16326472 -3.91711335 -3.68847035 -3.47709189
 -3.28273414 -3.10512911 -2.94369566 -2.79763406 -2.66614014 -2.54840974
 -2.44363868 -2.35102279 -2.26975789 -2.19903982 -2.1380644  -2.08602746
 -2.04212483 -2.00555234 -1.97550581 -1.95118107 -1.93177396 -1.91648029
 -1.9044959  -1.89501662 -1.88723827 -1.88035668 -1.87356768 -1.8660671
 -1.85705076 -1.84571449 -1.83125413 -1.8128655 ]
d_x_fitting=[  9.47459087  19.34939403  29.22419718  39.09900034  48.9738035
  58.84860665  68.72340981  78.59821297  88.47301612  98.34781928
 108.22262243 118.09742559 127.97222875 137.8470319  147.72183506
 157.59663822 167.47144137 177.34624453 187.22104769 197.09585084
 206.970654   216.84545716 226.72026031 236.59506347 246.46986662
 256.34466978 266.21947294 276.09427609 285.96907925 295.84388241
 305.71868556 315.59348872 325.46829188 335.34309503 345.21789819
 355.09270135 364.9675045  374.84230766 384.71711082 394.59191397
 404.46671713 414.34152028 424.21632344 434.0911266  443.96592975
 453.84073291 463.71553607 473.59033922 483.46514238 493.33994554
 503.21474869 513.08955185 522.96435501 532.83915816 542.71396132
 552.58876448 562.46356763 572.33837079 582.21317394 592.0879771
 601.96278026 611.83758341 621.71238657 631.58718973 641.46199288
 651.33679604 661.2115992  671.08640235 680.96120551 690.83600867
 700.71081182 710.58561498 720.46041813 730.33522129 740.21002445
 750.0848276  759.95963076 769.83443392 779.70923707 789.58404023
 799.45884339 809.33364654 819.2084497  829.08325286 838.95805601
 848.83285917 858.70766233 868.58246548 878.45726864 888.33207179
 898.20687495 908.08167811 917.95648126 927.83128442 937.70608758
 947.58089073 957.45569389 967.33049705 977.2053002  987.08010336]
d_y_fitting=[2.16374269 2.31132955 2.48076867 2.66779787 2.86815493 3.07757765
 3.29180381 3.50657121 3.71761765 3.92068092 4.1114988  4.2858091
 4.43934961 4.56785812 4.66707242 4.7327303  4.7618366  4.75804088
 4.72716351 4.67502609 4.60745021 4.53025746 4.44926943 4.37030772
 4.29919391 4.24174961 4.20379639 4.19115586 4.2096496  4.26509921
 4.36332627 4.50890402 4.69775692 4.92214802 5.17432724 5.4465445
 5.73104972 6.02009282 6.30592371 6.58079232 6.83694856 7.06664235
 7.26212361 7.41564227 7.51944823 7.56579141 7.54692175 7.45759591
 7.30438651 7.09734436 6.84652075 6.56196699 6.25373438 5.9318742
 5.60643777 5.28747637 4.98504131 4.70918387 4.46995537 4.2774071
 4.13945785 4.05408083 4.01635216 4.02134761 4.06414295 4.13981396
 4.24343642 4.37008609 4.51483875 4.67277018 4.83895616 5.00847245
 5.17639483 5.33779908 5.48776097 5.62148225 5.73692889 5.83475895
 5.91574203 5.98064774 6.03024571 6.06530554 6.08659684 6.09488923
 6.09095233 6.07555573 6.04946906 6.01346193 5.96830395 5.91476474
 5.85361389 5.78562104 5.71155579 5.63218775 5.54828654 5.46062176
 5.36996304 5.27707998 5.18274219 5.0877193 ]