
p_x=[19.810508182601207, 98.19121447028424, 237.72609819121445, 417.7433247200689, 539.1903531438415, 649.4401378122309, 770.0258397932816, 913.0060292850991, 984.4961240310078]
p_y=[2.8235294117647056, 4.23529411764706, 4.470588235294118, 6.352941176470589, 4.23529411764706, 5.529411764705882, 2.0, 4.23529411764706, 3.1764705882352935]
a_x=[23.25581395348837, 88.71662360034453, 246.3393626184324, 422.04995693367783, 512.4892334194659, 648.578811369509, 725.2368647717485, 871.6623600344531, 983.634797588286]
a_y=[-7.660818713450293, -4.970760233918128, -5.438596491228068, -2.163742690058479, -6.725146198830409, -2.7485380116959064, -7.543859649122805, -4.7368421052631575, -2.9824561403508767]
d_x=[9.474590869939707, 124.89233419465978, 265.2885443583118, 438.4151593453919, 662.3600344530577, 844.0999138673557, 934.5391903531438, 994.8320413436692]
d_y=[2.7485380116959064, 4.502923976608187, 4.619883040935672, 4.853801169590644, 3.2163742690058488, 3.333333333333334, 2.280701754385966, 6.023391812865498]
p_x_fitting=[ 19.81050818  29.55480733  39.29910648  49.04340563  58.78770478
  68.53200393  78.27630308  88.02060223  97.76490138 107.50920053
 117.25349968 126.99779883 136.74209798 146.48639713 156.23069628
 165.97499543 175.71929458 185.46359373 195.20789288 204.95219203
 214.69649118 224.44079033 234.18508948 243.92938863 253.67368778
 263.41798693 273.16228608 282.90658523 292.65088438 302.39518353
 312.13948268 321.88378183 331.62808098 341.37238013 351.11667928
 360.86097843 370.60527758 380.34957673 390.09387588 399.83817503
 409.58247418 419.32677333 429.07107248 438.81537163 448.55967078
 458.30396993 468.04826908 477.79256823 487.53686738 497.28116653
 507.02546568 516.76976483 526.51406398 536.25836313 546.00266228
 555.74696143 565.49126058 575.23555973 584.97985888 594.72415803
 604.46845718 614.21275633 623.95705548 633.70135463 643.44565378
 653.18995293 662.93425208 672.67855123 682.42285038 692.16714953
 701.91144868 711.65574783 721.40004698 731.14434613 740.88864528
 750.63294443 760.37724358 770.12154273 779.86584188 789.61014103
 799.35444018 809.09873933 818.84303848 828.58733763 838.33163678
 848.07593593 857.82023508 867.56453423 877.30883338 887.05313253
 896.79743168 906.54173083 916.28602998 926.03032913 935.77462828
 945.51892743 955.26322658 965.00752573 974.75182488 984.49612403]
p_y_fitting=[2.82352941 3.13161594 3.3954343  3.61827283 3.8034199  3.95416383
 4.07379299 4.16559573 4.23286039 4.27887533 4.30692889 4.32030943
 4.32230529 4.31620482 4.30529637 4.2928683  4.28220895 4.27660667
 4.27934982 4.29372673 4.32302576 4.37053527 4.4395436  4.5330252
 4.64987677 4.78614514 4.93781877 5.1008861  5.27133558 5.44515566
 5.6183348  5.78686144 5.94672404 6.09391104 6.2244109  6.33421207
 6.41930299 6.47567212 6.4993079  6.4861988  6.43233325 6.33370933
 6.18980965 6.00876049 5.80000544 5.5729881  5.33715206 5.10194092
 4.87679827 4.6711677  4.49449282 4.35621722 4.2657845  4.23263824
 4.26488791 4.35682673 4.49457741 4.66415631 4.85157978 5.04286419
 5.22402588 5.38108121 5.50004653 5.56693821 5.56777259 5.48882984
 5.32762888 5.09688387 4.81038671 4.48192932 4.12530361 3.75430147
 3.38271481 3.02433555 2.6929556  2.40236684 2.16636121 1.99873059
 1.90937011 1.89304031 1.94082793 2.04381971 2.19310239 2.37976272
 2.59488744 2.8295633  3.07487703 3.32191539 3.5617651  3.78551293
 3.98424561 4.14904987 4.27101248 4.34122017 4.35075968 4.29071775
 4.15218114 3.92623658 3.60397081 3.17647059]
a_x_fitting=[ 23.25581395  32.95661177  42.65740958  52.3582074   62.05900521
  71.75980303  81.46060084  91.16139865 100.86219647 110.56299428
 120.2637921  129.96458991 139.66538773 149.36618554 159.06698336
 168.76778117 178.46857899 188.1693768  197.87017461 207.57097243
 217.27177024 226.97256806 236.67336587 246.37416369 256.0749615
 265.77575932 275.47655713 285.17735494 294.87815276 304.57895057
 314.27974839 323.9805462  333.68134402 343.38214183 353.08293965
 362.78373746 372.48453528 382.18533309 391.8861309  401.58692872
 411.28772653 420.98852435 430.68932216 440.39011998 450.09091779
 459.79171561 469.49251342 479.19331123 488.89410905 498.59490686
 508.29570468 517.99650249 527.69730031 537.39809812 547.09889594
 556.79969375 566.50049157 576.20128938 585.90208719 595.60288501
 605.30368282 615.00448064 624.70527845 634.40607627 644.10687408
 653.8076719  663.50846971 673.20926752 682.91006534 692.61086315
 702.31166097 712.01245878 721.7132566  731.41405441 741.11485223
 750.81565004 760.51644785 770.21724567 779.91804348 789.6188413
 799.31963911 809.02043693 818.72123474 828.42203256 838.12283037
 847.82362819 857.524426   867.22522381 876.92602163 886.62681944
 896.32761726 906.02841507 915.72921289 925.4300107  935.13080852
 944.83160633 954.53240414 964.23320196 973.93399977 983.63479759]
a_y_fitting=[-7.66081871 -6.98834573 -6.42369193 -5.95893286 -5.5861441  -5.29740119
 -5.08477971 -4.94035522 -4.85620327 -4.82439944 -4.83701928 -4.88613836
 -4.96383223 -5.06217647 -5.17324663 -5.28911827 -5.40186697 -5.50356827
 -5.58629775 -5.64213096 -5.66314347 -5.64141083 -5.56900863 -5.4380124
 -5.24363219 -4.9934817  -4.69824236 -4.36859558 -4.01522279 -3.64880542
 -3.28002489 -2.91956262 -2.57810005 -2.26631859 -1.99489966 -1.7745247
 -1.61587512 -1.52963236 -1.52647783 -1.61709296 -1.81215917 -2.1223579
 -2.55314873 -3.0809227  -3.6720151  -4.29275154 -4.90945764 -5.48845899
 -5.99608121 -6.39864991 -6.6624907  -6.75581363 -6.67897333 -6.45925785
 -6.12478719 -5.70368138 -5.22406044 -4.71404438 -4.20175322 -3.71530698
 -3.28282568 -2.93242933 -2.69223796 -2.59037158 -2.6549502  -2.91219881
 -3.35181134 -3.93048721 -4.60374036 -5.32708472 -6.05603423 -6.74610285
 -7.3528045  -7.8340209  -8.17837431 -8.39596153 -8.4973188  -8.49298239
 -8.39348854 -8.20937352 -7.95117356 -7.62942494 -7.25466389 -6.83742668
 -6.38824956 -5.91766879 -5.43622061 -4.95444128 -4.48286706 -4.03203419
 -3.61247894 -3.23473755 -2.90934629 -2.6468414  -2.45775914 -2.35263576
 -2.34200751 -2.43641066 -2.64638145 -2.98245614]
d_x_fitting=[  9.47459087  19.42769643  29.38080199  39.33390755  49.28701311
  59.24011867  69.19322423  79.14632979  89.09943535  99.05254091
 109.00564647 118.95875203 128.91185759 138.86496315 148.81806871
 158.77117428 168.72427984 178.6773854  188.63049096 198.58359652
 208.53670208 218.48980764 228.4429132  238.39601876 248.34912432
 258.30222988 268.25533544 278.208441   288.16154656 298.11465212
 308.06775768 318.02086324 327.9739688  337.92707436 347.88017992
 357.83328548 367.78639104 377.7394966  387.69260216 397.64570772
 407.59881328 417.55191884 427.5050244  437.45812996 447.41123552
 457.36434109 467.31744665 477.27055221 487.22365777 497.17676333
 507.12986889 517.08297445 527.03608001 536.98918557 546.94229113
 556.89539669 566.84850225 576.80160781 586.75471337 596.70781893
 606.66092449 616.61403005 626.56713561 636.52024117 646.47334673
 656.42645229 666.37955785 676.33266341 686.28576897 696.23887453
 706.19198009 716.14508565 726.09819121 736.05129677 746.00440234
 755.9575079  765.91061346 775.86371902 785.81682458 795.76993014
 805.7230357  815.67614126 825.62924682 835.58235238 845.53545794
 855.4885635  865.44166906 875.39477462 885.34788018 895.30098574
 905.2540913  915.20719686 925.16030242 935.11340798 945.06651354
 955.0196191  964.97272466 974.92583022 984.87893578 994.83204134]
d_y_fitting=[2.74853801 3.01785598 3.26056497 3.47801915 3.67157264 3.84257959
 3.99239414 4.12237043 4.23386262 4.32822483 4.40681121 4.47097591
 4.52207306 4.56145681 4.5904813  4.61050067 4.62286907 4.62894063
 4.6300695  4.62760983 4.62291575 4.6173414  4.61224093 4.60896849
 4.6088782  4.61332422 4.62364966 4.64033111 4.66236864 4.68861839
 4.71793646 4.74917897 4.78120202 4.81286173 4.84301421 4.87051558
 4.89422194 4.91298941 4.9256741  4.93113213 4.92821961 4.91579264
 4.89270734 4.85781983 4.81029695 4.75096661 4.68120949 4.60240665
 4.51593914 4.42318803 4.32553436 4.22435919 4.12104357 4.01696857
 3.91351523 3.81206462 3.71399777 3.62069577 3.53353964 3.45391046
 3.38318928 3.32275715 3.27399513 3.23828427 3.21700563 3.21154026
 3.22322019 3.25151372 3.29349252 3.34607053 3.40616167 3.47067986
 3.53653903 3.60065311 3.65993601 3.71130167 3.75166401 3.77793696
 3.78703444 3.77587038 3.7413587  3.68041333 3.58994819 3.46687722
 3.30812425 3.11552426 2.90374842 2.68953898 2.48963822 2.32078841
 2.19973181 2.14321071 2.16796736 2.29074404 2.52828302 2.89732656
 3.41461694 4.09689643 4.9609073  6.02339181]