
p_x=[14.642549526270457, 84.40999138673558, 219.63824289405684, 329.88802756244615, 428.9405684754522, 479.7588285960379, 546.9422911283376, 646.8561584840654, 708.8716623600344, 784.668389319552, 868.2170542635658, 953.4883720930233, 995.693367786391]
p_y=[2.235294117647059, 4.705882352941177, 4.470588235294118, 5.0588235294117645, -2.5882352941176467, -6.0, 3.647058823529412, 2.11764705882353, -4.352941176470589, -6.235294117647058, -4.23529411764706, -2.7058823529411757, -3.4117647058823515]
a_x=[6.890611541774333, 68.04478897502153, 106.80447889750215, 209.30232558139537, 288.5443583118002, 410.8527131782946, 515.9345391903531, 591.7312661498709, 695.9517657192076, 795.8656330749354, 875.968992248062, 984.4961240310078]
a_y=[-7.192982456140349, -2.7485380116959064, -2.0467836257309955, -3.450292397660819, -5.906432748538011, -5.6725146198830405, -4.269005847953215, -3.2163742690058488, -3.5672514619883025, -2.514619883040936, -2.7485380116959064, -6.374269005847953]
d_x=[19.810508182601207, 116.27906976744185, 302.3255813953488, 419.4659776055125, 614.1257536606374, 714.900947459087, 863.0490956072352, 990.5254091300602]
d_y=[2.397660818713451, 4.853801169590644, 2.7485380116959064, 2.7485380116959064, 3.450292397660819, 4.385964912280702, 5.43859649122807, 1.8128654970760234]
p_x_fitting=[ 14.64254953  24.55215375  34.46175798  44.3713622   54.28096643
  64.19057065  74.10017488  84.0097791   93.91938333 103.82898755
 113.73859177 123.648196   133.55780022 143.46740445 153.37700867
 163.2866129  173.19621712 183.10582135 193.01542557 202.9250298
 212.83463402 222.74423825 232.65384247 242.5634467  252.47305092
 262.38265515 272.29225937 282.2018636  292.11146782 302.02107205
 311.93067627 321.8402805  331.74988472 341.65948895 351.56909317
 361.4786974  371.38830162 381.29790585 391.20751007 401.1171143
 411.02671852 420.93632275 430.84592697 440.75553119 450.66513542
 460.57473964 470.48434387 480.39394809 490.30355232 500.21315654
 510.12276077 520.03236499 529.94196922 539.85157344 549.76117767
 559.67078189 569.58038612 579.48999034 589.39959457 599.30919879
 609.21880302 619.12840724 629.03801147 638.94761569 648.85721992
 658.76682414 668.67642837 678.58603259 688.49563682 698.40524104
 708.31484527 718.22444949 728.13405372 738.04365794 747.95326217
 757.86286639 767.77247061 777.68207484 787.59167906 797.50128329
 807.41088751 817.32049174 827.23009596 837.13970019 847.04930441
 856.95890864 866.86851286 876.77811709 886.68772131 896.59732554
 906.50692976 916.41653399 926.32613821 936.23574244 946.14534666
 956.05495089 965.96455511 975.87415934 985.78376356 995.69336779]
p_y_fitting=[ 2.23529412  2.84028091  3.34871869  3.76800285  4.10552874  4.36869173
  4.5648872   4.70151051  4.78595702  4.82562212  4.82790117  4.80018954
  4.74988259  4.68437569  4.61106422  4.53734354  4.47060903  4.41825604
  4.38767996  4.38627614  4.42143996  4.50045227  4.6226254   4.77424423
  4.94039005  5.10614413  5.25658778  5.37680228  5.45186892  5.46686898
  5.40688375  5.25699452  5.00230633  4.63382992  4.15620891  3.57600441
  2.89977752  2.13408934  1.285501    0.36057358 -0.6341318  -1.69205404
 -2.80647834 -3.93466068 -4.95170809 -5.72133385 -6.10725123 -5.97318621
 -5.24084731 -4.02345802 -2.47372763 -0.74436543  1.01191929  2.64241725
  3.99512382  4.98009149  5.61707971  5.93706349  5.97101788  5.7499179
  5.30473859  4.66645499  3.86604211  2.934475    1.90274065  0.80430024
 -0.32189457 -1.43615383 -2.49878761 -3.47010595 -4.31041889 -4.9878326
 -5.50737473 -5.88499204 -6.13663294 -6.27824584 -6.32577914 -6.29518125
 -6.20236188 -6.06011032 -5.87585468 -5.65649459 -5.40892968 -5.14005958
 -4.85678394 -4.56600237 -4.27461453 -3.98947188 -3.71713494 -3.46405544
 -3.23668497 -3.04147508 -2.88487734 -2.77334331 -2.71332456 -2.71127264
 -2.77363914 -2.9068756  -3.11743361 -3.41176471]
a_x_fitting=[  6.89061154  16.7654147   26.64021785  36.51502101  46.38982417
  56.26462732  66.13943048  76.01423364  85.88903679  95.76383995
 105.63864311 115.51344626 125.38824942 135.26305258 145.13785573
 155.01265889 164.88746205 174.7622652  184.63706836 194.51187151
 204.38667467 214.26147783 224.13628098 234.01108414 243.8858873
 253.76069045 263.63549361 273.51029677 283.38509992 293.25990308
 303.13470624 313.00950939 322.88431255 332.7591157  342.63391886
 352.50872202 362.38352517 372.25832833 382.13313149 392.00793464
 401.8827378  411.75754096 421.63234411 431.50714727 441.38195043
 451.25675358 461.13155674 471.0063599  480.88116305 490.75596621
 500.63076936 510.50557252 520.38037568 530.25517883 540.12998199
 550.00478515 559.8795883  569.75439146 579.62919462 589.50399777
 599.37880093 609.25360409 619.12840724 629.0032104  638.87801356
 648.75281671 658.62761987 668.50242302 678.37722618 688.25202934
 698.12683249 708.00163565 717.87643881 727.75124196 737.62604512
 747.50084828 757.37565143 767.25045459 777.12525775 787.0000609
 796.87486406 806.74966721 816.62447037 826.49927353 836.37407668
 846.24887984 856.123683   865.99848615 875.87328931 885.74809247
 895.62289562 905.49769878 915.37250194 925.24730509 935.12210825
 944.99691141 954.87171456 964.74651772 974.62132087 984.49612403]
a_y_fitting=[-7.19298246 -6.09109167 -5.15624885 -4.37481183 -3.73313843 -3.2175865
 -2.81451386 -2.51027835 -2.29123778 -2.14375    -2.05417284 -2.01025744
 -2.00771961 -2.0451006  -2.12094496 -2.23379727 -2.38220211 -2.56470405
 -2.77984767 -3.02617754 -3.30223823 -3.60639102 -3.93282492 -4.2715805
 -4.61251984 -4.94550504 -5.26039817 -5.54706132 -5.79535657 -5.99541185
 -6.14416627 -6.24578133 -6.3047667  -6.32563203 -6.31288699 -6.27104125
 -6.20460448 -6.11808633 -6.01599648 -5.90284458 -5.78314031 -5.6613926
 -5.54089034 -5.42120715 -5.30121198 -5.17977381 -5.05576159 -4.92804429
 -4.79549089 -4.65697034 -4.51135161 -4.35750366 -4.19441309 -4.02452701
 -3.85423334 -3.69013417 -3.53883159 -3.40692767 -3.3010245  -3.22772418
 -3.19255176 -3.19238546 -3.21994176 -3.26791054 -3.32898171 -3.39584513
 -3.4611907  -3.51770829 -3.55808781 -3.57501912 -3.56121598 -3.51335357
 -3.43645949 -3.33661982 -3.21992063 -3.09244797 -2.96028792 -2.82952654
 -2.7062499  -2.59654407 -2.50649415 -2.44098833 -2.40138115 -2.38837819
 -2.40268505 -2.44500732 -2.5160506  -2.61652046 -2.74712252 -2.90856236
 -3.10154557 -3.32677775 -3.58496448 -3.87681136 -4.20302399 -4.56430795
 -4.96136884 -5.39491225 -5.86564378 -6.37426901]
d_x_fitting=[ 19.81050818  29.6157092   39.42091022  49.22611124  59.03131226
  68.83651328  78.6417143   88.44691532  98.25211634 108.05731736
 117.86251838 127.6677194  137.47292042 147.27812144 157.08332246
 166.88852348 176.6937245  186.49892552 196.30412654 206.10932756
 215.91452858 225.7197296  235.52493062 245.33013164 255.13533265
 264.94053367 274.74573469 284.55093571 294.35613673 304.16133775
 313.96653877 323.77173979 333.57694081 343.38214183 353.18734285
 362.99254387 372.79774489 382.60294591 392.40814693 402.21334795
 412.01854897 421.82374999 431.62895101 441.43415203 451.23935305
 461.04455407 470.84975509 480.65495611 490.46015713 500.26535815
 510.07055917 519.87576019 529.68096121 539.48616223 549.29136324
 559.09656426 568.90176528 578.7069663  588.51216732 598.31736834
 608.12256936 617.92777038 627.7329714  637.53817242 647.34337344
 657.14857446 666.95377548 676.7589765  686.56417752 696.36937854
 706.17457956 715.97978058 725.7849816  735.59018262 745.39538364
 755.20058466 765.00578568 774.8109867  784.61618772 794.42138874
 804.22658976 814.03179078 823.8369918  833.64219282 843.44739383
 853.25259485 863.05779587 872.86299689 882.66819791 892.47339893
 902.27859995 912.08380097 921.88900199 931.69420301 941.49940403
 951.30460505 961.10980607 970.91500709 980.72020811 990.52540913]
d_y_fitting=[2.39766082 2.87803337 3.29853655 3.66210202 3.9716614  4.23014632
 4.44048842 4.60561935 4.72847072 4.81197418 4.85906136 4.8726639
 4.85571343 4.81114159 4.74188002 4.65086034 4.54101419 4.41527321
 4.27656904 4.1278333  3.97199764 3.81199369 3.65075308 3.49120745
 3.33628843 3.18892766 3.05205678 2.92860742 2.82151121 2.73369437
 2.66672288 2.61901687 2.58855306 2.57330817 2.57125894 2.58038208
 2.59865431 2.62405237 2.65455298 2.68813285 2.72276872 2.75644295
 2.78788991 2.81734333 2.84521473 2.87191565 2.89785761 2.92345216
 2.94911082 2.97524513 3.00226661 3.03058681 3.06061725 3.09276947
 3.12745499 3.16508535 3.20607209 3.25082673 3.2997608  3.35328585
 3.41181339 3.47574952 3.54527212 3.62025295 3.70054229 3.78599043
 3.87644766 3.97176426 4.07179053 4.17637675 4.2853732  4.39862976
 4.51557438 4.63441747 4.75315115 4.86976753 4.98225873 5.08861685
 5.18683401 5.27490233 5.35081392 5.41256089 5.45813535 5.48552941
 5.4927352  5.47774482 5.43855039 5.37314402 5.27951782 5.15566391
 4.9995744  4.8092414  4.58265703 4.3178134  4.01270263 3.66531681
 3.27364808 2.83568854 2.34943031 1.8128655 ]