
p_x=[36.17571059431524, 74.07407407407408, 138.67355727820842, 251.50732127476317, 334.1946597760551, 435.83118001722653, 516.7958656330749, 588.2859603789836, 687.3385012919897, 781.2230835486649, 902.6701119724376, 983.634797588286]
p_y=[-2.7058823529411757, -7.882352941176471, -3.0588235294117645, -2.8235294117647065, -6.8235294117647065, -7.0588235294117645, -7.411764705882355, -3.647058823529413, -2.0, -0.9411764705882355, -3.2941176470588225, -5.647058823529411]
a_x=[36.17571059431524, 77.51937984496124, 133.50559862187768, 204.9956933677864, 276.48578811369504, 372.95434969853574, 521.102497846684, 639.1042204995694, 776.916451335056, 886.3049095607234, 978.4668389319552]
a_y=[-7.660818713450293, -4.7368421052631575, -3.333333333333332, -5.087719298245615, -6.023391812865498, -4.152046783625732, -2.9824561403508767, -1.578947368421053, -1.9298245614035086, -2.280701754385966, -6.023391812865498]
d_x=[19.810508182601207, 146.42549526270457, 238.58742463393625, 347.9758828596038, 504.73729543496984, 659.7760551248923, 813.0921619293713, 982.7734711455641]
d_y=[2.6315789473684212, 3.450292397660819, 1.8128654970760234, 4.619883040935672, 2.514619883040936, 5.672514619883041, 4.970760233918129, 4.619883040935672]
p_x_fitting=[ 36.17571059  45.7460044   55.31629821  64.88659202  74.45688583
  84.02717963  93.59747344 103.16776725 112.73806106 122.30835487
 131.87864867 141.44894248 151.01923629 160.5895301  170.15982391
 179.73011771 189.30041152 198.87070533 208.44099914 218.01129295
 227.58158675 237.15188056 246.72217437 256.29246818 265.86276199
 275.43305579 285.0033496  294.57364341 304.14393722 313.71423103
 323.28452483 332.85481864 342.42511245 351.99540626 361.56570007
 371.13599388 380.70628768 390.27658149 399.8468753  409.41716911
 418.98746292 428.55775672 438.12805053 447.69834434 457.26863815
 466.83893196 476.40922576 485.97951957 495.54981338 505.12010719
 514.690401   524.2606948  533.83098861 543.40128242 552.97157623
 562.54187004 572.11216384 581.68245765 591.25275146 600.82304527
 610.39333908 619.96363288 629.53392669 639.1042205  648.67451431
 658.24480812 667.81510192 677.38539573 686.95568954 696.52598335
 706.09627716 715.66657096 725.23686477 734.80715858 744.37745239
 753.9477462  763.51804    773.08833381 782.65862762 792.22892143
 801.79921524 811.36950904 820.93980285 830.51009666 840.08039047
 849.65068428 859.22097808 868.79127189 878.3615657  887.93185951
 897.50215332 907.07244712 916.64274093 926.21303474 935.78332855
 945.35362236 954.92391616 964.49420997 974.06450378 983.63479759]
p_y_fitting=[-2.70588235 -5.0354493  -6.61099115 -7.52928783 -7.88711927 -7.78126541
 -7.30850618 -6.5656215  -5.64939131 -4.65659555 -3.68401414 -2.8279824
 -2.14747934 -1.63642795 -1.28222641 -1.07227288 -0.99396553 -1.03470253
 -1.18188205 -1.42290225 -1.7451613  -2.13605738 -2.58298865 -3.07330045
 -3.59312294 -4.12737112 -4.66090715 -5.1785932  -5.66529143 -6.10586401
 -6.4851731  -6.78808086 -7.0025926  -7.13593962 -7.20262021 -7.2171462
 -7.19402943 -7.14778174 -7.09291497 -7.04394097 -7.01537156 -7.02171859
 -7.07740554 -7.18502127 -7.32352887 -7.46908526 -7.59784735 -7.68597209
 -7.70961638 -7.64493716 -7.46809135 -7.15963035 -6.73475327 -6.22508005
 -5.66232924 -5.07821937 -4.504469   -3.97279665 -3.51470423 -3.14621205
 -2.85779544 -2.63754082 -2.47353461 -2.35386323 -2.2666131  -2.19987063
 -2.14172224 -2.08025436 -2.00355339 -1.90253759 -1.78089815 -1.64592585
 -1.50491169 -1.36514668 -1.2339218  -1.11852805 -1.02625644 -0.96439795
 -0.94023773 -0.95844669 -1.01697512 -1.11270824 -1.24253128 -1.40332946
 -1.59198799 -1.8053921  -2.04042701 -2.29397794 -2.56293011 -2.84416873
 -3.13457904 -3.43104624 -3.73045557 -4.02969224 -4.32564148 -4.6151885
 -4.89521852 -5.16261677 -5.41426846 -5.64705882]
a_x_fitting=[ 36.17571059  45.6938028   55.21189501  64.72998721  74.24807942
  83.76617162  93.28426383 102.80235603 112.32044824 121.83854044
 131.35663265 140.87472485 150.39281706 159.91090926 169.42900147
 178.94709368 188.46518588 197.98327809 207.50137029 217.0194625
 226.5375547  236.05564691 245.57373911 255.09183132 264.60992352
 274.12801573 283.64610794 293.16420014 302.68229235 312.20038455
 321.71847676 331.23656896 340.75466117 350.27275337 359.79084558
 369.30893778 378.82702999 388.3451222  397.8632144  407.38130661
 416.89939881 426.41749102 435.93558322 445.45367543 454.97176763
 464.48985984 474.00795204 483.52604425 493.04413645 502.56222866
 512.08032087 521.59841307 531.11650528 540.63459748 550.15268969
 559.67078189 569.1888741  578.7069663  588.22505851 597.74315071
 607.26124292 616.77933513 626.29742733 635.81551954 645.33361174
 654.85170395 664.36979615 673.88788836 683.40598056 692.92407277
 702.44216497 711.96025718 721.47834939 730.99644159 740.5145338
 750.032626   759.55071821 769.06881041 778.58690262 788.10499482
 797.62308703 807.14117923 816.65927144 826.17736365 835.69545585
 845.21354806 854.73164026 864.24973247 873.76782467 883.28591688
 892.80400908 902.32210129 911.84019349 921.3582857  930.8763779
 940.39447011 949.91256232 959.43065452 968.94874673 978.46683893]
a_y_fitting=[-7.66081871 -6.85652761 -6.12901012 -5.48039691 -4.91281866 -4.42840604
 -4.02928974 -3.71760043 -3.49546878 -3.36502548 -3.3284012  -3.38623506
 -3.5271824  -3.73412713 -3.98991619 -4.27739654 -4.57941509 -4.87881879
 -5.15849804 -5.40597179 -5.61742775 -5.7900063  -5.92084784 -6.00709274
 -6.04588137 -6.03435414 -5.97043175 -5.85877538 -5.70749503 -5.52472858
 -5.31861392 -5.09728894 -4.86889151 -4.64155951 -4.42343082 -4.22264334
 -4.04690132 -3.89783856 -3.77262052 -3.66830894 -3.58196556 -3.51065214
 -3.45143043 -3.40136216 -3.3575091  -3.31693298 -3.27669556 -3.23385858
 -3.18548379 -3.12863294 -3.06036777 -2.97775017 -2.87903993 -2.76659681
 -2.64365706 -2.5134569  -2.37923258 -2.24422034 -2.11165641 -1.98477703
 -1.86681845 -1.76101689 -1.6706086  -1.59882981 -1.54864718 -1.51975069
 -1.50964648 -1.51580104 -1.53568086 -1.56675242 -1.60648221 -1.65233672
 -1.70178243 -1.75228583 -1.8013134  -1.84633163 -1.884807   -1.91420601
 -1.93200134 -1.93750322 -1.93441476 -1.92708169 -1.91984975 -1.91706466
 -1.92307215 -1.94221797 -1.97884782 -2.03730746 -2.12194261 -2.23709899
 -2.38712234 -2.5763584  -2.80915289 -3.08985154 -3.42280009 -3.81234426
 -4.26282979 -4.7786024  -5.36400783 -6.02339181]
d_x_fitting=[ 19.81050818  29.5374068   39.26430541  48.99120403  58.71810265
  68.44500126  78.17189988  87.89879849  97.62569711 107.35259572
 117.07949434 126.80639296 136.53329157 146.26019019 155.9870888
 165.71398742 175.44088604 185.16778465 194.89468327 204.62158188
 214.3484805  224.07537911 233.80227773 243.52917635 253.25607496
 262.98297358 272.70987219 282.43677081 292.16366942 301.89056804
 311.61746666 321.34436527 331.07126389 340.7981625  350.52506112
 360.25195974 369.97885835 379.70575697 389.43265558 399.1595542
 408.88645281 418.61335143 428.34025005 438.06714866 447.79404728
 457.52094589 467.24784451 476.97474312 486.70164174 496.42854036
 506.15543897 515.88233759 525.6092362  535.33613482 545.06303344
 554.78993205 564.51683067 574.24372928 583.9706279  593.69752651
 603.42442513 613.15132375 622.87822236 632.60512098 642.33201959
 652.05891821 661.78581682 671.51271544 681.23961406 690.96651267
 700.69341129 710.4203099  720.14720852 729.87410714 739.60100575
 749.32790437 759.05480298 768.7817016  778.50860021 788.23549883
 797.96239745 807.68929606 817.41619468 827.14309329 836.86999191
 846.59689052 856.32378914 866.05068776 875.77758637 885.50448499
 895.2313836  904.95828222 914.68518084 924.41207945 934.13897807
 943.86587668 953.5927753  963.31967391 973.04657253 982.77347115]
d_y_fitting=[2.63157895 3.24456296 3.72980905 4.09717094 4.3565024  4.51765715
 4.59048893 4.5848515  4.51059859 4.37758394 4.19566129 3.97468439
 3.72450698 3.4549828  3.17596559 2.89730909 2.62886705 2.3804932
 2.16204129 1.98336506 1.85431826 1.78475461 1.78452787 1.8629645
 2.01771006 2.23497196 2.50047887 2.79995947 3.11914245 3.4437565
 3.75953029 4.0521925  4.30747182 4.51109693 4.64886463 4.71390551
 4.71313003 4.65496897 4.54785316 4.40021338 4.22048046 4.0170852
 3.79845841 3.57303089 3.34923345 3.1354969  2.94025204 2.77192968
 2.63896063 2.5497757  2.51279818 2.53283657 2.60529384 2.7240627
 2.88303591 3.07610619 3.29716627 3.5401089  3.79882679 4.0672127
 4.33915936 4.60855949 4.86930583 5.11529112 5.34040809 5.53854947
 5.70362053 5.83197129 5.9253062  5.98603895 6.01658322 6.0193527
 5.99676106 5.95122199 5.88514918 5.8009563  5.70105704 5.58786507
 5.4637941  5.33125779 5.19266983 5.0504439  4.90699368 4.76473286
 4.62607513 4.49343416 4.36922363 4.25585723 4.15574864 4.07131155
 4.00495964 3.95910658 3.93616607 3.93855178 3.96867741 4.02895662
 4.12180311 4.24963055 4.41485263 4.61988304]