
p_x=[18.08785529715762, 94.74590869939708, 197.24375538329025, 298.88027562446166, 360.89577950043065, 447.8897502153316, 543.4969853574505, 647.7174849267873, 720.9302325581394, 816.5374677002584, 913.8673557278208, 1000.0]
p_y=[2.3529411764705888, 2.8235294117647056, 6.705882352941177, 7.882352941176471, 3.4117647058823533, 1.4117647058823533, 5.176470588235294, 2.7058823529411766, 6.117647058823529, 6.117647058823529, 5.529411764705882, 6.9411764705882355]
a_x=[17.226528854435834, 75.79672695951766, 205.85701981050818, 299.74160206718346, 367.786391042205, 463.39362618432386, 571.0594315245479, 664.944013781223, 737.2954349698537, 830.318690783807, 906.9767441860464, 993.1093884582257]
a_y=[-6.725146198830409, -2.9824561403508767, -3.5672514619883025, -1.2280701754385959, -5.906432748538011, -5.087719298245615, -1.1111111111111107, -0.7602339181286553, 0.058479532163742576, -0.8771929824561404, -0.6432748538011701, 0.29239766081871466]
d_x=[20.671834625322997, 118.86304909560722, 222.2222222222222, 314.3841515934539, 372.09302325581393, 469.4229112833764, 577.9500430663221, 678.7252368647717, 732.9888027562446, 844.0999138673557, 946.5977605512489, 989.6640826873385]
d_y=[2.397660818713451, 3.6842105263157894, 6.608187134502924, 6.140350877192983, 2.514619883040936, 2.280701754385966, 5.7894736842105265, 1.6959064327485383, 6.257309941520468, 5.555555555555555, 5.7894736842105265, 2.1637426900584797]
p_x_fitting=[  18.0878553    28.00615979   37.92446428   47.84276877   57.76107326
   67.67937776   77.59768225   87.51598674   97.43429123  107.35259572
  117.27090022  127.18920471  137.1075092   147.02581369  156.94411818
  166.86242268  176.78072717  186.69903166  196.61733615  206.53564064
  216.45394514  226.37224963  236.29055412  246.20885861  256.1271631
  266.0454676   275.96377209  285.88207658  295.80038107  305.71868556
  315.63699006  325.55529455  335.47359904  345.39190353  355.31020802
  365.22851252  375.14681701  385.0651215   394.98342599  404.90173048
  414.82003498  424.73833947  434.65664396  444.57494845  454.49325294
  464.41155743  474.32986193  484.24816642  494.16647091  504.0847754
  514.00307989  523.92138439  533.83968888  543.75799337  553.67629786
  563.59460235  573.51290685  583.43121134  593.34951583  603.26782032
  613.18612481  623.10442931  633.0227338   642.94103829  652.85934278
  662.77764727  672.69595177  682.61425626  692.53256075  702.45086524
  712.36916973  722.28747423  732.20577872  742.12408321  752.0423877
  761.96069219  771.87899669  781.79730118  791.71560567  801.63391016
  811.55221465  821.47051914  831.38882364  841.30712813  851.22543262
  861.14373711  871.0620416   880.9803461   890.89865059  900.81695508
  910.73525957  920.65356406  930.57186856  940.49017305  950.40847754
  960.32678203  970.24508652  980.16339102  990.08169551 1000.        ]
p_y_fitting=[2.35294118 2.21376183 2.14230933 2.1342569  2.18527776 2.29104514
 2.44723225 2.64951233 2.89355859 3.17504426 3.48964256 3.83302672
 4.20086995 4.58884548 4.99262653 5.40788633 5.8302981  6.25553506
 6.67927043 7.09561633 7.49113438 7.85010661 8.15681454 8.39553971
 8.55056363 8.60616785 8.54663388 8.35624327 8.01927754 7.52317641
 6.88921344 6.15919627 5.37522109 4.57938409 3.81378146 3.11996767
 2.52238825 2.02531155 1.63184532 1.34509734 1.16817536 1.10418715
 1.15624048 1.32744311 1.61923633 2.01362701 2.48005422 2.98774627
 3.50593145 4.00383807 4.45069442 4.81572881 5.06816953 5.17724508
 5.12403092 4.93339576 4.64032522 4.27980491 3.88682046 3.49635747
 3.14340157 2.86293837 2.68995349 2.65943254 2.80453405 3.11981692
 3.56305164 4.09054413 4.6586003  5.22352603 5.74162726 6.16923495
 6.47695327 6.67349348 6.77385801 6.7930493  6.74606977 6.64792186
 6.51360799 6.35813061 6.19649213 6.04340404 5.90680228 5.78780062
 5.68721253 5.60585147 5.54453091 5.50406431 5.48526515 5.48894688
 5.51592299 5.56700692 5.64301216 5.74475217 5.87304041 6.02869035
 6.21251546 6.42532921 6.66794505 6.94117647]
a_x_fitting=[ 17.22652885  27.08393148  36.9413341   46.79873672  56.65613934
  66.51354197  76.37094459  86.22834721  96.08574983 105.94315245
 115.80055508 125.6579577  135.51536032 145.37276294 155.23016557
 165.08756819 174.94497081 184.80237343 194.65977606 204.51717868
 214.3745813  224.23198392 234.08938654 243.94678917 253.80419179
 263.66159441 273.51899703 283.37639966 293.23380228 303.0912049
 312.94860752 322.80601014 332.66341277 342.52081539 352.37821801
 362.23562063 372.09302326 381.95042588 391.8078285  401.66523112
 411.52263374 421.38003637 431.23743899 441.09484161 450.95224423
 460.80964686 470.66704948 480.5244521  490.38185472 500.23925735
 510.09665997 519.95406259 529.81146521 539.66886783 549.52627046
 559.38367308 569.2410757  579.09847832 588.95588095 598.81328357
 608.67068619 618.52808881 628.38549143 638.24289406 648.10029668
 657.9576993  667.81510192 677.67250455 687.52990717 697.38730979
 707.24471241 717.10211503 726.95951766 736.81692028 746.6743229
 756.53172552 766.38912815 776.24653077 786.10393339 795.96133601
 805.81873864 815.67614126 825.53354388 835.3909465  845.24834912
 855.10575175 864.96315437 874.82055699 884.67795961 894.53536224
 904.39276486 914.25016748 924.1075701  933.96497272 943.82237535
 953.67977797 963.53718059 973.39458321 983.25198584 993.10938846]
a_y_fitting=[-6.72514620e+00 -5.65411800e+00 -4.78510979e+00 -4.10024553e+00
 -3.58164921e+00 -3.21144482e+00 -2.97175633e+00 -2.84470772e+00
 -2.81242298e+00 -2.85702608e+00 -2.96064101e+00 -3.10539174e+00
 -3.27340226e+00 -3.44679655e+00 -3.60769859e+00 -3.73823236e+00
 -3.82052184e+00 -3.83669101e+00 -3.76886385e+00 -3.59916434e+00
 -3.31575833e+00 -2.94330441e+00 -2.52009360e+00 -2.08444038e+00
 -1.67465926e+00 -1.32906475e+00 -1.08597135e+00 -9.83693569e-01
 -1.06054590e+00 -1.35418786e+00 -1.86475032e+00 -2.53519081e+00
 -3.30366339e+00 -4.10832208e+00 -4.88732092e+00 -5.57881393e+00
 -6.12205900e+00 -6.49116805e+00 -6.70135208e+00 -6.77018557e+00
 -6.71524300e+00 -6.55409885e+00 -6.30432761e+00 -5.98350375e+00
 -5.60920175e+00 -5.19899610e+00 -4.76974715e+00 -4.33184137e+00
 -3.89221921e+00 -3.45778909e+00 -3.03545943e+00 -2.63213863e+00
 -2.25473512e+00 -1.91015731e+00 -1.60531363e+00 -1.34711248e+00
 -1.14246229e+00 -9.96651216e-01 -9.03572488e-01 -8.52230420e-01
 -8.31610578e-01 -8.30698530e-01 -8.38479840e-01 -8.43940076e-01
 -8.36064803e-01 -8.03839589e-01 -7.36351674e-01 -6.31141179e-01
 -5.00418712e-01 -3.57859848e-01 -2.17140160e-01 -9.19352239e-02
  4.07938762e-03  5.72281001e-02  5.72142213e-02  9.37851161e-03
 -7.64176941e-02 -1.90312612e-01 -3.22444459e-01 -4.62951451e-01
 -6.01971804e-01 -7.29643735e-01 -8.36105460e-01 -9.11793540e-01
 -9.53559053e-01 -9.64428455e-01 -9.47678700e-01 -9.06586740e-01
 -8.44429531e-01 -7.64484024e-01 -6.70027173e-01 -5.64335932e-01
 -4.50687253e-01 -3.32358091e-01 -2.12625398e-01 -9.47661272e-02
  1.79427672e-02  1.22224332e-01  2.14801615e-01  2.92397661e-01]
d_x_fitting=[ 20.67183463  30.45963511  40.2474356   50.03523608  59.82303657
  69.61083705  79.39863754  89.18643802  98.97423851 108.76203899
 118.54983948 128.33763997 138.12544045 147.91324094 157.70104142
 167.48884191 177.27664239 187.06444288 196.85224336 206.64004385
 216.42784433 226.21564482 236.00344531 245.79124579 255.57904628
 265.36684676 275.15464725 284.94244773 294.73024822 304.5180487
 314.30584919 324.09364968 333.88145016 343.66925065 353.45705113
 363.24485162 373.0326521  382.82045259 392.60825307 402.39605356
 412.18385404 421.97165453 431.75945502 441.5472555  451.33505599
 461.12285647 470.91065696 480.69845744 490.48625793 500.27405841
 510.0618589  519.84965938 529.63745987 539.42526036 549.21306084
 559.00086133 568.78866181 578.5764623  588.36426278 598.15206327
 607.93986375 617.72766424 627.51546472 637.30326521 647.0910657
 656.87886618 666.66666667 676.45446715 686.24226764 696.03006812
 705.81786861 715.60566909 725.39346958 735.18127006 744.96907055
 754.75687104 764.54467152 774.33247201 784.12027249 793.90807298
 803.69587346 813.48367395 823.27147443 833.05927492 842.84707541
 852.63487589 862.42267638 872.21047686 881.99827735 891.78607783
 901.57387832 911.3616788  921.14947929 930.93727977 940.72508026
 950.51288075 960.30068123 970.08848172 979.8762822  989.66408269]
d_y_fitting=[2.39766082 2.35275156 2.35598474 2.40369997 2.49223682 2.61793489
 2.77713375 2.966173   3.18139222 3.419131   3.67572893 3.94752559
 4.23086057 4.52207346 4.81750384 5.11349131 5.40637544 5.69249583
 5.96819206 6.22980371 6.47367039 6.69605117 6.89021897 7.04564828
 7.15156772 7.19720589 7.17179139 7.06455283 6.86471882 6.56151796
 6.14417886 5.61021265 4.99106525 4.32687236 3.6577697  3.02389296
 2.46537138 2.01275108 1.66776759 1.42676445 1.2860852  1.24207335
 1.29107246 1.42942605 1.65347765 1.95957081 2.34403656 2.79782104
 3.29810597 3.81990529 4.33823295 4.82810288 5.26452902 5.62252531
 5.87710569 6.00328409 5.97607445 5.7704941  5.37714422 4.8381129
 4.20610654 3.53383156 2.87399435 2.27930132 1.80245887 1.49617341
 1.41315134 1.60609907 2.11566159 2.88357911 3.8031313  4.7672653
 5.66892827 6.40132904 6.89932265 7.18466621 7.28999602 7.24794837
 7.09115956 6.85226589 6.56390365 6.25870915 5.96931869 5.72836855
 5.56849504 5.51569681 5.55685086 5.66455032 5.81136732 5.96987399
 6.11264248 6.21224492 6.24125343 6.17224017 5.97777726 5.63043683
 5.10279102 4.36741198 3.39687182 2.16374269]