
p_x=[14.642549526270457, 114.55641688199827, 251.50732127476317, 318.69078380706287, 400.5167958656331, 429.801894918174, 456.50301464254954, 500.4306632213609, 549.5262704565031, 633.9362618432386, 692.5064599483204, 744.1860465116279, 822.566752799311, 913.8673557278208, 986.2187769164514]
p_y=[1.5294117647058822, 5.764705882352941, 6.0, 7.176470588235294, 7.294117647058824, 7.882352941176471, 2.5882352941176467, 2.8235294117647056, 1.764705882352942, 1.882352941176471, 2.9411764705882346, 6.235294117647059, 2.11764705882353, 5.0588235294117645, 5.411764705882353]
a_x=[16.36520241171404, 61.1541774332472, 115.41774332472008, 221.36089577950042, 314.3841515934539, 405.68475452196384, 515.9345391903531, 644.2721791559001, 819.9827734711456, 988.8027562446167]
a_y=[-6.725146198830409, -2.163742690058479, -2.0467836257309955, -6.374269005847953, -2.514619883040936, -2.514619883040936, -7.777777777777779, -5.438596491228068, -4.269005847953215, -4.269005847953215]
d_x=[4.3066322136089585, 67.18346253229974, 154.17743324720067, 310.93884582256675, 416.0206718346253, 531.4384151593454, 694.229112833764, 832.0413436692506, 989.6640826873385]
d_y=[1.3450292397660828, 4.152046783625732, 4.152046783625732, 2.1637426900584797, 2.6315789473684212, 1.461988304093568, 2.280701754385966, 1.461988304093568, 2.397660818713451]
p_x_fitting=[ 14.64254953  24.45645081  34.2703521   44.08425339  53.89815467
  63.71205596  73.52595725  83.33985853  93.15375982 102.96766111
 112.78156239 122.59546368 132.40936497 142.22326625 152.03716754
 161.85106883 171.66497011 181.4788714  191.29277269 201.10667397
 210.92057526 220.73447655 230.54837784 240.36227912 250.17618041
 259.9900817  269.80398298 279.61788427 289.43178556 299.24568684
 309.05958813 318.87348942 328.6873907  338.50129199 348.31519328
 358.12909456 367.94299585 377.75689714 387.57079842 397.38469971
 407.198601   417.01250228 426.82640357 436.64030486 446.45420614
 456.26810743 466.08200872 475.89591    485.70981129 495.52371258
 505.33761386 515.15151515 524.96541644 534.77931773 544.59321901
 554.4071203  564.22102159 574.03492287 583.84882416 593.66272545
 603.47662673 613.29052802 623.10442931 632.91833059 642.73223188
 652.54613317 662.36003445 672.17393574 681.98783703 691.80173831
 701.6156396  711.42954089 721.24344217 731.05734346 740.87124475
 750.68514603 760.49904732 770.31294861 780.12684989 789.94075118
 799.75465247 809.56855375 819.38245504 829.19635633 839.01025761
 848.8241589  858.63806019 868.45196148 878.26586276 888.07976405
 897.89366534 907.70756662 917.52146791 927.3353692  937.14927048
 946.96317177 956.77707306 966.59097434 976.40487563 986.21877692]
p_y_fitting=[1.52941176 2.34801892 3.05960434 3.67125182 4.19004517 4.62306819
 4.97740468 5.26013844 5.47835328 5.639133   5.74956139 5.81672227
 5.84769943 5.84957667 5.8294378  5.79436663 5.75144694 5.70776255
 5.67039725 5.64643486 5.64295916 5.66705396 5.72580307 5.82629029
 5.97559941 6.17720596 6.41281061 6.65598638 6.88029237 7.05928767
 7.16653137 7.17558264 7.07344808 6.8980033  6.69915021 6.52679075
 6.43082683 6.46116037 6.66769329 7.10032752 7.77474553 8.32862964
 8.16487548 6.77363961 4.5928508  2.62440519 1.66371428 1.58659629
 2.02186697 2.59833897 2.95488499 2.96175965 2.72059949 2.34310111
 1.94096114 1.62311585 1.43421384 1.35416839 1.36004297 1.42890103
 1.537806   1.66382135 1.78401052 1.87543695 1.92347278 1.95894378
 2.02814046 2.17736619 2.45292435 2.90111831 3.54692738 4.30946234
 5.07504059 5.72996962 6.16055698 6.26238243 6.04056854 5.57175174
 4.93379878 4.20457637 3.46195126 2.78379016 2.2479598  1.9266789
 1.82857636 1.92221659 2.17553816 2.55647962 3.03297953 3.57297645
 4.14440895 4.71521558 5.25333491 5.72670549 6.10326589 6.35095466
 6.43771037 6.33147157 6.00017683 5.41176471]
a_x_fitting=[ 16.36520241  26.18780397  36.01040552  45.83300707  55.65560863
  65.47821018  75.30081173  85.12341329  94.94601484 104.7686164
 114.59121795 124.4138195  134.23642106 144.05902261 153.88162417
 163.70422572 173.52682727 183.34942883 193.17203038 202.99463194
 212.81723349 222.63983504 232.4624366  242.28503815 252.1076397
 261.93024126 271.75284281 281.57544437 291.39804592 301.22064747
 311.04324903 320.86585058 330.68845214 340.51105369 350.33365524
 360.1562568  369.97885835 379.8014599  389.62406146 399.44666301
 409.26926457 419.09186612 428.91446767 438.73706923 448.55967078
 458.38227234 468.20487389 478.02747544 487.850077   497.67267855
 507.49528011 517.31788166 527.14048321 536.96308477 546.78568632
 556.60828787 566.43088943 576.25349098 586.07609254 595.89869409
 605.72129564 615.5438972  625.36649875 635.18910031 645.01170186
 654.83430341 664.65690497 674.47950652 684.30210807 694.12470963
 703.94731118 713.76991274 723.59251429 733.41511584 743.2377174
 753.06031895 762.88292051 772.70552206 782.52812361 792.35072517
 802.17332672 811.99592827 821.81852983 831.64113138 841.46373294
 851.28633449 861.10893604 870.9315376  880.75413915 890.57674071
 900.39934226 910.22194381 920.04454537 929.86714692 939.68974848
 949.51235003 959.33495158 969.15755314 978.98015469 988.80275624]
a_y_fitting=[-6.7251462  -5.28042719 -4.1009927  -3.16852882 -2.46472159 -1.97125709
 -1.66982138 -1.54210054 -1.56978062 -1.73454769 -2.01808782 -2.40127909
 -2.86083521 -3.37213215 -3.91054526 -4.45144988 -4.97022134 -5.442235
 -5.84286617 -6.14749022 -6.33148248 -6.37023723 -6.25146685 -5.99640697
 -5.6319425  -5.18495832 -4.68233932 -4.15097039 -3.61773642 -3.10952229
 -2.6532129  -2.27435367 -1.98252864 -1.77683591 -1.65619011 -1.61950593
 -1.665698   -1.793681   -2.00236957 -2.29067838 -2.65739765 -3.0953041
 -3.58860477 -4.12085087 -4.67559356 -5.23638404 -5.7867735  -6.31031311
 -6.79055408 -7.21104758 -7.55534479 -7.80700954 -7.95626518 -8.01091187
 -7.98161588 -7.87904349 -7.71386096 -7.49673457 -7.2383306  -6.9493153
 -6.64035496 -6.32211584 -6.00526421 -5.70046636 -5.41838767 -5.16714814
 -4.9467344  -4.75551201 -4.59184656 -4.4541036  -4.34064871 -4.24984746
 -4.18006543 -4.12966817 -4.09702126 -4.08049027 -4.07844078 -4.08923835
 -4.11124854 -4.14283695 -4.18236912 -4.22821064 -4.27872707 -4.33228398
 -4.38724695 -4.44198155 -4.49485334 -4.54422789 -4.58847078 -4.62594758
 -4.65502385 -4.67406517 -4.6814371  -4.67550523 -4.65463511 -4.61719232
 -4.56154243 -4.486051   -4.38908362 -4.26900585]
d_x_fitting=[  4.30663221  14.25973777  24.21284333  34.16594889  44.11905445
  54.07216002  64.02526558  73.97837114  83.9314767   93.88458226
 103.83768782 113.79079338 123.74389894 133.6970045  143.65011006
 153.60321562 163.55632118 173.50942674 183.4625323  193.41563786
 203.36874342 213.32184898 223.27495454 233.2280601  243.18116566
 253.13427122 263.08737678 273.04048234 282.9935879  292.94669346
 302.89979902 312.85290458 322.80601014 332.7591157  342.71222127
 352.66532683 362.61843239 372.57153795 382.52464351 392.47774907
 402.43085463 412.38396019 422.33706575 432.29017131 442.24327687
 452.19638243 462.14948799 472.10259355 482.05569911 492.00880467
 501.96191023 511.91501579 521.86812135 531.82122691 541.77433247
 551.72743803 561.68054359 571.63364915 581.58675471 591.53986027
 601.49296583 611.44607139 621.39917695 631.35228252 641.30538808
 651.25849364 661.2115992  671.16470476 681.11781032 691.07091588
 701.02402144 710.977127   720.93023256 730.88333812 740.83644368
 750.78954924 760.7426548  770.69576036 780.64886592 790.60197148
 800.55507704 810.5081826  820.46128816 830.41439372 840.36749928
 850.32060484 860.2737104  870.22681596 880.17992152 890.13302708
 900.08613264 910.0392382  919.99234376 929.94544933 939.89855489
 949.85166045 959.80476601 969.75787157 979.71097713 989.66408269]
d_y_fitting=[1.34502924 2.0170644  2.59527847 3.08535359 3.49297188 3.82381549
 4.08356653 4.27790716 4.41251949 4.49308566 4.52528781 4.51480806
 4.46732855 4.38853141 4.28409877 4.15971277 4.02065727 3.87032141
 3.71153147 3.54711364 3.37989411 3.21269908 3.04835473 2.88968727
 2.73952288 2.60068776 2.4760081  2.36831008 2.28041991 2.21516378
 2.17536787 2.16384772 2.18091891 2.2211976  2.27850953 2.34668045
 2.41953609 2.4909022  2.55460451 2.60446878 2.63432073 2.63798613
 2.60978857 2.55056834 2.46574417 2.36082979 2.24133895 2.11278539
 1.98068287 1.85054511 1.72788588 1.61821892 1.52705797 1.45991668
 1.42071352 1.4076803  1.41778226 1.44798465 1.4952527  1.55655164
 1.62884672 1.70910317 1.79428623 1.88136112 1.9672931  2.0490474
 2.12358926 2.1878839  2.23889658 2.27359252 2.28920125 2.28585265
 2.2654692  2.22999992 2.18139383 2.12159995 2.0525673  1.9762449
 1.89458176 1.80952691 1.72302937 1.63703816 1.55350229 1.47437079
 1.40159268 1.33711697 1.28289269 1.24086886 1.21299449 1.20121861
 1.20749023 1.23375838 1.28197207 1.35408033 1.45203217 1.57777661
 1.73326268 1.92043939 2.14125576 2.39766082]