
p_x=[9.474590869939707, 69.76744186046511, 145.56416881998277, 249.78466838931956, 294.57364341085275, 389.3195521102498, 444.4444444444444, 540.913006029285, 645.1335055986219, 734.7114556416882, 794.1429801894918, 900.947459086994, 975.0215331610681]
p_y=[-2.2352941176470598, -6.0, -7.647058823529413, -2.5882352941176467, -6.5882352941176485, -7.0588235294117645, -7.529411764705884, -7.529411764705884, -6.0, -7.764705882352942, -8.352941176470587, -6.0, -6.235294117647058]
a_x=[9.474590869939707, 98.19121447028424, 203.27304048234282, 299.74160206718346, 352.2825150732127, 428.9405684754522, 486.64944013781223, 537.4677002583979, 616.7097329888027, 706.287683031869, 788.1136950904393, 881.9982773471146, 981.9121447028424]
a_y=[-7.309941520467834, -5.204678362573098, -0.5263157894736832, -0.9941520467836256, -6.257309941520468, -6.959064327485379, -7.894736842105264, -8.128654970760234, -6.725146198830409, -4.7368421052631575, -5.087719298245615, -4.502923976608187, -2.8654970760233915]
d_x=[20.671834625322997, 107.66580534022395, 186.04651162790697, 301.464254952627, 403.1007751937984, 555.5555555555555, 670.9732988802756, 775.1937984496125, 888.8888888888888, 994.8320413436692]
d_y=[-2.9824561403508767, -3.9181286549707615, -4.502923976608187, -3.333333333333332, -5.321637426900585, -2.0467836257309955, -0.9941520467836256, 1.9298245614035086, 2.0467836257309946, 2.7485380116959064]
p_x_fitting=[  9.47459087  19.22759029  28.9805897   38.73358912  48.48658854
  58.23958796  67.99258737  77.74558679  87.49858621  97.25158562
 107.00458504 116.75758446 126.51058387 136.26358329 146.01658271
 155.76958213 165.52258154 175.27558096 185.02858038 194.78157979
 204.53457921 214.28757863 224.04057805 233.79357746 243.54657688
 253.2995763  263.05257571 272.80557513 282.55857455 292.31157397
 302.06457338 311.8175728  321.57057222 331.32357163 341.07657105
 350.82957047 360.58256988 370.3355693  380.08856872 389.84156814
 399.59456755 409.34756697 419.10056639 428.8535658  438.60656522
 448.35956464 458.11256406 467.86556347 477.61856289 487.37156231
 497.12456172 506.87756114 516.63056056 526.38355998 536.13655939
 545.88955881 555.64255823 565.39555764 575.14855706 584.90155648
 594.65455589 604.40755531 614.16055473 623.91355415 633.66655356
 643.41955298 653.1725524  662.92555181 672.67855123 682.43155065
 692.18455007 701.93754948 711.6905489  721.44354832 731.19654773
 740.94954715 750.70254657 760.45554599 770.2085454  779.96154482
 789.71454424 799.46754365 809.22054307 818.97354249 828.7265419
 838.47954132 848.23254074 857.98554016 867.73853957 877.49153899
 887.24453841 896.99753782 906.75053724 916.50353666 926.25653608
 936.00953549 945.76253491 955.51553433 965.26853374 975.02153316]
p_y_fitting=[-2.23529412 -2.7534963  -3.33641874 -3.96276715 -4.61124727 -5.26056481
 -5.8894255  -6.47653507 -7.00059923 -7.44032372 -7.77441425 -7.98157654
 -8.04051633 -7.92993934 -7.62855256 -7.12964579 -6.4772785  -5.72655175
 -4.93256657 -4.15042402 -3.43522515 -2.84207102 -2.42606267 -2.24230116
 -2.34588754 -2.79040063 -3.5536345  -4.50407901 -5.50171477 -6.40652239
 -7.09185645 -7.54071643 -7.78981521 -7.87623392 -7.83705371 -7.70935573
 -7.53022112 -7.33673102 -7.16596658 -7.05500747 -7.02964552 -7.07720056
 -7.17680333 -7.30758458 -7.44867507 -7.57942048 -7.68745187 -7.77112298
 -7.82950013 -7.86164963 -7.86663777 -7.84353087 -7.79139525 -7.70929721
 -7.59630305 -7.45170203 -7.27967185 -7.08914968 -6.88926973 -6.68916624
 -6.49797346 -6.32482562 -6.17885695 -6.0692017  -6.00499409 -5.99536838
 -6.04767757 -6.15708968 -6.31367229 -6.50747573 -6.72855033 -6.96694642
 -7.21271431 -7.45590435 -7.68656685 -7.89492959 -8.07349984 -8.21636528
 -8.31764536 -8.37145953 -8.37192723 -8.31357122 -8.19845904 -8.03535032
 -7.83323674 -7.60110999 -7.34796174 -7.08278369 -6.81456751 -6.55230488
 -6.30498749 -6.08160701 -5.89115514 -5.74262355 -5.64500392 -5.60728794
 -5.63846729 -5.74753364 -5.94347869 -6.23529412]
a_x_fitting=[  9.47459087  19.29719242  29.11979398  38.94239553  48.76499709
  58.58759864  68.41020019  78.23280175  88.0554033   97.87800485
 107.70060641 117.52320796 127.34580952 137.16841107 146.99101262
 156.81361418 166.63621573 176.45881729 186.28141884 196.10402039
 205.92662195 215.7492235  225.57182506 235.39442661 245.21702816
 255.03962972 264.86223127 274.68483282 284.50743438 294.33003593
 304.15263749 313.97523904 323.79784059 333.62044215 343.4430437
 353.26564526 363.08824681 372.91084836 382.73344992 392.55605147
 402.37865302 412.20125458 422.02385613 431.84645769 441.66905924
 451.49166079 461.31426235 471.1368639  480.95946546 490.78206701
 500.60466856 510.42727012 520.24987167 530.07247322 539.89507478
 549.71767633 559.54027789 569.36287944 579.18548099 589.00808255
 598.8306841  608.65328566 618.47588721 628.29848876 638.12109032
 647.94369187 657.76629343 667.58889498 677.41149653 687.23409809
 697.05669964 706.87930119 716.70190275 726.5245043  736.34710586
 746.16970741 755.99230896 765.81491052 775.63751207 785.46011363
 795.28271518 805.10531673 814.92791829 824.75051984 834.57312139
 844.39572295 854.2183245  864.04092606 873.86352761 883.68612916
 893.50873072 903.33133227 913.15393383 922.97653538 932.79913693
 942.62173849 952.44434004 962.2669416  972.08954315 981.9121447 ]
a_y_fitting=[-7.30994152 -7.26666291 -7.16614641 -7.01264674 -6.81041857 -6.56371662
 -6.27679558 -5.95391015 -5.59931503 -5.21726492 -4.81201452 -4.38781852
 -3.94893163 -3.49960854 -3.04410395 -2.58667256 -2.13156908 -1.68304819
 -1.24536459 -0.822773   -0.41958275 -0.04556456  0.27947301  0.53464373
  0.69906139  0.75183978  0.67209269  0.43893388  0.03147715 -0.57116372
 -1.38812238 -2.38665829 -3.47477995 -4.55725978 -5.53887017 -6.32440777
 -6.85074299 -7.1500244  -7.27201127 -7.26646289 -7.18313853 -7.07179747
 -6.98219899 -6.96377194 -7.039497   -7.18701673 -7.37951769 -7.59018647
 -7.79220962 -7.95914381 -8.07731589 -8.14876258 -8.17648657 -8.16349052
 -8.11277627 -8.02724102 -7.90957716 -7.76245329 -7.58853805 -7.39050005
 -7.17100792 -6.93273027 -6.67834045 -6.41182765 -6.14028867 -5.87126876
 -5.61231315 -5.3709671  -5.15477586 -4.97128466 -4.82803876 -4.73258278
 -4.68900545 -4.68984943 -4.72524888 -4.78533798 -4.86025093 -4.94012188
 -5.01508504 -5.07527456 -5.11157799 -5.12189995 -5.1079629  -5.07152752
 -5.01435448 -4.93820446 -4.84483812 -4.73601613 -4.61349918 -4.47904793
 -4.33442305 -4.18138523 -4.02169512 -3.85711341 -3.68940077 -3.52031786
 -3.35162537 -3.18508395 -3.0224543  -2.86549708]
d_x_fitting=[ 20.67183463  30.51183671  40.3518388   50.19184089  60.03184298
  69.87184507  79.71184715  89.55184924  99.39185133 109.23185342
 119.07185551 128.91185759 138.75185968 148.59186177 158.43186386
 168.27186595 178.11186803 187.95187012 197.79187221 207.6318743
 217.47187639 227.31187847 237.15188056 246.99188265 256.83188474
 266.67188683 276.51188891 286.351891   296.19189309 306.03189518
 315.87189727 325.71189936 335.55190144 345.39190353 355.23190562
 365.07190771 374.9119098  384.75191188 394.59191397 404.43191606
 414.27191815 424.11192024 433.95192232 443.79192441 453.6319265
 463.47192859 473.31193068 483.15193276 492.99193485 502.83193694
 512.67193903 522.51194112 532.3519432  542.19194529 552.03194738
 561.87194947 571.71195156 581.55195364 591.39195573 601.23195782
 611.07195991 620.911962   630.75196409 640.59196617 650.43196826
 660.27197035 670.11197244 679.95197453 689.79197661 699.6319787
 709.47198079 719.31198288 729.15198497 738.99198705 748.83198914
 758.67199123 768.51199332 778.35199541 788.19199749 798.03199958
 807.87200167 817.71200376 827.55200585 837.39200793 847.23201002
 857.07201211 866.9120142  876.75201629 886.59201837 896.43202046
 906.27202255 916.11202464 925.95202673 935.79202882 945.6320309
 955.47203299 965.31203508 975.15203717 984.99203926 994.83204134]
d_y_fitting=[-2.98245614 -2.99814205 -3.04844435 -3.12826645 -3.2325118  -3.35608383
 -3.49388597 -3.64082164 -3.79179429 -3.94170734 -4.08546423 -4.21796839
 -4.33412325 -4.42883224 -4.4969988  -4.53352635 -4.53331833 -4.49129623
 -4.40653989 -4.28757432 -4.14422879 -3.98633262 -3.82371511 -3.66620557
 -3.5236333  -3.40582759 -3.32261777 -3.28383311 -3.29930295 -3.37846088
 -3.51990523 -3.71033765 -3.93585125 -4.18253914 -4.43649442 -4.68381022
 -4.91057963 -5.10289576 -5.24685173 -5.32854956 -5.33932483 -5.284549
 -5.17192195 -5.00914359 -4.80391383 -4.56393256 -4.29689969 -4.01051512
 -3.71247875 -3.41049048 -3.11225021 -2.82545785 -2.55781329 -2.31701644
 -2.11076719 -1.94607441 -1.82114636 -1.7281267  -1.65903915 -1.60590738
 -1.56075511 -1.51560603 -1.46248383 -1.39341222 -1.30041489 -1.17551553
 -1.01073785 -0.80028474 -0.54970673 -0.26823621  0.0348925   0.3504451
  0.66918728  0.98188473  1.27930314  1.5522082   1.7913656   1.98761835
  2.1368911   2.2432502   2.31149435  2.34642222  2.35283249  2.33552385
  2.29929499  2.24894457  2.18927129  2.12507382  2.06115085  2.00230106
  1.95332313  1.91901574  1.90417758  1.91360732  1.95210365  2.02446526
  2.13549081  2.289979    2.49272851  2.74853801]