
p_x=[31.007751937984494, 131.78294573643413, 273.04048234280793, 399.6554694229113, 608.0964685615849, 765.7192075796727, 985.3574504737296]
p_y=[2.3529411764705888, 4.823529411764706, 5.0588235294117645, 1.5294117647058822, 4.9411764705882355, 5.764705882352941, 5.294117647058823]
a_x=[18.08785529715762, 84.40999138673558, 183.4625322997416, 256.6752799310939, 390.1808785529716, 528.85443583118, 667.5279931093885, 852.7131782945736, 974.1602067183462]
a_y=[-5.438596491228068, -5.321637426900585, -2.8654970760233915, -3.099415204678362, -6.023391812865498, -6.725146198830409, -3.9181286549707615, -3.2163742690058488, -3.099415204678362]
d_x=[9.474590869939707, 207.57967269595176, 423.77260981912144, 682.1705426356589, 987.0801033591732]
d_y=[1.9298245614035086, 3.6842105263157894, 3.333333333333334, 4.152046783625732, 3.5672514619883042]
p_x_fitting=[ 31.00775194  40.64764788  50.28754383  59.92743977  69.56733572
  79.20723166  88.84712761  98.48702355 108.1269195  117.76681544
 127.40671139 137.04660733 146.68650328 156.32639922 165.96629517
 175.60619111 185.24608705 194.885983   204.52587894 214.16577489
 223.80567083 233.44556678 243.08546272 252.72535867 262.36525461
 272.00515056 281.6450465  291.28494245 300.92483839 310.56473434
 320.20463028 329.84452623 339.48442217 349.12431812 358.76421406
 368.40411001 378.04400595 387.6839019  397.32379784 406.96369379
 416.60358973 426.24348568 435.88338162 445.52327756 455.16317351
 464.80306945 474.4429654  484.08286134 493.72275729 503.36265323
 513.00254918 522.64244512 532.28234107 541.92223701 551.56213296
 561.2020289  570.84192485 580.48182079 590.12171674 599.76161268
 609.40150863 619.04140457 628.68130052 638.32119646 647.96109241
 657.60098835 667.2408843  676.88078024 686.52067618 696.16057213
 705.80046807 715.44036402 725.08025996 734.72015591 744.36005185
 753.9999478  763.63984374 773.27973969 782.91963563 792.55953158
 802.19942752 811.83932347 821.47921941 831.11911536 840.7590113
 850.39890725 860.03880319 869.67869914 879.31859508 888.95849103
 898.59838697 908.23828292 917.87817886 927.5180748  937.15797075
 946.79786669 956.43776264 966.07765858 975.71755453 985.35745047]
p_y_fitting=[2.35294118 2.61148376 2.86983258 3.12638886 3.37955385 3.62772876
 3.86931485 4.10271333 4.32632544 4.53855242 4.7377955  4.92245591
 5.09093488 5.24163365 5.37295345 5.48329552 5.57106108 5.63465137
 5.67246763 5.68291108 5.66438296 5.6152845  5.53401694 5.41898151
 5.26857944 5.08121197 4.85627866 4.59870237 4.31530541 4.01291186
 3.69834579 3.37843125 3.05999232 2.74985306 2.45483753 2.18176981
 1.93747395 1.72877402 1.56249409 1.44471869 1.37526715 1.35080418
 1.36797046 1.42340669 1.51375356 1.63565174 1.78574194 1.96066483
 2.15706112 2.37157148 2.6008366  2.84149718 3.0901939  3.34356745
 3.59825851 3.85090779 4.09815596 4.33664372 4.56301175 4.77390074
 4.96595317 5.1368627  5.28714128 5.41776824 5.52972294 5.62398472
 5.70153293 5.7633469  5.81040599 5.84368953 5.86417688 5.87284737
 5.87068036 5.85865518 5.83775118 5.80894771 5.77322411 5.73155972
 5.68493389 5.63432596 5.58071528 5.52508119 5.46840304 5.41166017
 5.35583193 5.30189766 5.2508367  5.2036284  5.16125211 5.12468716
 5.0949129  5.07290869 5.05965385 5.05612775 5.06330971 5.08217909
 5.11371523 5.15889747 5.21870516 5.29411765]
a_x_fitting=[ 18.0878553   27.74515178  37.40244826  47.05974473  56.71704121
  66.37433769  76.03163417  85.68893065  95.34622713 105.00352361
 114.66082009 124.31811657 133.97541305 143.63270952 153.290006
 162.94730248 172.60459896 182.26189544 191.91919192 201.5764884
 211.23378488 220.89108136 230.54837784 240.20567431 249.86297079
 259.52026727 269.17756375 278.83486023 288.49215671 298.14945319
 307.80674967 317.46404615 327.12134263 336.7786391  346.43593558
 356.09323206 365.75052854 375.40782502 385.0651215  394.72241798
 404.37971446 414.03701094 423.69430742 433.35160389 443.00890037
 452.66619685 462.32349333 471.98078981 481.63808629 491.29538277
 500.95267925 510.60997573 520.26727221 529.92456868 539.58186516
 549.23916164 558.89645812 568.5537546  578.21105108 587.86834756
 597.52564404 607.18294052 616.840237   626.49753347 636.15482995
 645.81212643 655.46942291 665.12671939 674.78401587 684.44131235
 694.09860883 703.75590531 713.41320179 723.07049826 732.72779474
 742.38509122 752.0423877  761.69968418 771.35698066 781.01427714
 790.67157362 800.3288701  809.98616658 819.64346305 829.30075953
 838.95805601 848.61535249 858.27264897 867.92994545 877.58724193
 887.24453841 896.90183489 906.55913137 916.21642784 925.87372432
 935.5310208  945.18831728 954.84561376 964.50291024 974.16020672]
a_y_fitting=[-5.43859649 -5.63101427 -5.73833096 -5.76899587 -5.7314583  -5.63416753
 -5.48557288 -5.29412363 -5.0682691  -4.81645856 -4.54714134 -4.26876671
 -3.98978399 -3.71864247 -3.46379144 -3.23368021 -3.03675808 -2.88147434
 -2.77489307 -2.71600591 -2.70088836 -2.72561196 -2.78624824 -2.87886871
 -2.99954493 -3.14435371 -3.30980012 -3.49312577 -3.691645   -3.90267214
 -4.1235215  -4.35150742 -4.58394423 -4.81814625 -5.05142781 -5.28110323
 -5.50448685 -5.71889299 -5.92163598 -6.11006362 -6.28241273 -6.43788085
 -6.57571337 -6.69515569 -6.79545319 -6.87585126 -6.93559529 -6.97393067
 -6.99010279 -6.98335704 -6.95293881 -6.89809349 -6.81806647 -6.71210404
 -6.58036429 -6.42563037 -6.25115497 -6.0601908  -5.85599054 -5.64180691
 -5.42089258 -5.19650027 -4.97188267 -4.75029247 -4.53498238 -4.3292051
 -4.13621331 -3.95925972 -3.80129054 -3.6625964  -3.54210567 -3.4387356
 -3.35140344 -3.27902645 -3.22052189 -3.17480701 -3.14079906 -3.1174153
 -3.10357298 -3.09818935 -3.10018168 -3.10846721 -3.12196321 -3.13958692
 -3.1602556  -3.1828865  -3.20639688 -3.229704   -3.2517251  -3.27137744
 -3.28757828 -3.29924488 -3.30529447 -3.30464433 -3.29621171 -3.27891385
 -3.25166802 -3.21339146 -3.16300144 -3.0994152 ]
d_x_fitting=[  9.47459087  19.34939403  29.22419718  39.09900034  48.9738035
  58.84860665  68.72340981  78.59821297  88.47301612  98.34781928
 108.22262243 118.09742559 127.97222875 137.8470319  147.72183506
 157.59663822 167.47144137 177.34624453 187.22104769 197.09585084
 206.970654   216.84545716 226.72026031 236.59506347 246.46986662
 256.34466978 266.21947294 276.09427609 285.96907925 295.84388241
 305.71868556 315.59348872 325.46829188 335.34309503 345.21789819
 355.09270135 364.9675045  374.84230766 384.71711082 394.59191397
 404.46671713 414.34152028 424.21632344 434.0911266  443.96592975
 453.84073291 463.71553607 473.59033922 483.46514238 493.33994554
 503.21474869 513.08955185 522.96435501 532.83915816 542.71396132
 552.58876448 562.46356763 572.33837079 582.21317394 592.0879771
 601.96278026 611.83758341 621.71238657 631.58718973 641.46199288
 651.33679604 661.2115992  671.08640235 680.96120551 690.83600867
 700.71081182 710.58561498 720.46041813 730.33522129 740.21002445
 750.0848276  759.95963076 769.83443392 779.70923707 789.58404023
 799.45884339 809.33364654 819.2084497  829.08325286 838.95805601
 848.83285917 858.70766233 868.58246548 878.45726864 888.33207179
 898.20687495 908.08167811 917.95648126 927.83128442 937.70608758
 947.58089073 957.45569389 967.33049705 977.2053002  987.08010336]
d_y_fitting=[1.92982456 2.12208384 2.30067184 2.46603278 2.61861085 2.75885027
 2.88719525 3.00408999 3.1099787  3.20530558 3.29051485 3.36605072
 3.43235738 3.48987904 3.53905992 3.58034422 3.61417615 3.64099992
 3.66125973 3.67539979 3.6838643  3.68709748 3.68554354 3.67964667
 3.66985109 3.65660101 3.64034062 3.62151415 3.60056579 3.57793976
 3.55408026 3.52943149 3.50443768 3.47954301 3.45519171 3.43182797
 3.40989601 3.38984003 3.37210424 3.35713285 3.34537007 3.33726009
 3.33324713 3.33364787 3.33833322 3.34707667 3.35965176 3.37583197
 3.39539083 3.41810185 3.44373854 3.4720744  3.50288296 3.53593772
 3.57101219 3.60787989 3.64631432 3.686089   3.72697744 3.76875315
 3.81118964 3.85406042 3.897139   3.9401989  3.98301363 4.02535669
 4.0670016  4.10772187 4.14729101 4.18548253 4.22206994 4.25682676
 4.28952649 4.31994265 4.34784875 4.3730183  4.39522481 4.41424179
 4.42984276 4.44180121 4.44989068 4.45388466 4.45355666 4.44868021
 4.43902881 4.42437597 4.4044952  4.37916002 4.34814393 4.31122045
 4.26816308 4.21874535 4.16274075 4.09992281 4.03006503 3.95294092
 3.868324   3.77598778 3.67570576 3.56725146]