
p_x=[14.642549526270457, 119.72437553832903, 202.41171403962102, 307.49354005167953, 390.1808785529716, 466.838931955211, 546.0809646856159, 605.5124892334195, 664.944013781223, 721.7915590008613, 745.9086993970715, 804.4788975021532, 867.3557278208441, 905.254091300603, 942.29112833764, 983.634797588286]
p_y=[-1.764705882352942, -5.529411764705882, -6.0, -7.0588235294117645, -4.0, -2.2352941176470598, -2.0, -6.470588235294116, -8.588235294117649, -6.470588235294116, -2.8235294117647065, -1.764705882352942, -3.2941176470588225, -2.5882352941176467, -2.0, -2.4705882352941178]
a_x=[12.919896640826872, 104.22049956933678, 186.90783807062877, 293.71231696813095, 376.3996554694229, 472.0068906115418, 564.1688199827735, 603.7898363479759, 694.229112833764, 812.2308354866494, 853.5745047372955, 922.4806201550388, 977.6055124892334, 995.693367786391]
a_y=[-6.842105263157894, -3.9181286549707615, -4.502923976608187, -1.8128654970760234, -0.7602339181286553, -0.8771929824561404, -6.257309941520468, -7.076023391812864, -2.0467836257309955, -1.6959064327485365, -1.3450292397660828, -1.578947368421053, -1.8128654970760234, -1.8128654970760234]
d_x=[12.058570198105082, 111.9724375538329, 272.17915590008613, 443.58311800172265, 560.7235142118863, 705.4263565891473, 828.5960378983634, 953.4883720930233, 995.693367786391]
d_y=[1.8128654970760234, 3.450292397660819, 1.9298245614035086, 4.035087719298246, 1.3450292397660828, 3.9181286549707606, 4.619883040935672, 6.023391812865498, 6.842105263157895]
p_x_fitting=[ 14.64254953  24.43035001  34.2181505   44.00595098  53.79375147
  63.58155195  73.36935244  83.15715292  92.94495341 102.7327539
 112.52055438 122.30835487 132.09615535 141.88395584 151.67175632
 161.45955681 171.24735729 181.03515778 190.82295826 200.61075875
 210.39855924 220.18635972 229.97416021 239.76196069 249.54976118
 259.33756166 269.12536215 278.91316263 288.70096312 298.48876361
 308.27656409 318.06436458 327.85216506 337.63996555 347.42776603
 357.21556652 367.003367   376.79116749 386.57896797 396.36676846
 406.15456895 415.94236943 425.73016992 435.5179704  445.30577089
 455.09357137 464.88137186 474.66917234 484.45697283 494.24477331
 504.0325738  513.82037429 523.60817477 533.39597526 543.18377574
 552.97157623 562.75937671 572.5471772  582.33497768 592.12277817
 601.91057865 611.69837914 621.48617963 631.27398011 641.0617806
 650.84958108 660.63738157 670.42518205 680.21298254 690.00078302
 699.78858351 709.57638399 719.36418448 729.15198497 738.93978545
 748.72758594 758.51538642 768.30318691 778.09098739 787.87878788
 797.66658836 807.45438885 817.24218934 827.02998982 836.81779031
 846.60559079 856.39339128 866.18119176 875.96899225 885.75679273
 895.54459322 905.3323937  915.12019419 924.90799468 934.69579516
 944.48359565 954.27139613 964.05919662 973.8469971  983.63479759]
p_y_fitting=[-1.76470588 -2.48820603 -3.11309437 -3.64693346 -4.09728587 -4.47171417
 -4.77778092 -5.02304868 -5.21508002 -5.36143751 -5.46968371 -5.54738119
 -5.6020925  -5.64138022 -5.6728069  -5.70393513 -5.74232745 -5.79554644
 -5.87115465 -5.97671466 -6.11797138 -6.2879054  -6.47402809 -6.66382998
 -6.84480159 -7.00443347 -7.13021612 -7.20964009 -7.2301959  -7.17937407
 -7.04466775 -6.81996375 -6.51929666 -6.16065972 -5.76204619 -5.34144932
 -4.91686237 -4.50627861 -4.12769127 -3.79788378 -3.51764652 -3.27645549
 -3.06354783 -2.86816071 -2.67953125 -2.48689661 -2.27949395 -2.04987454
 -1.81508335 -1.60314343 -1.44212963 -1.36011681 -1.38517982 -1.54539351
 -1.86883272 -2.37870298 -3.04863758 -3.823339   -4.6471478  -5.46440451
 -6.21944968 -6.85972257 -7.37362432 -7.77853496 -8.09244624 -8.33334994
 -8.51923781 -8.66533688 -8.73816571 -8.66259842 -8.36216808 -7.76040773
 -6.78085045 -5.38129547 -3.81580321 -2.48817248 -1.63521466 -1.19920128
 -1.09265777 -1.22810958 -1.51808213 -1.87541157 -2.23621252 -2.575635
 -2.87255758 -3.10585881 -3.25441724 -3.29711144 -3.21981506 -3.04862696
 -2.8239962  -2.58638957 -2.37108084 -2.19306417 -2.06238403 -1.9890849
 -1.98321128 -2.05480764 -2.21391846 -2.47058824]
a_x_fitting=[ 12.91989664  22.8469014   32.77390616  42.70091092  52.62791568
  62.55492044  72.4819252   82.40892995  92.33593471 102.26293947
 112.18994423 122.11694899 132.04395375 141.97095851 151.89796327
 161.82496803 171.75197279 181.67897754 191.6059823  201.53298706
 211.45999182 221.38699658 231.31400134 241.2410061  251.16801086
 261.09501562 271.02202038 280.94902514 290.87602989 300.80303465
 310.73003941 320.65704417 330.58404893 340.51105369 350.43805845
 360.36506321 370.29206797 380.21907273 390.14607748 400.07308224
 410.000087   419.92709176 429.85409652 439.78110128 449.70810604
 459.6351108  469.56211556 479.48912032 489.41612508 499.34312983
 509.27013459 519.19713935 529.12414411 539.05114887 548.97815363
 558.90515839 568.83216315 578.75916791 588.68617267 598.61317742
 608.54018218 618.46718694 628.3941917  638.32119646 648.24820122
 658.17520598 668.10221074 678.0292155  687.95622026 697.88322502
 707.81022977 717.73723453 727.66423929 737.59124405 747.51824881
 757.44525357 767.37225833 777.29926309 787.22626785 797.15327261
 807.08027736 817.00728212 826.93428688 836.86129164 846.7882964
 856.71530116 866.64230592 876.56931068 886.49631544 896.4233202
 906.35032495 916.27732971 926.20433447 936.13133923 946.05834399
 955.98534875 965.91235351 975.83935827 985.76636303 995.69336779]
a_y_fitting=[-6.84210526 -6.03947785 -5.38732595 -4.8722219  -4.48073801 -4.19944662
 -4.01492007 -3.91373067 -3.88245075 -3.90765266 -3.97590871 -4.07379124
 -4.18787257 -4.30472504 -4.41092097 -4.4930327  -4.53763255 -4.53129285
 -4.46101212 -4.32494054 -4.13318555 -3.89644211 -3.62540521 -3.33076981
 -3.02323088 -2.71348341 -2.41222236 -2.1301427  -1.87793941 -1.66520405
 -1.49068826 -1.34699104 -1.2266408  -1.12216592 -1.02609479 -0.93095582
 -0.82927739 -0.71379342 -0.58599792 -0.45923101 -0.34767331 -0.2655054
 -0.22690787 -0.24606131 -0.33714632 -0.51434348 -0.79183339 -1.18114984
 -1.67107372 -2.23878991 -2.86139095 -3.51596942 -4.17961786 -4.82942881
 -5.44249485 -5.99590851 -6.46667118 -6.82935644 -7.05591077 -7.11814953
 -6.98909637 -6.67258152 -6.20501693 -5.6243782  -4.96864093 -4.27578072
 -3.58377316 -2.93059387 -2.35421842 -1.89216235 -1.56016012 -1.34316654
 -1.22380884 -1.18471424 -1.20850998 -1.27782327 -1.37528136 -1.48351146
 -1.5851408  -1.66279662 -1.69910614 -1.67753132 -1.60254483 -1.50068873
 -1.39955174 -1.32653472 -1.29626047 -1.30262653 -1.33763567 -1.39329068
 -1.46159433 -1.5345494  -1.60422274 -1.66558095 -1.71761307 -1.75960435
 -1.79084    -1.81060526 -1.81818535 -1.8128655 ]
d_x_fitting=[ 12.0585702   21.99427522  31.92998025  41.86568528  51.8013903
  61.73709533  71.67280035  81.60850538  91.54421041 101.47991543
 111.41562046 121.35132549 131.28703051 141.22273554 151.15844056
 161.09414559 171.02985062 180.96555564 190.90126067 200.83696569
 210.77267072 220.70837575 230.64408077 240.5797858  250.51549083
 260.45119585 270.38690088 280.3226059  290.25831093 300.19401596
 310.12972098 320.06542601 330.00113103 339.93683606 349.87254109
 359.80824611 369.74395114 379.67965617 389.61536119 399.55106622
 409.48677124 419.42247627 429.3581813  439.29388632 449.22959135
 459.16529637 469.1010014  479.03670643 488.97241145 498.90811648
 508.84382151 518.77952653 528.71523156 538.65093658 548.58664161
 558.52234664 568.45805166 578.39375669 588.32946171 598.26516674
 608.20087177 618.13657679 628.07228182 638.00798685 647.94369187
 657.8793969  667.81510192 677.75080695 687.68651198 697.622217
 707.55792203 717.49362705 727.42933208 737.36503711 747.30074213
 757.23644716 767.17215219 777.10785721 787.04356224 796.97926726
 806.91497229 816.85067732 826.78638234 836.72208737 846.65779239
 856.59349742 866.52920245 876.46490747 886.4006125  896.33631752
 906.27202255 916.20772758 926.1434326  936.07913763 946.01484266
 955.95054768 965.88625271 975.82195773 985.75766276 995.69336779]
d_y_fitting=[1.8128655  2.23249738 2.58355505 2.87045519 3.09761448 3.26944958
 3.39037717 3.46481395 3.49717657 3.49188172 3.45334608 3.38598632
 3.29421912 3.18246116 3.05512911 2.91663966 2.77140947 2.62385523
 2.47839361 2.33944129 2.21141495 2.09873126 2.00580691 1.93705856
 1.8969029  1.8897566  1.92003634 1.99119138 2.09995481 2.24021124
 2.40583499 2.59070033 2.78868159 2.99365305 3.19948901 3.40006378
 3.58925166 3.76092694 3.90896392 4.0272369  4.10962019 4.14998809
 4.14221488 4.08017488 3.95827478 3.77998074 3.55633795 3.298625
 3.01812048 2.72610297 2.43385105 2.15264331 1.89375832 1.66847466
 1.48807093 1.36382571 1.30556276 1.31157789 1.37467989 1.48764403
 1.64324558 1.83425982 2.05346201 2.29362742 2.54753132 2.80794899
 3.0676557  3.3194267  3.55603728 3.77026271 3.95489657 4.10598427
 4.22653755 4.32046756 4.39168545 4.44410238 4.4816295  4.50817795
 4.5276589  4.54398348 4.56106285 4.58280817 4.61313058 4.65555151
 4.71087167 4.77873215 4.85876971 4.95062114 5.0539232  5.16831267
 5.29342633 5.42890095 5.57437329 5.72948015 5.89385828 6.06714447
 6.24897549 6.43898811 6.63681911 6.84210526]