
p_x=[24.117140396210164, 67.18346253229974, 160.2067183462532, 235.1421188630491, 321.2747631352282, 394.4875107665805, 447.8897502153316, 525.4091300602929, 566.7527993109388, 616.7097329888027, 662.3600344530577, 761.4125753660637, 837.2093023255815, 888.8888888888888, 967.269595176572, 984.4961240310078]
p_y=[-1.1764705882352935, -6.5882352941176485, -7.529411764705884, -9.058823529411764, -9.52941176470588, -5.76470588235294, -2.117647058823529, -2.4705882352941178, -2.117647058823529, -5.76470588235294, -8.235294117647058, -8.941176470588236, -8.0, -9.294117647058822, -7.647058823529413, -5.647058823529411]
a_x=[18.08785529715762, 52.540913006029285, 111.1111111111111, 175.71059431524546, 279.06976744186045, 375.53832902670115, 469.4229112833764, 519.3798449612403, 583.1180017226529, 663.2213608957795, 773.4711455641689, 854.4358311800172, 945.7364341085272, 997.4160206718346]
a_y=[-7.777777777777779, -3.8011695906432745, -3.6842105263157894, -3.6842105263157894, -0.8771929824561404, -0.4093567251461998, -0.4093567251461998, -6.140350877192983, -6.6081871345029235, -3.5672514619883025, -0.1754385964912295, -0.5263157894736832, 0.058479532163742576, -2.514619883040936]
d_x=[12.919896640826872, 238.58742463393625, 481.48148148148147, 686.4771748492678, 857.0198105081827, 988.8027562446167]
d_y=[2.7485380116959064, 1.9298245614035086, 7.6608187134502925, 2.0467836257309946, 6.491228070175438, 2.0467836257309946]
p_x_fitting=[ 24.1171404   33.81793821  43.51873603  53.21953384  62.92033165
  72.62112947  82.32192728  92.0227251  101.72352291 111.42432073
 121.12511854 130.82591636 140.52671417 150.22751198 159.9283098
 169.62910761 179.32990543 189.03070324 198.73150106 208.43229887
 218.13309669 227.8338945  237.53469232 247.23549013 256.93628794
 266.63708576 276.33788357 286.03868139 295.7394792  305.44027702
 315.14107483 324.84187265 334.54267046 344.24346827 353.94426609
 363.6450639  373.34586172 383.04665953 392.74745735 402.44825516
 412.14905298 421.84985079 431.5506486  441.25144642 450.95224423
 460.65304205 470.35383986 480.05463768 489.75543549 499.45623331
 509.15703112 518.85782894 528.55862675 538.25942456 547.96022238
 557.66102019 567.36181801 577.06261582 586.76341364 596.46421145
 606.16500927 615.86580708 625.56660489 635.26740271 644.96820052
 654.66899834 664.36979615 674.07059397 683.77139178 693.4721896
 703.17298741 712.87378523 722.57458304 732.27538085 741.97617867
 751.67697648 761.3777743  771.07857211 780.77936993 790.48016774
 800.18096556 809.88176337 819.58256118 829.283359   838.98415681
 848.68495463 858.38575244 868.08655026 877.78734807 887.48814589
 897.1889437  906.88974152 916.59053933 926.29133714 935.99213496
 945.69293277 955.39373059 965.0945284  974.79532622 984.49612403]
p_y_fitting=[-1.17647059 -2.89907677 -4.30394142 -5.42169757 -6.28297828 -6.91841659
 -7.35864554 -7.63429817 -7.77600753 -7.81440666 -7.78012862 -7.70380643
 -7.61607314 -7.54756181 -7.52890547 -7.58398432 -7.70723728 -7.88508181
 -8.1039352  -8.35021471 -8.61033763 -8.87072124 -9.1178007  -9.3402483
 -9.53112154 -9.68398741 -9.79241291 -9.84996505 -9.85021083 -9.78671725
 -9.6530513  -9.44285619 -9.15339089 -8.78702926 -8.34653249 -7.8346618
 -7.25417838 -6.60784343 -5.89841815 -5.13302338 -4.34894877 -3.59624275
 -2.92499927 -2.38531227 -2.02676793 -1.86422761 -1.85612613 -1.95572686
 -2.1162932  -2.29108854 -2.43337625 -2.49641973 -2.43439102 -2.25954603
 -2.07628233 -1.99717575 -2.13479385 -2.56180552 -3.21858198 -4.01810956
 -4.87337459 -5.69736343 -6.41590093 -7.02155634 -7.52852052 -7.95099546
 -8.30316521 -8.59574222 -8.8318473  -9.0135975  -9.14310988 -9.22250151
 -9.25388944 -9.23939074 -9.18112245 -9.08120165 -8.94174539 -8.76750894
 -8.57391466 -8.3790805  -8.20112443 -8.05816441 -7.9683184  -7.94970437
 -8.0203923  -8.18567737 -8.4209526  -8.69733881 -8.98595685 -9.25792754
 -9.48498572 -9.64267368 -9.70799109 -9.65794058 -9.46952479 -9.11974635
 -8.58560791 -7.84411208 -6.87226151 -5.64705882]
a_x_fitting=[ 18.0878553   27.98005899  37.87226268  47.76446637  57.65667006
  67.54887375  77.44107744  87.33328113  97.22548482 107.11768851
 117.0098922  126.90209589 136.79429958 146.68650328 156.57870697
 166.47091066 176.36311435 186.25531804 196.14752173 206.03972542
 215.93192911 225.8241328  235.71633649 245.60854018 255.50074387
 265.39294756 275.28515125 285.17735494 295.06955864 304.96176233
 314.85396602 324.74616971 334.6383734  344.53057709 354.42278078
 364.31498447 374.20718816 384.09939185 393.99159554 403.88379923
 413.77600292 423.66820661 433.5604103  443.452614   453.34481769
 463.23702138 473.12922507 483.02142876 492.91363245 502.80583614
 512.69803983 522.59024352 532.48244721 542.3746509  552.26685459
 562.15905828 572.05126197 581.94346566 591.83566936 601.72787305
 611.62007674 621.51228043 631.40448412 641.29668781 651.1888915
 661.08109519 670.97329888 680.86550257 690.75770626 700.64990995
 710.54211364 720.43431733 730.32652102 740.21872471 750.11092841
 760.0031321  769.89533579 779.78753948 789.67974317 799.57194686
 809.46415055 819.35635424 829.24855793 839.14076162 849.03296531
 858.925169   868.81737269 878.70957638 888.60178007 898.49398377
 908.38618746 918.27839115 928.17059484 938.06279853 947.95500222
 957.84720591 967.7394096  977.63161329 987.52381698 997.41602067]
a_y_fitting=[-7.77777778 -6.1452705  -4.93571079 -4.09316967 -3.56171814 -3.28542721
 -3.2083679  -3.2746112  -3.42822813 -3.6132897  -3.77577364 -3.89060938
 -3.95523107 -3.96766447 -3.92593533 -3.8280694  -3.67209312 -3.45893948
 -3.19908851 -2.90497755 -2.58904392 -2.26372495 -1.94145797 -1.6346803
 -1.35582927 -1.11734222 -0.93165645 -0.81007797 -0.74809913 -0.729585
 -0.73813148 -0.75733445 -0.77078979 -0.76209339 -0.71484114 -0.61262891
 -0.4390526  -0.18418407  0.12295395  0.43884496  0.71994813  0.92272261
  1.00362756  0.91912216  0.62566554  0.07971689 -0.76072445 -1.86774827
 -3.11635338 -4.37437792 -5.50966002 -6.39108212 -6.95434319 -7.24117262
 -7.30271496 -7.19011478 -6.95451666 -6.64706515 -6.31319763 -5.96565994
 -5.60557814 -5.2340643  -4.8522305  -4.46118883 -4.06205137 -3.65593021
 -3.24438106 -2.8324163  -2.42667002 -2.03378565 -1.66040662 -1.31317637
 -0.99873831 -0.72373589 -0.49481253 -0.31861166 -0.20177671 -0.14997716
 -0.15632057 -0.20517977 -0.28075089 -0.36723004 -0.44881335 -0.50969694
 -0.53407693 -0.50666766 -0.42714761 -0.31207609 -0.1789158  -0.04512942
  0.07182038  0.15447091  0.18535951  0.14702347  0.02200014 -0.20717318
 -0.55795916 -1.04782049 -1.69421983 -2.51461988]
d_x_fitting=[ 12.91989664  22.77729926  32.63470189  42.49210451  52.34950713
  62.20690975  72.06431237  81.921715    91.77911762 101.63652024
 111.49392286 121.35132549 131.20872811 141.06613073 150.92353335
 160.78093597 170.6383386  180.49574122 190.35314384 200.21054646
 210.06794909 219.92535171 229.78275433 239.64015695 249.49755958
 259.3549622  269.21236482 279.06976744 288.92717006 298.78457269
 308.64197531 318.49937793 328.35678055 338.21418318 348.0715858
 357.92898842 367.78639104 377.64379366 387.50119629 397.35859891
 407.21600153 417.07340415 426.93080678 436.7882094  446.64561202
 456.50301464 466.36041726 476.21781989 486.07522251 495.93262513
 505.79002775 515.64743038 525.504833   535.36223562 545.21963824
 555.07704087 564.93444349 574.79184611 584.64924873 594.50665135
 604.36405398 614.2214566  624.07885922 633.93626184 643.79366447
 653.65106709 663.50846971 673.36587233 683.22327495 693.08067758
 702.9380802  712.79548282 722.65288544 732.51028807 742.36769069
 752.22509331 762.08249593 771.93989855 781.79730118 791.6547038
 801.51210642 811.36950904 821.22691167 831.08431429 840.94171691
 850.79911953 860.65652216 870.51392478 880.3713274  890.22873002
 900.08613264 909.94353527 919.80093789 929.65834051 939.51574313
 949.37314576 959.23054838 969.087951   978.94535362 988.80275624]
d_y_fitting=[ 2.74853801  2.14368796  1.60909799  1.14214442  0.74020354  0.40065166
  0.12086509 -0.10177988 -0.26990693 -0.38613976 -0.45310207 -0.47341756
 -0.44970991 -0.38460283 -0.28072001 -0.14068514  0.03287808  0.23734594
  0.47009477  0.72850086  1.00994051  1.31179004  1.63142574  1.96622392
  2.31356088  2.67081293  3.03535637  3.40456752  3.77582266  4.14649811
  4.51397017  4.87561514  5.22880933  5.57092905  5.89935059  6.21145027
  6.50460438  6.77618924  7.02358114  7.24415639  7.43529129  7.59436216
  7.71874528  7.80581698  7.85295354  7.85753128  7.81692651  7.72851551
  7.58981469  7.4021411   7.17096486  6.90196687  6.600828    6.27322913
  5.92485113  5.56137489  5.18848128  4.81185119  4.43716548  4.07010503
  3.71635073  3.38158346  3.07148408  2.79173348  2.54801254  2.34600213
  2.19138313  2.08983643  2.04704289  2.06807055  2.15094616  2.2891928
  2.47626023  2.70559822  2.97065655  3.26488496  3.58173323  3.91465112
  4.2570884   4.60249483  4.94432018  5.27601421  5.59102668  5.88280737
  6.14480604  6.37047245  6.55325636  6.68660755  6.76397578  6.77881081
  6.72456241  6.59468035  6.38261438  6.08181427  5.6857298   5.18781071
  4.58150679  3.86026779  3.01754348  2.04678363]