
p_x=[13.781223083548666, 72.35142118863048, 164.51335055986218, 248.92334194659776, 338.5012919896641, 419.4659776055125, 542.6356589147287, 621.0163652024117, 713.1782945736435, 850.1291989664082, 890.6115417743324, 981.0508182601206]
p_y=[-1.647058823529413, -6.117647058823529, 4.0, 4.470588235294118, 2.5882352941176467, 4.9411764705882355, 6.117647058823529, 3.0588235294117645, 6.117647058823529, 5.529411764705882, 2.235294117647059, 2.5882352941176467]
a_x=[18.949181739879414, 78.38070628768304, 164.51335055986218, 226.5288544358312, 309.21619293712314, 388.458225667528, 541.7743324720069, 629.6296296296297, 748.4926787252368, 857.8811369509044, 987.941429801895]
a_y=[-3.5672514619883025, -7.192982456140349, -1.4619883040935662, -6.491228070175438, -6.491228070175438, -1.3450292397660828, -2.280701754385966, -6.725146198830409, -1.9298245614035086, -2.6315789473684212, -4.385964912280702]
d_x=[19.810508182601207, 173.9879414298019, 266.14987080103356, 436.69250645994833, 565.0301464254953, 714.900947459087, 853.5745047372955, 989.6640826873385]
d_y=[2.6315789473684212, 5.321637426900585, 4.269005847953217, 5.555555555555555, 6.257309941520468, 4.035087719298246, 6.023391812865498, 5.087719298245615]
p_x_fitting=[ 13.78122308  23.55162303  33.32202299  43.09242294  52.86282289
  62.63322284  72.40362279  82.17402274  91.94442269 101.71482265
 111.4852226  121.25562255 131.0260225  140.79642245 150.5668224
 160.33722235 170.1076223  179.87802226 189.64842221 199.41882216
 209.18922211 218.95962206 228.73002201 238.50042196 248.27082191
 258.04122187 267.81162182 277.58202177 287.35242172 297.12282167
 306.89322162 316.66362157 326.43402152 336.20442148 345.97482143
 355.74522138 365.51562133 375.28602128 385.05642123 394.82682118
 404.59722113 414.36762109 424.13802104 433.90842099 443.67882094
 453.44922089 463.21962084 472.99002079 482.76042074 492.5308207
 502.30122065 512.0716206  521.84202055 531.6124205  541.38282045
 551.1532204  560.92362036 570.69402031 580.46442026 590.23482021
 600.00522016 609.77562011 619.54602006 629.31642001 639.08681997
 648.85721992 658.62761987 668.39801982 678.16841977 687.93881972
 697.70921967 707.47961962 717.25001958 727.02041953 736.79081948
 746.56121943 756.33161938 766.10201933 775.87241928 785.64281923
 795.41321919 805.18361914 814.95401909 824.72441904 834.49481899
 844.26521894 854.03561889 863.80601884 873.5764188  883.34681875
 893.1172187  902.88761865 912.6580186  922.42841855 932.1988185
 941.96921846 951.73961841 961.51001836 971.28041831 981.05081826]
p_y_fitting=[-1.64705882 -3.67999362 -5.12006876 -6.0254418  -6.45427028 -6.46471175
 -6.11492377 -5.46306387 -4.56728962 -3.48575856 -2.27662825 -0.99805622
  0.29179997  1.53478276  2.67273462  3.64749798  4.40360027  4.93045496
  5.25460898  5.40372618  5.40547042  5.28750555  5.07749542  4.80310391
  4.49199485  4.16952083  3.8497326   3.54323175  3.26061905  3.01249525
  2.8094611   2.66211735  2.58106476  2.57690408  2.65848351  2.82013351
  3.04901031  3.33221929  3.65686582  4.01005526  4.37889299  4.75048437
  5.11205833  5.45399915  5.77003131  6.05403984  6.29990976  6.50152609
  6.65277387  6.74753812  6.77970386  6.74315613  6.63177994  6.43946033
  6.16008231  5.79162943  5.35625846  4.88495801  4.40872972  3.95857521
  3.56549613  3.26049412  3.07457082  3.03340737  3.12906134  3.34049281
  3.64663226  4.02641018  4.45875705  4.92260335  5.39687959  5.86051624
  6.29263797  6.67922177  7.01476297  7.29428924  7.51282823  7.66540761
  7.74705504  7.75279818  7.67766469  7.51668224  7.26487849  6.9172811
  6.46891773  5.91481604  5.25049031  4.49039155  3.67358178  2.84076902
  2.03266124  1.28996646  0.65339266  0.16364785 -0.13855999 -0.21252286
 -0.01753276  0.4871183   1.34213832  2.58823529]
a_x_fitting=[ 18.94918174  28.73698223  38.52478271  48.3125832   58.10038368
  67.88818417  77.67598465  87.46378514  97.25158562 107.03938611
 116.82718659 126.61498708 136.40278757 146.19058805 155.97838854
 165.76618902 175.55398951 185.34178999 195.12959048 204.91739096
 214.70519145 224.49299193 234.28079242 244.06859291 253.85639339
 263.64419388 273.43199436 283.21979485 293.00759533 302.79539582
 312.5831963  322.37099679 332.15879728 341.94659776 351.73439825
 361.52219873 371.30999922 381.0977997  390.88560019 400.67340067
 410.46120116 420.24900164 430.03680213 439.82460262 449.6124031
 459.40020359 469.18800407 478.97580456 488.76360504 498.55140553
 508.33920601 518.1270065  527.91480698 537.70260747 547.49040796
 557.27820844 567.06600893 576.85380941 586.6416099  596.42941038
 606.21721087 616.00501135 625.79281184 635.58061232 645.36841281
 655.1562133  664.94401378 674.73181427 684.51961475 694.30741524
 704.09521572 713.88301621 723.67081669 733.45861718 743.24641767
 753.03421815 762.82201864 772.60981912 782.39761961 792.18542009
 801.97322058 811.76102106 821.54882155 831.33662203 841.12442252
 850.91222301 860.70002349 870.48782398 880.27562446 890.06342495
 899.85122543 909.63902592 919.4268264  929.21462689 939.00242737
 948.79022786 958.57802835 968.36582883 978.15362932 987.9414298 ]
a_y_fitting=[-3.56725146 -5.43603309 -6.70545841 -7.44766419 -7.7347872  -7.6389642
 -7.23233198 -6.58702729 -5.77518692 -4.86894762 -3.94044618 -3.06181935
 -2.30520392 -1.74273665 -1.44655432 -1.48873393 -1.90069762 -2.602519
 -3.49537954 -4.48046075 -5.4589441  -6.33201108 -7.01046412 -7.47806574
 -7.75201975 -7.84970423 -7.78849725 -7.58577689 -7.25892124 -6.82530837
 -6.30233267 -5.70829603 -5.06286755 -4.38582941 -3.6969638  -3.01605292
 -2.36287895 -1.7572241  -1.21881623 -0.76067862 -0.38274145 -0.08342053
  0.13886833  0.28570933  0.35868666  0.3593845   0.28938706  0.15027853
 -0.05635691 -0.32893507 -0.66587174 -1.06558274 -1.52648387 -2.04699095
 -2.62474154 -3.24495721 -3.88289126 -4.51351571 -5.11180254 -5.65272377
 -6.11125141 -6.46235745 -6.6810139  -6.74395398 -6.65344663 -6.43100851
 -6.09862829 -5.67829464 -5.19199625 -4.66172177 -4.10945988 -3.55719926
 -3.02692858 -2.54063651 -2.12031173 -1.78744495 -1.5498779  -1.40045884
 -1.33126844 -1.33438739 -1.40189634 -1.52587599 -1.698407   -1.91157003
 -2.15744578 -2.42811491 -2.71565809 -3.012156   -3.30968932 -3.6003387
 -3.87618484 -4.1293084  -4.35179006 -4.53571048 -4.67315035 -4.75619033
 -4.77691111 -4.72739335 -4.59971773 -4.38596491]
d_x_fitting=[ 19.81050818  29.60700894  39.40350969  49.20001044  58.99651119
  68.79301195  78.5895127   88.38601345  98.1825142  107.97901496
 117.77551571 127.57201646 137.36851721 147.16501797 156.96151872
 166.75801947 176.55452022 186.35102098 196.14752173 205.94402248
 215.74052323 225.53702399 235.33352474 245.13002549 254.92652624
 264.723027   274.51952775 284.3160285  294.11252925 303.90903001
 313.70553076 323.50203151 333.29853226 343.09503302 352.89153377
 362.68803452 372.48453528 382.28103603 392.07753678 401.87403753
 411.67053829 421.46703904 431.26353979 441.06004054 450.8565413
 460.65304205 470.4495428  480.24604355 490.04254431 499.83904506
 509.63554581 519.43204656 529.22854732 539.02504807 548.82154882
 558.61804957 568.41455033 578.21105108 588.00755183 597.80405258
 607.60055334 617.39705409 627.19355484 636.99005559 646.78655635
 656.5830571  666.37955785 676.1760586  685.97255936 695.76906011
 705.56556086 715.36206162 725.15856237 734.95506312 744.75156387
 754.54806463 764.34456538 774.14106613 783.93756688 793.73406764
 803.53056839 813.32706914 823.12356989 832.92007065 842.7165714
 852.51307215 862.3095729  872.10607366 881.90257441 891.69907516
 901.49557591 911.29207667 921.08857742 930.88507817 940.68157892
 950.47807968 960.27458043 970.07108118 979.86758193 989.66408269]
d_y_fitting=[2.63157895 3.2071898  3.70943643 4.14234722 4.50995053 4.81627473
 5.06534819 5.26119927 5.40785635 5.50934779 5.56970196 5.59294723
 5.58311196 5.54422453 5.4803133  5.39540664 5.29353292 5.1787205
 5.05499776 4.92639306 4.79693477 4.67065126 4.5515709  4.44372205
 4.35113308 4.27783236 4.22727467 4.19934409 4.19255302 4.20541098
 4.23642752 4.28411216 4.34697445 4.42352392 4.51227012 4.61172256
 4.7203908  4.83678437 4.95941281 5.08678564 5.21741241 5.34980266
 5.48246592 5.61390046 5.74226543 5.86532933 5.98083902 6.08654136
 6.18018321 6.25951144 6.3222729  6.36621447 6.389083   6.38862535
 6.36258838 6.30871897 6.22481202 6.1113088  5.9726218  5.8134903
 5.63865355 5.45285084 5.26082144 5.06730463 4.87703966 4.69476583
 4.52522239 4.37314862 4.2432838  4.1403672  4.06913808 4.03433558
 4.03903426 4.08052543 4.15484518 4.25802961 4.38611482 4.53513691
 4.70113198 4.88013613 5.06818546 5.26131607 5.45556406 5.64696553
 5.83155657 6.00537329 6.16445179 6.30482817 6.42253852 6.51361895
 6.57410555 6.60003442 6.58744168 6.5323634  6.4308357  6.27889468
 6.07257642 5.80791704 5.48095263 5.0877193 ]