
p_x=[29.285099052540914, 98.19121447028424, 168.81998277347117, 238.58742463393625, 347.114556416882, 471.14556416882, 560.7235142118863, 664.944013781223, 744.1860465116279, 807.9242032730405, 897.5021533161068, 993.9707149009474]
p_y=[2.3529411764705888, 4.823529411764706, 4.0, 1.882352941176471, 2.0, 5.764705882352941, 1.764705882352942, 4.705882352941177, 2.11764705882353, 5.529411764705882, 4.117647058823529, 3.647058823529412]
a_x=[24.117140396210164, 116.27906976744185, 190.35314384151593, 239.44875107665806, 352.2825150732127, 447.0284237726098, 529.7157622739019, 668.3893195521102, 751.0766580534023, 900.947459086994, 994.8320413436692]
a_y=[-7.309941520467834, -3.6842105263157894, -0.9941520467836256, -5.204678362573098, -7.426900584795323, -1.8128654970760234, -0.9941520467836256, -2.397660818713449, -6.6081871345029235, -1.8128654970760234, -1.6959064327485365]
d_x=[24.978466838931958, 136.95090439276487, 213.6089577950043, 363.479758828596, 472.8682170542636, 567.6141257536607, 678.7252368647717, 865.6330749354005, 986.2187769164514]
d_y=[1.3450292397660828, 5.087719298245615, 1.8128654970760234, 1.8128654970760234, 6.140350877192983, 6.023391812865498, 5.555555555555555, 2.280701754385966, 3.5672514619883042]
p_x_fitting=[ 29.28509905  39.0293982   48.77369735  58.5179965   68.26229565
  78.0065948   87.75089395  97.4951931  107.23949225 116.9837914
 126.72809055 136.4723897  146.21668885 155.960988   165.70528715
 175.4495863  185.19388545 194.9381846  204.68248375 214.4267829
 224.17108205 233.9153812  243.65968035 253.4039795  263.14827865
 272.8925778  282.63687695 292.3811761  302.12547525 311.8697744
 321.61407355 331.3583727  341.10267185 350.846971   360.59127015
 370.3355693  380.07986845 389.8241676  399.56846675 409.3127659
 419.05706505 428.8013642  438.54566335 448.2899625  458.03426165
 467.7785608  477.52285995 487.2671591  497.01145825 506.7557574
 516.50005655 526.2443557  535.98865485 545.732954   555.47725315
 565.2215523  574.96585145 584.7101506  594.45444975 604.1987489
 613.94304805 623.6873472  633.43164635 643.1759455  652.92024465
 662.6645438  672.40884295 682.1531421  691.89744125 701.6417404
 711.38603955 721.1303387  730.87463785 740.618937   750.36323615
 760.1075353  769.85183445 779.5961336  789.34043275 799.0847319
 808.82903105 818.5733302  828.31762935 838.0619285  847.80622765
 857.5505268  867.29482595 877.0391251  886.78342425 896.5277234
 906.27202255 916.0163217  925.76062085 935.50492    945.24921915
 954.9935183  964.73781745 974.4821166  984.22641575 993.9707149 ]
p_y_fitting=[2.35294118 2.96334016 3.4796382  3.90663688 4.24913776 4.51194239
 4.69985235 4.81766919 4.87019449 4.86222981 4.7985767  4.68403674
 4.52341148 4.3215025  4.08311136 3.81326102 3.51942454 3.2105988
 2.89580364 2.5840589  2.28438442 2.00580004 1.7571913  1.54463354
 1.37153852 1.24121302 1.15696383 1.12209776 1.13992159 1.21374212
 1.34686614 1.54260045 1.80425185 2.13492381 2.52896272 2.96881905
 3.43609367 3.91238747 4.37930133 4.81843614 5.21139278 5.53977214
 5.78517508 5.92920251 5.9534553  5.83953433 5.57175143 5.16737066
 4.66561871 4.10612126 3.52850396 2.97239249 2.4774125  2.08318967
 1.82934966 1.75423746 1.86066576 2.11217023 2.47025455 2.89642239
 3.35217745 3.79902339 4.1984639  4.51200266 4.70114335 4.72738966
 4.55957184 4.22698128 3.78869197 3.30398657 2.83214769 2.43245797
 2.16420004 2.08665654 2.25361547 2.64675941 3.19701919 3.83426756
 4.48837728 5.08922113 5.56668402 5.87042872 6.01012833 6.00679518
 5.88144159 5.65507986 5.34872231 4.98338126 4.58006903 4.15979793
 3.74358028 3.3524284  3.00735459 2.72937119 2.5394905  2.45872484
 2.50808652 2.70858787 3.0812412  3.64705882]
a_x_fitting=[ 24.1171404   33.92234142  43.72754244  53.53274346  63.33794447
  73.14314549  82.94834651  92.75354753 102.55874855 112.36394957
 122.16915059 131.97435161 141.77955263 151.58475365 161.38995467
 171.19515569 181.00035671 190.80555773 200.61075875 210.41595977
 220.22116079 230.02636181 239.83156283 249.63676385 259.44196487
 269.24716589 279.05236691 288.85756793 298.66276895 308.46796997
 318.27317099 328.07837201 337.88357303 347.68877405 357.49397507
 367.29917608 377.1043771  386.90957812 396.71477914 406.51998016
 416.32518118 426.1303822  435.93558322 445.74078424 455.54598526
 465.35118628 475.1563873  484.96158832 494.76678934 504.57199036
 514.37719138 524.1823924  533.98759342 543.79279444 553.59799546
 563.40319648 573.2083975  583.01359852 592.81879954 602.62400056
 612.42920158 622.2344026  632.03960362 641.84480464 651.65000566
 661.45520667 671.26040769 681.06560871 690.87080973 700.67601075
 710.48121177 720.28641279 730.09161381 739.89681483 749.70201585
 759.50721687 769.31241789 779.11761891 788.92281993 798.72802095
 808.53322197 818.33842299 828.14362401 837.94882503 847.75402605
 857.55922707 867.36442809 877.16962911 886.97483013 896.78003115
 906.58523217 916.39043319 926.19563421 936.00083523 945.80603625
 955.61123726 965.41643828 975.2216393  985.02684032 994.83204134]
a_y_fitting=[-7.30994152 -7.73015588 -7.86782887 -7.75970592 -7.44253245 -6.95305389
 -6.32801566 -5.60416317 -4.81824187 -4.00699716 -3.20717447 -2.45551922
 -1.78877684 -1.24369275 -0.85701237 -0.66548113 -0.70584445 -1.01484573
 -1.60574322 -2.409972   -3.34115869 -4.31292991 -5.23891315 -6.04934449
 -6.73356317 -7.29404979 -7.73328492 -8.05374914 -8.25792303 -8.34828717
 -8.32732214 -8.19750853 -7.96132691 -7.62125787 -7.18026946 -6.65104258
 -6.05520452 -5.41471645 -4.75153953 -4.08763491 -3.44496378 -2.84548728
 -2.31116659 -1.86396286 -1.52171099 -1.27767522 -1.11606212 -1.02106405
 -0.97687332 -0.96768229 -0.97768328 -0.99106863 -0.99235186 -0.97625482
 -0.94957545 -0.91980969 -0.8944535  -0.88100284 -0.88695365 -0.91980188
 -0.98704348 -1.09617442 -1.25469064 -1.47008808 -1.74986271 -2.10151048
 -2.53238801 -3.03841815 -3.59576278 -4.17862108 -4.76119222 -5.31767536
 -5.82226969 -6.24917438 -6.5725886  -6.77068902 -6.84599661 -6.81023909
 -6.67516143 -6.45250858 -6.15402552 -5.7914572  -5.37654858 -4.92104464
 -4.43669033 -3.93523061 -3.42841045 -2.92797482 -2.44566866 -1.99323696
 -1.58242467 -1.22497675 -0.93263817 -0.71715389 -0.59026887 -0.56372808
 -0.64927648 -0.85865903 -1.20362069 -1.69590643]
d_x_fitting=[ 24.97846684  34.68796492  44.397463    54.10696108  63.81645917
  73.52595725  83.23545533  92.94495341 102.65445149 112.36394957
 122.07344765 131.78294574 141.49244382 151.2019419  160.91143998
 170.62093806 180.33043614 190.03993423 199.74943231 209.45893039
 219.16842847 228.87792655 238.58742463 248.29692272 258.0064208
 267.71591888 277.42541696 287.13491504 296.84441312 306.55391121
 316.26340929 325.97290737 335.68240545 345.39190353 355.10140161
 364.81089969 374.52039778 384.22989586 393.93939394 403.64889202
 413.3583901  423.06788818 432.77738627 442.48688435 452.19638243
 461.90588051 471.61537859 481.32487667 491.03437476 500.74387284
 510.45337092 520.162869   529.87236708 539.58186516 549.29136324
 559.00086133 568.71035941 578.41985749 588.12935557 597.83885365
 607.54835173 617.25784982 626.9673479  636.67684598 646.38634406
 656.09584214 665.80534022 675.51483831 685.22433639 694.93383447
 704.64333255 714.35283063 724.06232871 733.7718268  743.48132488
 753.19082296 762.90032104 772.60981912 782.3193172  792.02881528
 801.73831337 811.44781145 821.15730953 830.86680761 840.57630569
 850.28580377 859.99530186 869.70479994 879.41429802 889.1237961
 898.83329418 908.54279226 918.25229035 927.96178843 937.67128651
 947.38078459 957.09028267 966.79978075 976.50927883 986.21877692]
d_y_fitting=[1.34502924 2.51368802 3.47850995 4.25319954 4.85146128 5.28699968
 5.57351924 5.72472447 5.75431985 5.67600989 5.50349909 5.25049196
 4.93069299 4.55780669 4.14553755 3.70759007 3.25766877 2.80947813
 2.37672266 1.97310686 1.61189783 1.29905065 1.03447141 0.81788425
 0.64901331 0.52758275 0.45331671 0.42593934 0.44517478 0.51074717
 0.62238066 0.77979941 0.98272754 1.23088922 1.52400858 1.86180542
 2.24153384 2.65386975 3.08840392 3.53472713 3.98243013 4.42110371
 4.84033862 5.22972564 5.57885554 5.87731909 6.11470706 6.28279221
 6.3862489  6.43447611 6.43687989 6.40286633 6.3418415  6.26321146
 6.17638228 6.09076004 6.01574766 5.95775158 5.91460367 5.88261183
 5.858084   5.83732808 5.81665199 5.79236364 5.76077096 5.71818185
 5.66090424 5.58524603 5.48781918 5.36873583 5.23035011 5.07505282
 4.90523475 4.7232867  4.53159946 4.33256382 4.12857058 3.92201052
 3.71527445 3.51075315 3.31083742 3.11791805 2.93438583 2.76263157
 2.60504604 2.46402005 2.34194438 2.24120984 2.16420721 2.11332729
 2.09096087 2.09949874 2.1413317  2.21885054 2.33444605 2.49050902
 2.68943026 2.93360055 3.22541069 3.56725146]