
p_x=[16.36520241171404, 94.74590869939708, 175.71059431524546, 341.94659776055124, 401.3781223083548, 452.1963824289406, 533.161068044789, 658.0534022394487, 725.2368647717485, 862.1877691645134, 992.2480620155038]
p_y=[-2.2352941176470598, -6.9411764705882355, -7.294117647058826, -8.705882352941178, -8.941176470588236, -9.058823529411764, -5.411764705882353, -4.9411764705882355, -7.294117647058826, -8.705882352941178, -8.823529411764707]
a_x=[14.642549526270457, 103.35917312661498, 221.36089577950042, 356.58914728682174, 441.8604651162791, 533.161068044789, 654.6080964685616, 739.8794142980189, 868.2170542635658, 995.693367786391]
a_y=[-6.140350877192983, -4.152046783625732, -3.8011695906432745, -1.1111111111111107, -1.1111111111111107, -5.906432748538011, -6.257309941520468, -4.7368421052631575, -0.4093567251461998, -0.4093567251461998]
d_x=[24.978466838931958, 116.27906976744185, 253.2299741602067, 374.67700258397934, 459.9483204134367, 527.9931093884583, 670.9732988802756, 745.9086993970715, 890.6115417743324, 992.2480620155038]
d_y=[1.6959064327485383, 3.0994152046783627, 2.1637426900584797, 5.555555555555555, 6.491228070175438, 2.397660818713451, 2.0467836257309946, 3.5672514619883042, 3.2163742690058488, 3.0994152046783627]
p_x_fitting=[ 16.36520241  26.22260503  36.08000766  45.93741028  55.7948129
  65.65221552  75.50961815  85.36702077  95.22442339 105.08182601
 114.93922863 124.79663126 134.65403388 144.5114365  154.36883912
 164.22624175 174.08364437 183.94104699 193.79844961 203.65585223
 213.51325486 223.37065748 233.2280601  243.08546272 252.94286535
 262.80026797 272.65767059 282.51507321 292.37247584 302.22987846
 312.08728108 321.9446837  331.80208632 341.65948895 351.51689157
 361.37429419 371.23169681 381.08909944 390.94650206 400.80390468
 410.6613073  420.51870992 430.37611255 440.23351517 450.09091779
 459.94832041 469.80572304 479.66312566 489.52052828 499.3779309
 509.23533352 519.09273615 528.95013877 538.80754139 548.66494401
 558.52234664 568.37974926 578.23715188 588.0945545  597.95195713
 607.80935975 617.66676237 627.52416499 637.38156761 647.23897024
 657.09637286 666.95377548 676.8111781  686.66858073 696.52598335
 706.38338597 716.24078859 726.09819121 735.95559384 745.81299646
 755.67039908 765.5278017  775.38520433 785.24260695 795.10000957
 804.95741219 814.81481481 824.67221744 834.52962006 844.38702268
 854.2444253  864.10182793 873.95923055 883.81663317 893.67403579
 903.53143842 913.38884104 923.24624366 933.10364628 942.9610489
 952.81845153 962.67585415 972.53325677 982.39065939 992.24806202]
p_y_fitting=[-2.23529412 -3.25809191 -4.13488366 -4.8767649  -5.49483113 -6.00017788
 -6.40390066 -6.71709499 -6.9508564  -7.11628039 -7.22446248 -7.28649819
 -7.31348305 -7.31651256 -7.30668224 -7.29508761 -7.2928242  -7.30967861
 -7.34678004 -7.40174216 -7.47216856 -7.55566281 -7.64982848 -7.75226915
 -7.86058838 -7.97238976 -8.08527686 -8.19685325 -8.3047225  -8.40648819
 -8.49975389 -8.58212318 -8.65119963 -8.70458682 -8.74150105 -8.76819894
 -8.79285771 -8.82365464 -8.86876701 -8.93637209 -9.02908275 -9.12299481
 -9.18631384 -9.18724404 -9.09398963 -8.87934934 -8.55160018 -8.13553645
 -7.65604445 -7.13801053 -6.60632101 -6.08586221 -5.60152048 -5.1773308
 -4.82311034 -4.53692151 -4.31647364 -4.15947606 -4.06363811 -4.02666911
 -4.04627839 -4.12017527 -4.2460691  -4.42166918 -4.64468487 -4.91282548
 -5.22259072 -5.56399567 -5.92489154 -6.29312802 -6.65655484 -7.00302169
 -7.32037992 -7.5996012  -7.8412787  -8.04785413 -8.22176922 -8.3654657
 -8.48138528 -8.5719697  -8.63966068 -8.68689995 -8.71612922 -8.72979023
 -8.73032469 -8.72017434 -8.7017809  -8.67758608 -8.65003163 -8.62155925
 -8.59461068 -8.57162765 -8.55505186 -8.54732506 -8.55088896 -8.5681853
 -8.60165578 -8.65374215 -8.72688612 -8.82352941]
a_x_fitting=[ 14.64254953  24.55215375  34.46175798  44.3713622   54.28096643
  64.19057065  74.10017488  84.0097791   93.91938333 103.82898755
 113.73859177 123.648196   133.55780022 143.46740445 153.37700867
 163.2866129  173.19621712 183.10582135 193.01542557 202.9250298
 212.83463402 222.74423825 232.65384247 242.5634467  252.47305092
 262.38265515 272.29225937 282.2018636  292.11146782 302.02107205
 311.93067627 321.8402805  331.74988472 341.65948895 351.56909317
 361.4786974  371.38830162 381.29790585 391.20751007 401.1171143
 411.02671852 420.93632275 430.84592697 440.75553119 450.66513542
 460.57473964 470.48434387 480.39394809 490.30355232 500.21315654
 510.12276077 520.03236499 529.94196922 539.85157344 549.76117767
 559.67078189 569.58038612 579.48999034 589.39959457 599.30919879
 609.21880302 619.12840724 629.03801147 638.94761569 648.85721992
 658.76682414 668.67642837 678.58603259 688.49563682 698.40524104
 708.31484527 718.22444949 728.13405372 738.04365794 747.95326217
 757.86286639 767.77247061 777.68207484 787.59167906 797.50128329
 807.41088751 817.32049174 827.23009596 837.13970019 847.04930441
 856.95890864 866.86851286 876.77811709 886.68772131 896.59732554
 906.50692976 916.41653399 926.32613821 936.23574244 946.14534666
 956.05495089 965.96455511 975.87415934 985.78376356 995.69336779]
a_y_fitting=[-6.14035088 -5.73078025 -5.3783989  -5.07887449 -4.82787465 -4.62106702
 -4.45411926 -4.322699   -4.2224739  -4.1491116  -4.09827973 -4.06564595
 -4.0468779  -4.03764323 -4.03360958 -4.03044459 -4.02381591 -4.00939119
 -3.98283806 -3.93982418 -3.87601718 -3.78708812 -3.67054674 -3.52877298
 -3.364944   -3.18223694 -2.98382896 -2.77289719 -2.55261881 -2.32617094
 -2.09673075 -1.86747538 -1.64158199 -1.42222772 -1.21258972 -1.01599954
 -0.83945238 -0.69367051 -0.58954331 -0.53796018 -0.54981048 -0.63598362
 -0.80736896 -1.07485591 -1.44550632 -1.90493878 -2.43130877 -3.00276422
 -3.59745304 -4.19352314 -4.76912246 -5.3023989  -5.77150038 -6.15610272
 -6.45310734 -6.67027956 -6.81555493 -6.89686897 -6.92215719 -6.89935512
 -6.8363983  -6.74122224 -6.62176246 -6.48595449 -6.34173386 -6.19688869
 -6.0540905  -5.90969882 -5.75968343 -5.60001409 -5.42666055 -5.23559259
 -5.02277997 -4.78419246 -4.51655681 -4.22193697 -3.90469181 -3.56918912
 -3.21979668 -2.86088226 -2.49681364 -2.13195859 -1.7706849  -1.41736035
 -1.07635271 -0.75202976 -0.44875928 -0.17090904  0.07715317  0.29105958
  0.4664424   0.59893387  0.68416619  0.71777161  0.69538233  0.61263057
  0.46514857  0.24856854 -0.0414773  -0.40935673]
d_x_fitting=[ 24.97846684  34.74886679  44.51926674  54.28966669  64.06006664
  73.8304666   83.60086655  93.3712665  103.14166645 112.9120664
 122.68246635 132.4528663  142.22326625 151.99366621 161.76406616
 171.53446611 181.30486606 191.07526601 200.84566596 210.61606591
 220.38646586 230.15686582 239.92726577 249.69766572 259.46806567
 269.23846562 279.00886557 288.77926552 298.54966547 308.32006543
 318.09046538 327.86086533 337.63126528 347.40166523 357.17206518
 366.94246513 376.71286508 386.48326504 396.25366499 406.02406494
 415.79446489 425.56486484 435.33526479 445.10566474 454.8760647
 464.64646465 474.4168646  484.18726455 493.9576645  503.72806445
 513.4984644  523.26886435 533.03926431 542.80966426 552.58006421
 562.35046416 572.12086411 581.89126406 591.66166401 601.43206396
 611.20246392 620.97286387 630.74326382 640.51366377 650.28406372
 660.05446367 669.82486362 679.59526357 689.36566353 699.13606348
 708.90646343 718.67686338 728.44726333 738.21766328 747.98806323
 757.75846318 767.52886314 777.29926309 787.06966304 796.84006299
 806.61046294 816.38086289 826.15126284 835.9216628  845.69206275
 855.4624627  865.23286265 875.0032626  884.77366255 894.5440625
 904.31446245 914.08486241 923.85526236 933.62566231 943.39606226
 953.16646221 962.93686216 972.70726211 982.47766206 992.24806202]
d_y_fitting=[1.69590643 2.08702828 2.40753993 2.66269657 2.85775339 2.99796557
 3.08858832 3.13487681 3.14208624 3.11547181 3.06028869 2.98179208
 2.88523718 2.77587916 2.65897323 2.53977456 2.42353836 2.31551981
 2.2209741  2.14515643 2.09332198 2.07072594 2.0826235  2.13426986
 2.23050943 2.37088758 2.5512645  2.76742583 3.01515718 3.29024418
 3.58847244 3.9056276  4.23749527 4.57986108 4.92851065 5.27922961
 5.62778425 5.96624931 6.27865389 6.54796739 6.7571592  6.88919873
 6.92705539 6.85369858 6.6520977  6.30622083 5.82521024 5.24467177
 4.60146798 3.93246147 3.27451479 2.66449055 2.13824645 1.71022288
 1.37434382 1.12370873 0.95141705 0.85056823 0.81426171 0.83559694
 0.90767337 1.02359044 1.17644759 1.35934429 1.56537996 1.78765405
 2.01926602 2.25361253 2.48578653 2.71148182 2.9263929  3.12621426
 3.30664041 3.46336585 3.59209589 3.69049445 3.7604415  3.80436435
 3.8246903  3.82384666 3.80426075 3.76835986 3.71857131 3.6573224
 3.58704045 3.51015276 3.42908664 3.3462694  3.26412835 3.18509079
 3.11158403 3.04603538 2.99087216 2.94852166 2.92141119 2.91196807
 2.92261961 2.9557931  3.01391586 3.0994152 ]