
p_x=[15.503875968992247, 60.29285099052541, 149.00947459086993, 252.36864771748492, 333.3333333333333, 413.4366925064599, 461.6709732988803, 527.1317829457365, 593.4539190353145, 668.3893195521102, 758.8285960378984, 869.0783807062877, 954.349698535745, 990.5254091300602]
p_y=[2.0, 5.294117647058823, 2.4705882352941178, 1.764705882352942, 1.6470588235294112, 5.0588235294117645, 1.2941176470588225, 3.5294117647058822, 4.705882352941177, 1.6470588235294112, 1.764705882352942, 4.823529411764706, 4.470588235294118, 4.352941176470589]
a_x=[17.226528854435834, 84.40999138673558, 141.25753660637383, 234.28079242032732, 289.40568475452193, 347.9758828596038, 414.2980189491817, 457.3643410852713, 514.2118863049095, 543.4969853574505, 645.1335055986219, 732.1274763135228, 831.1800172265289, 935.4005167958657, 989.6640826873385]
a_y=[-7.660818713450293, -5.906432748538011, -7.777777777777779, -7.777777777777779, -3.099415204678362, -2.6315789473684212, -2.0467836257309955, -7.894736842105264, -7.426900584795323, -3.9181286549707615, -1.1111111111111107, -5.6725146198830405, -1.4619883040935662, -0.6432748538011701, -2.163742690058479]
d_x=[12.058570198105082, 93.88458225667529, 161.06804478897502, 302.3255813953488, 426.3565891472868, 554.6942291128337, 658.0534022394487, 847.5452196382429, 997.4160206718346]
d_y=[0.8771929824561404, 2.7485380116959064, 3.2163742690058488, 4.736842105263158, 3.450292397660819, 1.3450292397660828, 5.2046783625731, 4.502923976608187, 2.9824561403508776]
p_x_fitting=[ 15.50387597  25.35257832  35.20128068  45.04998303  54.89868539
  64.74738774  74.5960901   84.44479246  94.29349481 104.14219717
 113.99089952 123.83960188 133.68830423 143.53700659 153.38570894
 163.2344113  173.08311365 182.93181601 192.78051836 202.62922072
 212.47792307 222.32662543 232.17532778 242.02403014 251.87273249
 261.72143485 271.5701372  281.41883956 291.26754191 301.11624427
 310.96494662 320.81364898 330.66235133 340.51105369 350.35975604
 360.2084584  370.05716075 379.90586311 389.75456547 399.60326782
 409.45197018 419.30067253 429.14937489 438.99807724 448.8467796
 458.69548195 468.54418431 478.39288666 488.24158902 498.09029137
 507.93899373 517.78769608 527.63639844 537.48510079 547.33380315
 557.1825055  567.03120786 576.87991021 586.72861257 596.57731492
 606.42601728 616.27471963 626.12342199 635.97212434 645.8208267
 655.66952905 665.51823141 675.36693376 685.21563612 695.06433848
 704.91304083 714.76174319 724.61044554 734.4591479  744.30785025
 754.15655261 764.00525496 773.85395732 783.70265967 793.55136203
 803.40006438 813.24876674 823.09746909 832.94617145 842.7948738
 852.64357616 862.49227851 872.34098087 882.18968322 892.03838558
 901.88708793 911.73579029 921.58449264 931.433195   941.28189735
 951.13059971 960.97930206 970.82800442 980.67670677 990.52540913]
p_y_fitting=[2.         3.24774827 4.17162888 4.80555839 5.18345336 5.33923035
 5.30680593 5.12009664 4.81301906 4.41948974 3.97342525 3.50874214
 3.05935697 2.6591863  2.34142013 2.11720134 1.97217756 1.89057561
 1.85662231 1.85454449 1.86856898 1.8829226  1.88183217 1.84952454
 1.77022651 1.63495514 1.46632437 1.29613171 1.15617571 1.07825492
 1.09416786 1.23571308 1.53468912 2.01601003 2.64023482 3.33280792
 4.01881901 4.62335778 5.0715139  5.28837707 5.19903695 4.73708395
 3.96564765 3.04878927 2.15323735 1.44572041 1.07915998 1.06287728
 1.32099122 1.77650053 2.35240393 2.97170013 3.55738955 4.04699225
 4.42785325 4.69799656 4.85544617 4.89822609 4.82436031 4.63203138
 4.33014608 3.94497023 3.50435249 3.03614148 2.56818584 2.1283342
 1.74443521 1.44231493 1.22752699 1.09393623 1.03526661 1.04524208
 1.11758659 1.24602408 1.42427852 1.64607384 1.90508065 2.19387855
 2.50402665 2.82704483 3.154453   3.47777105 3.78851887 4.07821637
 4.33838344 4.56053997 4.73620586 4.85700613 4.92096791 4.9360964
 4.91126155 4.85533332 4.77718168 4.68567658 4.58968798 4.49808585
 4.41974015 4.36352083 4.33829785 4.35294118]
a_x_fitting=[ 17.22652885  27.04913041  36.87173196  46.69433352  56.51693507
  66.33953662  76.16213818  85.98473973  95.80734129 105.62994284
 115.45254439 125.27514595 135.0977475  144.92034905 154.74295061
 164.56555216 174.38815372 184.21075527 194.03335682 203.85595838
 213.67855993 223.50116149 233.32376304 243.14636459 252.96896615
 262.7915677  272.61416925 282.43677081 292.25937236 302.08197392
 311.90457547 321.72717702 331.54977858 341.37238013 351.19498169
 361.01758324 370.84018479 380.66278635 390.4853879  400.30798946
 410.13059101 419.95319256 429.77579412 439.59839567 449.42099722
 459.24359878 469.06620033 478.88880189 488.71140344 498.53400499
 508.35660655 518.1792081  528.00180966 537.82441121 547.64701276
 557.46961432 567.29221587 577.11481742 586.93741898 596.76002053
 606.58262209 616.40522364 626.22782519 636.05042675 645.8730283
 655.69562986 665.51823141 675.34083296 685.16343452 694.98603607
 704.80863763 714.63123918 724.45384073 734.27644229 744.09904384
 753.92164539 763.74424695 773.5668485  783.38945006 793.21205161
 803.03465316 812.85725472 822.67985627 832.50245783 842.32505938
 852.14766093 861.97026249 871.79286404 881.61546559 891.43806715
 901.2606687  911.08327026 920.90587181 930.72847336 940.55107492
 950.37367647 960.19627803 970.01887958 979.84148113 989.66408269]
a_y_fitting=[-7.66081871 -6.94471361 -6.41330675 -6.04968109 -5.8369196  -5.75810522
 -5.79632092 -5.93464964 -6.15617435 -6.443978   -6.78114355 -7.15075396
 -7.53589217 -7.91959873 -8.28296667 -8.60437168 -8.86198766 -9.03398853
 -9.09854819 -9.03384056 -8.81803954 -8.42931905 -7.84585299 -7.05991418
 -6.13943819 -5.17763374 -4.2677273  -3.50294532 -2.97577623 -2.7169705
 -2.64991389 -2.68724345 -2.74159621 -2.72560921 -2.55308834 -2.21088913
 -1.80080462 -1.43471765 -1.22451106 -1.28206767 -1.71927032 -2.63718919
 -3.95846835 -5.45935971 -6.91178806 -8.08798602 -8.83327772 -9.16008848
 -9.10409066 -8.70095663 -7.98635876 -6.9972013  -5.81719427 -4.59022982
 -3.46221972 -2.51276845 -1.74028744 -1.1382319  -0.70005707 -0.41921815
 -0.28917039 -0.30336899 -0.45526917 -0.73832617 -1.14599311 -1.6656558
 -2.26531296 -2.90909927 -3.56114943 -4.18559813 -4.74658006 -5.20822991
 -5.53468238 -5.69018457 -5.65797105 -5.46147597 -5.12925244 -4.6898536
 -4.17183256 -3.60374246 -3.01413641 -2.43156754 -1.88458897 -1.40174016
 -1.00343038 -0.68822395 -0.451054   -0.28685368 -0.19055612 -0.15709446
 -0.18140184 -0.2584114  -0.38305627 -0.55026959 -0.7549845  -0.99213413
 -1.25665163 -1.54347013 -1.84752277 -2.16374269]
d_x_fitting=[ 12.0585702   22.01167576  31.96478132  41.91788688  51.87099244
  61.824098    71.77720356  81.73030912  91.68341468 101.63652024
 111.5896258  121.54273136 131.49583692 141.44894248 151.40204804
 161.3551536  171.30825916 181.26136472 191.21447028 201.16757584
 211.1206814  221.07378697 231.02689253 240.97999809 250.93310365
 260.88620921 270.83931477 280.79242033 290.74552589 300.69863145
 310.65173701 320.60484257 330.55794813 340.51105369 350.46415925
 360.41726481 370.37037037 380.32347593 390.27658149 400.22968705
 410.18279261 420.13589817 430.08900373 440.04210929 449.99521485
 459.94832041 469.90142597 479.85453153 489.80763709 499.76074265
 509.71384822 519.66695378 529.62005934 539.5731649  549.52627046
 559.47937602 569.43248158 579.38558714 589.3386927  599.29179826
 609.24490382 619.19800938 629.15111494 639.1042205  649.05732606
 659.01043162 668.96353718 678.91664274 688.8697483  698.82285386
 708.77595942 718.72906498 728.68217054 738.6352761  748.58838166
 758.54148722 768.49459278 778.44769834 788.4008039  798.35390947
 808.30701503 818.26012059 828.21322615 838.16633171 848.11943727
 858.07254283 868.02564839 877.97875395 887.93185951 897.88496507
 907.83807063 917.79117619 927.74428175 937.69738731 947.65049287
 957.60359843 967.55670399 977.50980955 987.46291511 997.41602067]
d_y_fitting=[0.87719298 1.26740132 1.60194664 1.88595667 2.12455913 2.32288172
 2.48605216 2.61919817 2.72744746 2.81592775 2.88976675 2.95409218
 3.01403175 3.07471318 3.14126418 3.21881244 3.31106552 3.41652099
 3.53248194 3.65625147 3.78513268 3.91642866 4.0474425  4.1754773
 4.29783616 4.41182217 4.51473843 4.60388804 4.67657408 4.73009965
 4.76201687 4.77151672 4.75845268 4.72268009 4.66405427 4.58243057
 4.47766432 4.34961086 4.19812553 4.02306366 3.82428059 3.60163165
 3.35505014 3.08800051 2.80884698 2.52631466 2.24912868 1.98601415
 1.74569619 1.53689993 1.36835047 1.24877295 1.18689248 1.19143418
 1.27112317 1.43426304 1.67852751 1.99041343 2.35588666 2.76091307
 3.19145852 3.6334889  4.07297005 4.49586786 4.88814818 5.23577941
 5.52846455 5.7671291  5.95479798 6.09449605 6.18924821 6.24207935
 6.25601435 6.2340781  6.17929548 6.09469139 5.98329071 5.84811832
 5.69219912 5.51855799 5.33021982 5.13020949 4.92155189 4.70727192
 4.49039444 4.27394436 4.06094656 3.85442593 3.65740735 3.47291571
 3.30397589 3.15361279 3.0248513  2.92071629 2.84423265 2.79842528
 2.78631905 2.81093886 2.8753096  2.98245614]