
p_x=[31.007751937984494, 104.22049956933678, 167.09732988802756, 207.57967269595176, 235.1421188630491, 298.88027562446166, 391.04220499569334, 466.838931955211, 484.9267872523686, 502.1533161068045, 557.2782084409992, 583.1180017226529, 670.9732988802756, 719.2075796726959, 790.6976744186046, 839.7932816537468, 871.6623600344531, 931.9552110249784, 988.8027562446167]
p_y=[-1.0588235294117645, -0.8235294117647047, 3.2941176470588243, 3.647058823529412, 2.11764705882353, 2.3529411764705888, 1.6470588235294112, 1.882352941176471, 4.117647058823529, 5.294117647058823, 6.235294117647059, 3.764705882352941, 3.2941176470588243, 4.117647058823529, 4.117647058823529, 5.294117647058823, 3.0588235294117645, 2.3529411764705888, 2.4705882352941178]
a_x=[18.08785529715762, 85.27131782945736, 156.76141257536608, 179.15590008613265, 207.57967269595176, 250.64599483204137, 270.4565030146425, 319.5521102497847, 356.58914728682174, 393.62618432385875, 434.9698535745047, 484.9267872523686, 553.8329026701119, 647.7174849267873, 722.652885443583, 801.894918173988, 838.931955211025, 877.6916451335056, 914.7286821705426, 980.1894918173988]
a_y=[-6.023391812865498, -5.321637426900585, -4.7368421052631575, -2.7485380116959064, -2.6315789473684212, -3.099415204678362, -1.8128654970760234, -2.0467836257309955, -2.514619883040936, -5.204678362573098, -4.502923976608187, -4.269005847953215, -2.8654970760233915, -2.8654970760233915, -3.6842105263157894, -4.152046783625732, -1.578947368421053, -4.152046783625732, -4.970760233918128, -4.7368421052631575]
d_x=[49.09560723514212, 93.02325581395348, 144.70284237726096, 186.90783807062877, 245.4780361757106, 292.85099052540914, 370.3703703703703, 410.8527131782946, 472.8682170542636, 537.4677002583979, 583.1180017226529, 661.4987080103359, 733.8501291989664, 813.953488372093, 895.7795004306632, 987.0801033591732]
d_y=[1.3450292397660828, 2.280701754385966, 2.514619883040936, 4.970760233918129, 5.672514619883041, 6.491228070175438, 5.2046783625731, 3.450292397660819, 1.6959064327485383, 2.280701754385966, 1.3450292397660828, 3.9181286549707606, 3.6842105263157894, 3.2163742690058488, 3.5672514619883042, 2.280701754385966]
p_x_fitting=[ 31.00775194  40.68244895  50.35714596  60.03184298  69.70653999
  79.381237    89.05593402  98.73063103 108.40532804 118.08002506
 127.75472207 137.42941908 147.1041161  156.77881311 166.45351012
 176.12820714 185.80290415 195.47760116 205.15229818 214.82699519
 224.5016922  234.17638922 243.85108623 253.52578324 263.20048025
 272.87517727 282.54987428 292.22457129 301.89926831 311.57396532
 321.24866233 330.92335935 340.59805636 350.27275337 359.94745039
 369.6221474  379.29684441 388.97154143 398.64623844 408.32093545
 417.99563247 427.67032948 437.34502649 447.01972351 456.69442052
 466.36911753 476.04381455 485.71851156 495.39320857 505.06790558
 514.7426026  524.41729961 534.09199662 543.76669364 553.44139065
 563.11608766 572.79078468 582.46548169 592.1401787  601.81487572
 611.48957273 621.16426974 630.83896676 640.51366377 650.18836078
 659.8630578  669.53775481 679.21245182 688.88714884 698.56184585
 708.23654286 717.91123988 727.58593689 737.2606339  746.93533091
 756.61002793 766.28472494 775.95942195 785.63411897 795.30881598
 804.98351299 814.65821001 824.33290702 834.00760403 843.68230105
 853.35699806 863.03169507 872.70639209 882.3810891  892.05578611
 901.73048313 911.40518014 921.07987715 930.75457417 940.42927118
 950.10396819 959.77866521 969.45336222 979.12805923 988.80275624]
p_y_fitting=[-1.05882353 -1.74369252 -2.15412618 -2.3205164  -2.27325507 -2.04273408
 -1.65934533 -1.15348071 -0.55553211  0.10410859  0.79504948  1.48689868
  2.14926429  2.75175443  3.2639772   3.65465092  3.88814606  3.92750715
  3.73577838  3.29134404  2.70650529  2.16268673  1.81439676  1.66752411
  1.67796649  1.80158413  1.99423726  2.2117861   2.41030459  2.56089613
  2.65932678  2.7036523   2.69192849  2.62221114  2.49255601  2.30101891
  2.04565561  1.72452189  1.34110012  0.94083556  0.58873348  0.3499087
  0.28947605  0.47255038  0.96424651  1.82967928  3.04749494  4.19622234
  4.92309613  5.45136298  5.96921326  6.41484398  6.70234292  6.74579789
  6.45929667  5.77016459  4.80114341  3.82405992  3.0725252   2.57449408
  2.29503528  2.19920169  2.25204617  2.41862159  2.66398083  2.95317674
  3.2512622   3.525805    3.76016219  3.94380422  4.06621484  4.11687782
  4.09009042  4.00905043  3.90769194  3.81996682  3.77982697  3.8212243
  3.97811068  4.28171793  4.69327145  5.09958667  5.38387715  5.42935645
  5.12270843  4.48396142  3.70546371  2.99093963  2.48983101  2.19397328
  2.06675912  2.07158125  2.17183236  2.33090515  2.51219232  2.67908656
  2.79498057  2.82326706  2.72733871  2.47058824]
a_x_fitting=[ 18.0878553   27.80605365  37.52425199  47.24245034  56.96064869
  66.67884704  76.39704539  86.11524374  95.83344209 105.55164044
 115.26983878 124.98803713 134.70623548 144.42443383 154.14263218
 163.86083053 173.57902888 183.29722722 193.01542557 202.73362392
 212.45182227 222.17002062 231.88821897 241.60641732 251.32461567
 261.04281401 270.76101236 280.47921071 290.19740906 299.91560741
 309.63380576 319.35200411 329.07020246 338.7884008  348.50659915
 358.2247975  367.94299585 377.6611942  387.37939255 397.0975909
 406.81578924 416.53398759 426.25218594 435.97038429 445.68858264
 455.40678099 465.12497934 474.84317769 484.56137603 494.27957438
 503.99777273 513.71597108 523.43416943 533.15236778 542.87056613
 552.58876448 562.30696282 572.02516117 581.74335952 591.46155787
 601.17975622 610.89795457 620.61615292 630.33435126 640.05254961
 649.77074796 659.48894631 669.20714466 678.92534301 688.64354136
 698.36173971 708.07993805 717.7981364  727.51633475 737.2345331
 746.95273145 756.6709298  766.38912815 776.10732649 785.82552484
 795.54372319 805.26192154 814.98011989 824.69831824 834.41651659
 844.13471494 853.85291328 863.57111163 873.28930998 883.00750833
 892.72570668 902.44390503 912.16210338 921.88030173 931.59850007
 941.31669842 951.03489677 960.75309512 970.47129347 980.18949182]
a_y_fitting=[-6.02339181 -5.34783942 -4.93719105 -4.74824858 -4.73781388 -4.86268884
 -5.07967533 -5.34557522 -5.61719039 -5.85132273 -6.0047741  -6.03434639
 -5.89684147 -5.54906122 -4.94780751 -4.07591138 -3.15809444 -2.54395085
 -2.36703121 -2.49727184 -2.78933191 -3.11101969 -3.34324659 -3.36749013
 -3.06525817 -2.42706623 -1.79740784 -1.49518662 -1.48492595 -1.6505071
 -1.87581136 -2.04472    -2.08242836 -2.08992076 -2.21492771 -2.60488598
 -3.31003047 -4.14343191 -4.88267025 -5.3081332  -5.34298299 -5.11805334
 -4.78053908 -4.47759918 -4.31248078 -4.25907556 -4.26757416 -4.2881672
 -4.2710453  -4.17689999 -4.0134464  -3.80155704 -3.56210502 -3.31596348
 -3.08400552 -2.88710429 -2.74298824 -2.65085028 -2.6031153  -2.59219824
 -2.61051404 -2.65047764 -2.70450397 -2.76500798 -2.82440461 -2.87513906
 -2.91523914 -2.95480137 -3.00549696 -3.07899709 -3.18697297 -3.34109579
 -3.55303675 -3.83322297 -4.16352812 -4.49730571 -4.78667186 -4.98374269
 -5.0406343  -4.90946281 -4.54234435 -3.8935082  -3.03276703 -2.20292423
 -1.66096638 -1.65105637 -2.16616831 -2.97023074 -3.81878897 -4.47555762
 -4.85637098 -5.01161901 -4.99633163 -4.86553876 -4.67427033 -4.47755626
 -4.33042648 -4.28791091 -4.40503948 -4.73684211]
d_x_fitting=[ 49.09560724  58.57019811  68.04478898  77.51937984  86.99397071
  96.46856158 105.94315245 115.41774332 124.89233419 134.36692506
 143.84151593 153.3161068  162.79069767 172.26528854 181.73987941
 191.21447028 200.68906115 210.16365202 219.63824289 229.11283376
 238.58742463 248.0620155  257.53660637 267.01119724 276.48578811
 285.96037898 295.43496985 304.90956072 314.38415159 323.85874246
 333.33333333 342.8079242  352.28251507 361.75710594 371.23169681
 380.70628768 390.18087855 399.65546942 409.13006029 418.60465116
 428.07924203 437.5538329  447.02842377 456.50301464 465.97760551
 475.45219638 484.92678725 494.40137812 503.87596899 513.35055986
 522.82515073 532.2997416  541.77433247 551.24892334 560.72351421
 570.19810508 579.67269595 589.14728682 598.62187769 608.09646856
 617.57105943 627.0456503  636.52024117 645.99483204 655.46942291
 664.94401378 674.41860465 683.89319552 693.36778639 702.84237726
 712.31696813 721.791559   731.26614987 740.74074074 750.21533161
 759.68992248 769.16451335 778.63910422 788.11369509 797.58828596
 807.06287683 816.5374677  826.01205857 835.48664944 844.96124031
 854.43583118 863.91042205 873.38501292 882.85960379 892.33419466
 901.80878553 911.2833764  920.75796727 930.23255814 939.70714901
 949.18173988 958.65633075 968.13092162 977.60551249 987.08010336]
d_y_fitting=[1.34502924 1.86001112 2.16193347 2.29724203 2.3123825  2.25380059
 2.16794204 2.10125254 2.10017783 2.21116361 2.48065561 2.93801711
 3.52274069 4.14486886 4.71442701 5.14354595 5.40492521 5.53946304
 5.59169584 5.60616004 5.62739205 5.69966894 5.84194845 6.02697768
 6.22258582 6.3966021  6.51698072 6.56387807 6.539721   6.44930641
 6.29743119 6.08889228 5.82848656 5.52101095 5.17126325 4.78557781
 4.37497796 3.9513783  3.52669345 3.11313781 2.72501658 2.37752536
 2.085863   1.86522837 1.73082034 1.69766016 1.76343024 1.89416752
 2.05254118 2.20122039 2.30287431 2.32017212 2.21740804 2.00562625
 1.74851011 1.5125511  1.36424068 1.36569069 1.52206494 1.79870191
 2.16012287 2.57084912 2.99540194 3.39830262 3.74407244 3.99765713
 4.1446868  4.20036915 4.18218657 4.10762144 3.99415613 3.85927304
 3.72045454 3.59405064 3.48577107 3.39549561 3.32304431 3.26823724
 3.23089447 3.21083607 3.20788209 3.22183969 3.25125605 3.29237873
 3.34121053 3.39375429 3.44601282 3.49398895 3.53368549 3.56110527
 3.57225111 3.56312583 3.52973225 3.46807319 3.37415147 3.24396992
 3.07353135 2.85883858 2.59589444 2.28070175]