
p_x=[51.67958656330749, 100.7751937984496, 134.36692506459949, 184.32385874246341, 204.9956933677864, 256.6752799310939, 285.9603789836348, 310.93884582256675, 360.89577950043065, 403.96210163652023, 470.2842377260982, 509.04392764857886, 549.5262704565031, 612.4031007751938, 652.0241171403962, 698.5357450473729, 739.8794142980189, 827.7347114556417, 879.4142980189492, 951.7657192075797]
p_y=[-4.8235294117647065, -1.2941176470588225, 1.5294117647058822, -1.764705882352942, -0.9411764705882355, 1.4117647058823533, 2.8235294117647056, 4.823529411764706, 2.8235294117647056, 3.1764705882352935, 2.235294117647059, 5.0588235294117645, 2.8235294117647056, 2.8235294117647056, 4.9411764705882355, 3.88235294117647, 3.0588235294117645, 1.882352941176471, 4.23529411764706, 1.0588235294117645]
a_x=[17.226528854435834, 83.54866494401378, 117.14039621016366, 177.43324720068907, 227.39018087855297, 287.6830318690784, 355.72782084409994, 405.68475452196384, 484.0654608096469, 512.4892334194659, 580.5340223944875, 616.7097329888027, 691.6451335055987, 745.9086993970715, 841.5159345391904, 901.8087855297158, 960.3789836347976]
a_y=[-5.321637426900585, -6.257309941520468, -2.9824561403508767, -2.397660818713449, -1.8128654970760234, -1.578947368421053, -3.450292397660819, -3.5672514619883025, -3.450292397660819, -1.9298245614035086, -4.152046783625732, -2.0467836257309955, -2.280701754385966, -3.9181286549707615, -2.163742690058479, -1.2280701754385959, -4.385964912280702]
d_x=[29.285099052540914, 95.60723514211885, 173.1266149870801, 281.65374677002586, 416.0206718346253, 499.5693367786391, 583.1180017226529, 646.8561584840654, 826.0120585701981, 971.5762273901809]
d_y=[1.461988304093568, 2.7485380116959064, 2.8654970760233924, 2.9824561403508776, 4.269005847953217, 4.035087719298246, 5.087719298245615, 2.9824561403508776, 3.333333333333334, 1.9298245614035086]
p_x_fitting=[ 51.67958656  60.77136568  69.8631448   78.95492392  88.04670303
  97.13848215 106.23026127 115.32204039 124.4138195  133.50559862
 142.59737774 151.68915686 160.78093597 169.87271509 178.96449421
 188.05627333 197.14805245 206.23983156 215.33161068 224.4233898
 233.51516892 242.60694803 251.69872715 260.79050627 269.88228539
 278.9740645  288.06584362 297.15762274 306.24940186 315.34118097
 324.43296009 333.52473921 342.61651833 351.70829744 360.80007656
 369.89185568 378.9836348  388.07541392 397.16719303 406.25897215
 415.35075127 424.44253039 433.5343095  442.62608862 451.71786774
 460.80964686 469.90142597 478.99320509 488.08498421 497.17676333
 506.26854244 515.36032156 524.45210068 533.5438798  542.63565891
 551.72743803 560.81921715 569.91099627 579.00277539 588.0945545
 597.18633362 606.27811274 615.36989186 624.46167097 633.55345009
 642.64522921 651.73700833 660.82878744 669.92056656 679.01234568
 688.1041248  697.19590391 706.28768303 715.37946215 724.47124127
 733.56302038 742.6547995  751.74657862 760.83835774 769.93013686
 779.02191597 788.11369509 797.20547421 806.29725333 815.38903244
 824.48081156 833.57259068 842.6643698  851.75614891 860.84792803
 869.93970715 879.03148627 888.12326538 897.2150445  906.30682362
 915.39860274 924.49038185 933.58216097 942.67394009 951.76571921]
p_y_fitting=[-4.82352941 -5.10837134 -4.79770048 -4.04059094 -2.98611682 -1.78335222
 -0.58137125  0.47075201  1.22394343  1.52912893  1.28282876  0.6242469
 -0.22698812 -1.05119553 -1.62869458 -1.74564868 -1.40189744 -0.86715219
 -0.35720085  0.10232872  0.51720262  0.89318689  1.23604762  1.55292007
  1.89072103  2.34138483  2.99844353  3.83482738  4.57703972  4.93028298
  4.81780745  4.39008082  3.80819814  3.23325444  2.82634477  2.70341431
  2.79401424  2.97960243  3.14163671  3.16211795  2.98707492  2.68599292
  2.34241751  2.03989426  1.86196874  1.8921865   2.21409311  2.86724688
  3.6915414   4.47024714  4.98663085  5.04546147  4.67762407  4.04930618
  3.32851939  2.68284945  2.22407674  1.95322     1.85823365  1.92707213
  2.14768986  2.50804129  2.99563081  3.56954413  4.14398378  4.6291922
  4.93541181  4.99720981  4.85612693  4.58310164  4.24907322  3.92498098
  3.67125926  3.4825974   3.32830296  3.17762927  3.00006617  2.78264764
  2.54172723  2.29644663  2.06594748  1.86937146  1.72586024  1.65455548
  1.67459883  1.80513198  2.06270074  2.43081701  2.87024031  3.34128063
  3.804248    4.21945243  4.54720393  4.74781251  4.7815882   4.60884099
  4.18988091  3.48501796  2.45456216  1.05882353]
a_x_fitting=[ 17.22652885  26.75332133  36.2801138   45.80690627  55.33369874
  64.86049122  74.38728369  83.91407616  93.44086863 102.96766111
 112.49445358 122.02124605 131.54803852 141.074831   150.60162347
 160.12841594 169.65520841 179.18200089 188.70879336 198.23558583
 207.76237831 217.28917078 226.81596325 236.34275572 245.8695482
 255.39634067 264.92313314 274.44992561 283.97671809 293.50351056
 303.03030303 312.5570955  322.08388798 331.61068045 341.13747292
 350.66426539 360.19105787 369.71785034 379.24464281 388.77143528
 398.29822776 407.82502023 417.3518127  426.87860517 436.40539765
 445.93219012 455.45898259 464.98577506 474.51256754 484.03936001
 493.56615248 503.09294495 512.61973743 522.1465299  531.67332237
 541.20011484 550.72690732 560.25369979 569.78049226 579.30728473
 588.83407721 598.36086968 607.88766215 617.41445462 626.9412471
 636.46803957 645.99483204 655.52162451 665.04841699 674.57520946
 684.10200193 693.6287944  703.15558688 712.68237935 722.20917182
 731.73596429 741.26275677 750.78954924 760.31634171 769.84313418
 779.36992666 788.89671913 798.4235116  807.95030407 817.47709655
 827.00388902 836.53068149 846.05747396 855.58426644 865.11105891
 874.63785138 884.16464385 893.69143633 903.2182288  912.74502127
 922.27181374 931.79860622 941.32539869 950.85219116 960.37898363]
a_y_fitting=[-5.32163743 -7.0704746  -8.10049577 -8.51884846 -8.43268017 -7.94913844
 -7.17537077 -6.21852469 -5.1857477  -4.18418733 -3.32099109 -2.69953245
 -2.34120792 -2.18803175 -2.17876322 -2.25216166 -2.34698636 -2.40208041
 -2.37840652 -2.28861512 -2.15272731 -1.99076413 -1.82274668 -1.6675537
 -1.53858685 -1.44760829 -1.40637983 -1.42666332 -1.52022059 -1.69735563
 -1.94747836 -2.24437199 -2.56144329 -2.87209909 -3.14974617 -3.36779134
 -3.50067881 -3.55065262 -3.55013874 -3.533078   -3.53341124 -3.5849475
 -3.70067094 -3.85019021 -3.99769552 -4.10737705 -4.14342497 -4.07002949
 -3.85138079 -3.45166905 -2.87630467 -2.29693968 -1.92712937 -1.92314311
 -2.22133064 -2.70527564 -3.2585618  -3.76477281 -4.10749237 -4.17030416
 -3.86771432 -3.29691504 -2.62194792 -2.00694162 -1.57703216 -1.33227653
 -1.24770279 -1.298339   -1.45921319 -1.70535342 -2.01178775 -2.35355253
 -2.70727211 -3.05303336 -3.37137943 -3.64285344 -3.84799853 -3.9680368
 -3.99893843 -3.9509549  -3.83492325 -3.66168053 -3.44206378 -3.18691005
 -2.90705638 -2.61333983 -2.31659744 -2.02773718 -1.7594915  -1.52653165
 -1.34362269 -1.22552965 -1.1870176  -1.24285157 -1.40779663 -1.69661782
 -2.1240802  -2.7049488  -3.45398869 -4.38596491]
d_x_fitting=[ 29.28509905  38.80319126  48.32128346  57.83937567  67.35746787
  76.87556008  86.39365229  95.91174449 105.4298367  114.9479289
 124.46602111 133.98411331 143.50220552 153.02029772 162.53838993
 172.05648213 181.57457434 191.09266654 200.61075875 210.12885096
 219.64694316 229.16503537 238.68312757 248.20121978 257.71931198
 267.23740419 276.75549639 286.2735886  295.7916808  305.30977301
 314.82786522 324.34595742 333.86404963 343.38214183 352.90023404
 362.41832624 371.93641845 381.45451065 390.97260286 400.49069506
 410.00878727 419.52687948 429.04497168 438.56306389 448.08115609
 457.5992483  467.1173405  476.63543271 486.15352491 495.67161712
 505.18970932 514.70780153 524.22589373 533.74398594 543.26207815
 552.78017035 562.29826256 571.81635476 581.33444697 590.85253917
 600.37063138 609.88872358 619.40681579 628.92490799 638.4430002
 647.96109241 657.47918461 666.99727682 676.51536902 686.03346123
 695.55155343 705.06964564 714.58773784 724.10583005 733.62392225
 743.14201446 752.66010667 762.17819887 771.69629108 781.21438328
 790.73247549 800.25056769 809.7686599  819.2867521  828.80484431
 838.32293651 847.84102872 857.35912093 866.87721313 876.39530534
 885.91339754 895.43148975 904.94958195 914.46767416 923.98576636
 933.50385857 943.02195077 952.54004298 962.05813518 971.57622739]
d_y_fitting=[1.4619883  1.75242947 2.00286424 2.21603969 2.39470291 2.54160097
 2.65948095 2.75108994 2.81917501 2.86648324 2.89576172 2.90975752
 2.91121772 2.9028894  2.88751964 2.86785553 2.84653036 2.82553824
 2.8066502  2.79163702 2.7822695  2.78031844 2.78755463 2.80574885
 2.83667192 2.88209461 2.94378772 3.02341797 3.12008541 3.23022362
 3.35014212 3.47615043 3.60455806 3.73167456 3.85380942 3.96727218
 4.06837235 4.15341946 4.21872303 4.26059257 4.27533762 4.25938866
 4.21489292 4.15207035 4.0817507  4.01476373 3.96193919 3.93410684
 3.94209644 3.99673774 4.10779985 4.26856796 4.45931677 4.65996723
 4.85044028 5.01065685 5.1205379  5.16000435 5.10897716 4.95147629
 4.70061843 4.38210723 4.0216966  3.64514044 3.27819266 2.94659949
 2.66932219 2.44608559 2.27322891 2.14709135 2.06401212 2.02033042
 2.01238548 2.03651648 2.08906264 2.16636317 2.26475728 2.38058416
 2.51018303 2.6498931  2.79605357 2.94500364 3.09308254 3.23662946
 3.37198361 3.4954842  3.60347044 3.69228153 3.75825667 3.79773509
 3.80705598 3.78255856 3.72058202 3.61746558 3.46954844 3.27316981
 3.02466891 2.72038492 2.35665707 1.92982456]