
p_x=[8.613264427217917, 178.29457364341087, 307.49354005167953, 447.8897502153316, 542.6356589147287, 658.9147286821704, 789.8363479758829, 971.5762273901809, 993.1093884582257]
p_y=[-1.0588235294117645, -1.5294117647058805, 3.1764705882352935, 0.8235294117647065, 1.1764705882352935, 5.294117647058823, 1.0588235294117645, 5.647058823529411, 5.764705882352941]
a_x=[12.919896640826872, 149.00947459086993, 301.464254952627, 454.78036175710594, 523.6864771748493, 645.9948320413437, 788.1136950904393, 951.7657192075797, 990.5254091300602]
a_y=[-6.6081871345029235, -5.6725146198830405, -3.6842105263157894, -7.894736842105264, -7.777777777777779, -3.6842105263157894, -2.9824561403508767, -1.9298245614035086, -2.0467836257309955]
d_x=[10.335917312661499, 169.68130921619291, 312.66149870801036, 483.2041343669251, 659.7760551248923, 806.2015503875969, 988.8027562446167]
d_y=[1.2280701754385976, 1.8128654970760234, 3.9181286549707606, 3.9181286549707606, 4.736842105263158, 4.035087719298246, 4.269005847953217]
p_x_fitting=[  8.61326443  18.55766972  28.50207501  38.44648031  48.3908856
  58.33529089  68.27969619  78.22410148  88.16850677  98.11291207
 108.05731736 118.00172265 127.94612795 137.89053324 147.83493853
 157.77934383 167.72374912 177.66815441 187.61255971 197.556965
 207.50137029 217.44577559 227.39018088 237.33458617 247.27899147
 257.22339676 267.16780205 277.11220734 287.05661264 297.00101793
 306.94542322 316.88982852 326.83423381 336.7786391  346.7230444
 356.66744969 366.61185498 376.55626028 386.50066557 396.44507086
 406.38947616 416.33388145 426.27828674 436.22269204 446.16709733
 456.11150262 466.05590792 476.00031321 485.9447185  495.8891238
 505.83352909 515.77793438 525.72233968 535.66674497 545.61115026
 555.55555556 565.49996085 575.44436614 585.38877144 595.33317673
 605.27758202 615.22198732 625.16639261 635.1107979  645.05520319
 654.99960849 664.94401378 674.88841907 684.83282437 694.77722966
 704.72163495 714.66604025 724.61044554 734.55485083 744.49925613
 754.44366142 764.38806671 774.33247201 784.2768773  794.22128259
 804.16568789 814.11009318 824.05449847 833.99890377 843.94330906
 853.88771435 863.83211965 873.77652494 883.72093023 893.66533553
 903.60974082 913.55414611 923.49855141 933.4429567  943.38736199
 953.33176729 963.27617258 973.22057787 983.16498316 993.10938846]
p_y_fitting=[-1.05882353 -1.82041736 -2.45668618 -2.97438823 -3.38028171 -3.68112487
 -3.88367591 -3.99469306 -4.02093455 -3.96915859 -3.84612342 -3.65858724
 -3.41330829 -3.11704479 -2.77655495 -2.39859701 -1.98992918 -1.55730969
 -1.10749677 -0.64724862 -0.18332348  0.27752043  0.72852489  1.16293168
  1.57398257  1.95491934  2.29898376  2.59941763  2.84946271  3.04236077
  3.17135361  3.23166546  3.2278791   3.16733614  3.0573786   2.90534851
  2.71858788  2.50443873  2.27024309  2.02334296  1.77108038  1.52079735
  1.2798359   1.05553806  0.85524583  0.6859954   0.55274729  0.45959933
  0.41064654  0.40998395  0.46170657  0.56990943  0.73868755  0.97213594
  1.27425632  1.64178363  2.05910905  2.50942474  2.97592288  3.44179564
  3.8902352   4.30443374  4.66758342  4.96287642  5.17350491  5.28266108
  5.27479858  5.15278393  4.93342471  4.63387391  4.27128454  3.86280958
  3.42560202  2.97681487  2.53360112  2.11311376  1.73250578  1.40893019
  1.15953997  1.00110997  0.93873103  0.96386185  1.06719043  1.23940477
  1.47119287  1.75324273  2.07624236  2.43087975  2.8078429   3.19781981
  3.59149849  3.97956692  4.35271312  4.70162509  5.01699081  5.2894983
  5.50983555  5.66869056  5.75675134  5.76470588]
a_x_fitting=[ 12.91989664  22.7946998   32.66950295  42.54430611  52.41910927
  62.29391242  72.16871558  82.04351874  91.91832189 101.79312505
 111.66792821 121.54273136 131.41753452 141.29233767 151.16714083
 161.04194399 170.91674714 180.7915503  190.66635346 200.54115661
 210.41595977 220.29076293 230.16556608 240.04036924 249.9151724
 259.78997555 269.66477871 279.53958187 289.41438502 299.28918818
 309.16399133 319.03879449 328.91359765 338.7884008  348.66320396
 358.53800712 368.41281027 378.28761343 388.16241659 398.03721974
 407.9120229  417.78682606 427.66162921 437.53643237 447.41123552
 457.28603868 467.16084184 477.03564499 486.91044815 496.78525131
 506.66005446 516.53485762 526.40966078 536.28446393 546.15926709
 556.03407025 565.9088734  575.78367656 585.65847972 595.53328287
 605.40808603 615.28288918 625.15769234 635.0324955  644.90729865
 654.78210181 664.65690497 674.53170812 684.40651128 694.28131444
 704.15611759 714.03092075 723.90572391 733.78052706 743.65533022
 753.53013338 763.40493653 773.27973969 783.15454284 793.029346
 802.90414916 812.77895231 822.65375547 832.52855863 842.40336178
 852.27816494 862.1529681  872.02777125 881.90257441 891.77737757
 901.65218072 911.52698388 921.40178703 931.27659019 941.15139335
 951.0261965  960.90099966 970.77580282 980.65060597 990.52540913]
a_y_fitting=[-6.60818713 -6.79493655 -6.92694559 -7.00800703 -7.04191364 -7.03245818
 -6.98343343 -6.89863217 -6.78184715 -6.63687116 -6.46749696 -6.27751732
 -6.07072502 -5.85091283 -5.62187352 -5.38739985 -5.1512846  -4.91732055
 -4.68930046 -4.4710171  -4.26626324 -4.07883166 -3.91251513 -3.77110641
 -3.65839829 -3.57818352 -3.53425488 -3.53040515 -3.57042709 -3.65811347
 -3.79644811 -3.98203117 -4.20843514 -4.4692143  -4.7579229  -5.06811521
 -5.39334548 -5.72716799 -6.06313699 -6.39480674 -6.71573151 -7.01946557
 -7.29956316 -7.54957857 -7.76306604 -7.93359428 -8.0564168  -8.1300257
 -8.15328058 -8.12504104 -8.04416667 -7.90951707 -7.71998544 -7.47765815
 -7.19040138 -6.86669003 -6.51499905 -6.14380335 -5.76157786 -5.3767975
 -4.9979372  -4.63347188 -4.29187646 -3.98162588 -3.71119505 -3.48751695
 -3.30892212 -3.17075903 -3.06837324 -2.99711028 -2.95231572 -2.92933509
 -2.92351396 -2.93019786 -2.94473234 -2.96246296 -2.97873527 -2.98889481
 -2.98828713 -2.97239816 -2.93997642 -2.89305176 -2.8337982  -2.76438975
 -2.68700042 -2.60380422 -2.51697517 -2.42868728 -2.34111457 -2.25643103
 -2.1768107  -2.10442757 -2.04145567 -1.990069   -1.95244158 -1.93074741
 -1.92716053 -1.94385492 -1.98300462 -2.04678363]
d_x_fitting=[ 10.33591731  20.21942074  30.10292416  39.98642758  49.86993101
  59.75343443  69.63693785  79.52044128  89.4039447   99.28744812
 109.17095155 119.05445497 128.9379584  138.82146182 148.70496524
 158.58846867 168.47197209 178.35547551 188.23897894 198.12248236
 208.00598578 217.88948921 227.77299263 237.65649605 247.53999948
 257.4235029  267.30700633 277.19050975 287.07401317 296.9575166
 306.84102002 316.72452344 326.60802687 336.49153029 346.37503371
 356.25853714 366.14204056 376.02554398 385.90904741 395.79255083
 405.67605425 415.55955768 425.4430611  435.32656453 445.21006795
 455.09357137 464.9770748  474.86057822 484.74408164 494.62758507
 504.51108849 514.39459191 524.27809534 534.16159876 544.04510218
 553.92860561 563.81210903 573.69561246 583.57911588 593.4626193
 603.34612273 613.22962615 623.11312957 632.996633   642.88013642
 652.76363984 662.64714327 672.53064669 682.41415011 692.29765354
 702.18115696 712.06466039 721.94816381 731.83166723 741.71517066
 751.59867408 761.4821775  771.36568093 781.24918435 791.13268777
 801.0161912  810.89969462 820.78319804 830.66670147 840.55020489
 850.43370831 860.31721174 870.20071516 880.08421859 889.96772201
 899.85122543 909.73472886 919.61823228 929.5017357  939.38523913
 949.26874255 959.15224597 969.0357494  978.91925282 988.80275624]
d_y_fitting=[1.22807018 1.08391947 0.97160997 0.8894466  0.8357343  0.808778
 0.80688264 0.82835314 0.87149444 0.93461149 1.0160092  1.11399252
 1.22686638 1.35293571 1.49050545 1.63788053 1.79336589 1.95526645
 2.12188716 2.29153294 2.46250874 2.63311948 2.8016701  2.96646554
 3.12581072 3.27801058 3.42137006 3.55419409 3.6747876  3.78145553
 3.87250281 3.94627403 4.00255886 4.04297024 4.06923767 4.08309069
 4.08625879 4.08047149 4.06745831 4.04894875 4.02667234 4.00235858
 3.97773699 3.95453708 3.93448836 3.91932036 3.91076257 3.91054452
 3.92039378 3.94125806 3.97211318 4.0116281  4.05847175 4.1113131
 4.16882109 4.22966467 4.29251279 4.3560344  4.41889844 4.47977387
 4.53732964 4.59023469 4.63715798 4.67676845 4.70773505 4.72872674
 4.73842193 4.73629213 4.72318809 4.70009869 4.66801279 4.62791926
 4.58080698 4.52766479 4.46948159 4.40724622 4.34194756 4.27457448
 4.20611585 4.13756053 4.06989738 4.00411529 3.94120311 3.88214971
 3.82794396 3.77957474 3.73803089 3.70430131 3.67937484 3.66424036
 3.65988674 3.66730284 3.68747753 3.72139969 3.77005817 3.83444184
 3.91553958 4.01434025 4.13183272 4.26900585]