
p_x=[38.75968992248062, 137.81223083548667, 264.42721791559, 394.4875107665805, 539.1903531438415, 627.9069767441861, 778.6391042204996, 923.3419465977606, 987.941429801895]
p_y=[-2.0, -5.882352941176469, -5.529411764705882, -7.882352941176471, -7.1764705882352935, -6.8235294117647065, -4.23529411764706, -4.8235294117647065, -3.4117647058823515]
a_x=[10.335917312661499, 99.05254091300603, 227.39018087855297, 366.9250645994832, 472.8682170542636, 529.7157622739019, 575.3660637381568, 645.9948320413437, 722.652885443583, 914.7286821705426, 991.3867355727821]
a_y=[-6.725146198830409, -3.6842105263157894, -3.333333333333332, -0.8771929824561404, -2.280701754385966, -2.280701754385966, -6.842105263157894, -7.543859649122805, -2.514619883040936, -2.397660818713449, -1.578947368421053]
d_x=[18.08785529715762, 122.3083548664944, 226.5288544358312, 348.8372093023256, 548.6649440137812, 708.8716623600344, 739.0180878552973, 904.3927648578812, 992.2480620155038]
d_y=[-2.397660818713449, -3.2163742690058488, -0.6432748538011701, 2.8654970760233924, 2.0467836257309946, 1.6959064327485383, -1.9298245614035086, -2.6315789473684212, -0.8771929824561404]
p_x_fitting=[ 38.75968992  48.34738426  57.93507861  67.52277295  77.11046729
  86.69816163  96.28585598 105.87355032 115.46124466 125.048939
 134.63663334 144.22432769 153.81202203 163.39971637 172.98741071
 182.57510506 192.1627994  201.75049374 211.33818808 220.92588242
 230.51357677 240.10127111 249.68896545 259.27665979 268.86435414
 278.45204848 288.03974282 297.62743716 307.2151315  316.80282585
 326.39052019 335.97821453 345.56590887 355.15360322 364.74129756
 374.3289919  383.91668624 393.50438058 403.09207493 412.67976927
 422.26746361 431.85515795 441.4428523  451.03054664 460.61824098
 470.20593532 479.79362966 489.38132401 498.96901835 508.55671269
 518.14440703 527.73210138 537.31979572 546.90749006 556.4951844
 566.08287874 575.67057309 585.25826743 594.84596177 604.43365611
 614.02135046 623.6090448  633.19673914 642.78443348 652.37212782
 661.95982217 671.54751651 681.13521085 690.72290519 700.31059954
 709.89829388 719.48598822 729.07368256 738.6613769  748.24907125
 757.83676559 767.42445993 777.01215427 786.59984862 796.18754296
 805.7752373  815.36293164 824.95062598 834.53832033 844.12601467
 853.71370901 863.30140335 872.8890977  882.47679204 892.06448638
 901.65218072 911.23987506 920.82756941 930.41526375 940.00295809
 949.59065243 959.17834678 968.76604112 978.35373546 987.9414298 ]
p_y_fitting=[-2.         -2.75322533 -3.4082914  -3.97141396 -4.44880878 -4.84669161
 -5.17127821 -5.42878432 -5.62542572 -5.76741815 -5.86097738 -5.91231915
 -5.92765922 -5.91321336 -5.87519732 -5.81982685 -5.75331771 -5.68188566
 -5.61174645 -5.54911585 -5.50020959 -5.47124346 -5.46843319 -5.49799455
 -5.56594345 -5.67278464 -5.81294976 -5.98055787 -6.16972804 -6.37457935
 -6.58923086 -6.80780165 -7.02441077 -7.23317731 -7.42822034 -7.60365891
 -7.75361211 -7.872199   -7.95469702 -8.00269777 -8.01993371 -8.01013902
 -7.97704788 -7.92439449 -7.85591301 -7.77533764 -7.68640255 -7.59284194
 -7.49838999 -7.40678087 -7.32174878 -7.24702789 -7.18635239 -7.14267573
 -7.11327117 -7.09290085 -7.07631581 -7.05826708 -7.03350569 -6.99678266
 -6.94284904 -6.86645584 -6.76261926 -6.63119376 -6.47626091 -6.30204453
 -6.11276842 -5.9126564  -5.70593227 -5.49681984 -5.28954292 -5.08832531
 -4.89739082 -4.72096326 -4.56326645 -4.42852417 -4.32096025 -4.2447985
 -4.20340154 -4.19435223 -4.21285522 -4.25410781 -4.31330732 -4.38565104
 -4.46633627 -4.55056034 -4.63352053 -4.71041416 -4.77643853 -4.82679095
 -4.85666871 -4.86126913 -4.83578951 -4.77542716 -4.67537938 -4.53084347
 -4.33701675 -4.08909651 -3.78228006 -3.41176471]
a_x_fitting=[ 10.33591731  20.24552154  30.15512576  40.06472999  49.97433421
  59.88393844  69.79354266  79.70314689  89.61275111  99.52235534
 109.43195956 119.34156379 129.25116801 139.16077224 149.07037646
 158.97998069 168.88958491 178.79918914 188.70879336 198.61839758
 208.52800181 218.43760603 228.34721026 238.25681448 248.16641871
 258.07602293 267.98562716 277.89523138 287.80483561 297.71443983
 307.62404406 317.53364828 327.44325251 337.35285673 347.26246096
 357.17206518 367.08166941 376.99127363 386.90087786 396.81048208
 406.72008631 416.62969053 426.53929476 436.44889898 446.35850321
 456.26810743 466.17771166 476.08731588 485.99692011 495.90652433
 505.81612856 515.72573278 525.635337   535.54494123 545.45454545
 555.36414968 565.2737539  575.18335813 585.09296235 595.00256658
 604.9121708  614.82177503 624.73137925 634.64098348 644.5505877
 654.46019193 664.36979615 674.27940038 684.1890046  694.09860883
 704.00821305 713.91781728 723.8274215  733.73702573 743.64662995
 753.55623418 763.4658384  773.37544263 783.28504685 793.19465108
 803.1042553  813.01385953 822.92346375 832.83306798 842.7426722
 852.65227642 862.56188065 872.47148487 882.3810891  892.29069332
 902.20029755 912.10990177 922.019506   931.92911022 941.83871445
 951.74831867 961.6579229  971.56752712 981.47713135 991.38673557]
a_y_fitting=[-6.7251462  -6.09765532 -5.55713059 -5.09727987 -4.71181101 -4.39443188
 -4.13885034 -3.93877423 -3.78791141 -3.67996974 -3.60865708 -3.56768129
 -3.55075022 -3.55157172 -3.56385366 -3.58130389 -3.59763027 -3.60654066
 -3.60174291 -3.57694487 -3.52585441 -3.44217939 -3.31962986 -3.15514573
 -2.9553606  -2.7287191  -2.48366587 -2.22864553 -1.97210273 -1.72248209
 -1.48822826 -1.27778586 -1.09959953 -0.9621139  -0.87377361 -0.84302328
 -0.87830755 -0.98351387 -1.14514494 -1.34555854 -1.56711244 -1.79216442
 -2.00307225 -2.18219369 -2.31188654 -2.37450855 -2.35241752 -2.22856282
 -2.02366124 -1.81831268 -1.69842866 -1.74992065 -2.05870015 -2.70300241
 -3.64067607 -4.73398517 -5.84256078 -6.82603396 -7.5695954  -8.06648976
 -8.33851082 -8.40745251 -8.29510877 -8.02327356 -7.6137408  -7.08889092
 -6.47475621 -5.79877229 -5.08837767 -4.37101086 -3.67411038 -3.02511475
 -2.45145296 -1.97258425 -1.58553199 -1.28340024 -1.05929305 -0.9063145
 -0.81756863 -0.78615952 -0.80519121 -0.86776777 -0.96699327 -1.09597175
 -1.24780729 -1.41560393 -1.59246575 -1.7714968  -1.94580114 -2.10848283
 -2.25264593 -2.37139451 -2.45783262 -2.50506432 -2.50619368 -2.45432475
 -2.34256159 -2.16400827 -1.91176884 -1.57894737]
d_x_fitting=[ 18.0878553   27.92785739  37.76785947  47.60786156  57.44786365
  67.28786574  77.12786783  86.96786991  96.807872   106.64787409
 116.48787618 126.32787827 136.16788035 146.00788244 155.84788453
 165.68788662 175.52788871 185.36789079 195.20789288 205.04789497
 214.88789706 224.72789915 234.56790123 244.40790332 254.24790541
 264.0879075  273.92790959 283.76791167 293.60791376 303.44791585
 313.28791794 323.12792003 332.96792212 342.8079242  352.64792629
 362.48792838 372.32793047 382.16793256 392.00793464 401.84793673
 411.68793882 421.52794091 431.367943   441.20794508 451.04794717
 460.88794926 470.72795135 480.56795344 490.40795552 500.24795761
 510.0879597  519.92796179 529.76796388 539.60796596 549.44796805
 559.28797014 569.12797223 578.96797432 588.8079764  598.64797849
 608.48798058 618.32798267 628.16798476 638.00798685 647.84798893
 657.68799102 667.52799311 677.3679952  687.20799729 697.04799937
 706.88800146 716.72800355 726.56800564 736.40800773 746.24800981
 756.0880119  765.92801399 775.76801608 785.60801817 795.44802025
 805.28802234 815.12802443 824.96802652 834.80802861 844.64803069
 854.48803278 864.32803487 874.16803696 884.00803905 893.84804113
 903.68804322 913.52804531 923.3680474  933.20804949 943.04805158
 952.88805366 962.72805575 972.56805784 982.40805993 992.24806202]
d_y_fitting=[-2.39766082 -2.67463479 -2.90512009 -3.09081128 -3.2334029  -3.33458949
 -3.39606559 -3.41952576 -3.40666453 -3.35917646 -3.27875608 -3.16709794
 -3.02589658 -2.85684655 -2.6616424  -2.44197866 -2.19954988 -1.93605062
 -1.6531754  -1.35261878 -1.0360753  -0.70523951 -0.36212407 -0.01096884
  0.3430347   0.69469147  1.0388064   1.37018443  1.68363047  1.97394946
  2.23594632  2.46442598  2.65419338  2.80005343  2.89691761  2.94416896
  2.94719733  2.9118146   2.84383263  2.7490633   2.63331849  2.50241007
  2.3621499   2.21834987  2.07682184  1.94337769  1.82382929  1.72398851
  1.64966723  1.60667732  1.60083065  1.63793909  1.72381453  1.86426882
  2.06511187  2.32721922  2.63589794  2.97339218  3.32194611  3.66380391
  3.98120973  4.25640775  4.47164213  4.60915704  4.65119665  4.58000512
  4.37782663  4.02690533  3.50948541  2.80781101  1.90412632  0.79378217
 -0.43050754 -1.63219542 -2.6843899  -3.55059037 -4.2428231  -4.77357855
 -5.15534723 -5.40061961 -5.52188618 -5.53163743 -5.44236384 -5.2665559
 -5.01670409 -4.7052989  -4.34483081 -3.94779031 -3.52666788 -3.09395402
 -2.6621392  -2.24371391 -1.85116864 -1.49699387 -1.19368009 -0.95371778
 -0.78959743 -0.71380952 -0.73884454 -0.87719298]