
p_x=[16.36520241171404, 80.96468561584841, 136.08957795004306, 235.1421188630491, 332.4720068906115, 397.9328165374677, 473.7295434969854, 555.5555555555555, 644.2721791559001, 724.3755383290267, 838.0706287683032, 943.1524547803618, 990.5254091300602]
p_y=[1.2941176470588225, 0.9411764705882355, 2.235294117647059, 3.647058823529412, 6.352941176470589, 5.882352941176471, 1.882352941176471, 3.2941176470588243, 6.117647058823529, 6.0, 5.529411764705882, 5.294117647058823, 6.352941176470589]
a_x=[21.53316106804479, 72.35142118863048, 145.56416881998277, 231.69681309216193, 322.99741602067184, 400.5167958656331, 478.0361757105943, 579.6726959517657, 628.7683031869078, 726.0981912144703, 844.0999138673557, 934.5391903531438, 983.634797588286]
a_y=[-6.491228070175438, -3.9181286549707615, -3.5672514619883025, -2.397660818713449, -2.397660818713449, -1.3450292397660828, -5.321637426900585, -5.906432748538011, -0.5263157894736832, -1.4619883040935662, -1.3450292397660828, -1.578947368421053, -1.9298245614035086]
d_x=[23.25581395348837, 165.37467700258398, 341.94659776055124, 495.2627045650301, 591.7312661498709, 739.8794142980189, 862.1877691645134, 974.1602067183462]
d_y=[1.6959064327485383, 4.385964912280702, 4.619883040935672, 4.502923976608187, 2.0467836257309946, 3.8011695906432754, 3.333333333333334, 3.6842105263157894]
p_x_fitting=[ 16.36520241  26.2052045   36.04520659  45.88520868  55.72521076
  65.56521285  75.40521494  85.24521703  95.08521912 104.9252212
 114.76522329 124.60522538 134.44522747 144.28522956 154.12523164
 163.96523373 173.80523582 183.64523791 193.48524    203.32524208
 213.16524417 223.00524626 232.84524835 242.68525044 252.52525253
 262.36525461 272.2052567  282.04525879 291.88526088 301.72526297
 311.56526505 321.40526714 331.24526923 341.08527132 350.92527341
 360.76527549 370.60527758 380.44527967 390.28528176 400.12528385
 409.96528593 419.80528802 429.64529011 439.4852922  449.32529429
 459.16529637 469.00529846 478.84530055 488.68530264 498.52530473
 508.36530681 518.2053089  528.04531099 537.88531308 547.72531517
 557.56531726 567.40531934 577.24532143 587.08532352 596.92532561
 606.7653277  616.60532978 626.44533187 636.28533396 646.12533605
 655.96533814 665.80534022 675.64534231 685.4853444  695.32534649
 705.16534858 715.00535066 724.84535275 734.68535484 744.52535693
 754.36535902 764.2053611  774.04536319 783.88536528 793.72536737
 803.56536946 813.40537154 823.24537363 833.08537572 842.92537781
 852.7653799  862.60538199 872.44538407 882.28538616 892.12538825
 901.96539034 911.80539243 921.64539451 931.4853966  941.32539869
 951.16540078 961.00540287 970.84540495 980.68540704 990.52540913]
p_y_fitting=[1.29411765 0.96102208 0.75021972 0.64731627 0.63791746 0.70762902
 0.84205667 1.02680614 1.24748316 1.48969343 1.7390427  1.98113668
 2.20158111 2.38813856 2.5429304  2.67394293 2.78917985 2.89664488
 3.00434172 3.12027408 3.25244568 3.40886022 3.59752142 3.8251331
 4.08769007 4.37591932 4.68051116 4.99215588 5.30154377 5.59936513
 5.87631027 6.12306947 6.33033303 6.48857719 6.58702934 6.61446527
 6.5596602  6.41138929 6.15842775 5.78963918 5.30814895 4.74694041
 4.14274932 3.53231145 2.95236257 2.43963844 2.03087484 1.76150864
 1.63971834 1.64780276 1.76703782 1.97869943 2.26406349 2.60440591
 2.9810026  3.37514609 3.7714673  4.1619576  4.53959075 4.89734053
 5.22818072 5.52508507 5.78102737 5.98898139 6.1419386  6.23726724
 6.28242623 6.28629178 6.25774011 6.2056474  6.13888987 6.06634373
 5.99688498 5.93732806 5.88733909 5.84503588 5.80853625 5.775958
 5.74541897 5.71503696 5.68292978 5.64721525 5.6060112  5.55743542
 5.49973849 5.43432148 5.36579092 5.29889709 5.2383903  5.18902081
 5.15553893 5.14269493 5.1552391  5.19792173 5.2754931  5.39270351
 5.55430323 5.76504256 6.02967178 6.35294118]
a_x_fitting=[ 21.53316107  31.25135942  40.96955777  50.68775611  60.40595446
  70.12415281  79.84235116  89.56054951  99.27874786 108.99694621
 118.71514455 128.4333429  138.15154125 147.8697396  157.58793795
 167.3061363  177.02433465 186.742533   196.46073134 206.17892969
 215.89712804 225.61532639 235.33352474 245.05172309 254.76992144
 264.48811979 274.20631813 283.92451648 293.64271483 303.36091318
 313.07911153 322.79730988 332.51550823 342.23370657 351.95190492
 361.67010327 371.38830162 381.10649997 390.82469832 400.54289667
 410.26109502 419.97929336 429.69749171 439.41569006 449.13388841
 458.85208676 468.57028511 478.28848346 488.00668181 497.72488015
 507.4430785  517.16127685 526.8794752  536.59767355 546.3158719
 556.03407025 565.75226859 575.47046694 585.18866529 594.90686364
 604.62506199 614.34326034 624.06145869 633.77965704 643.49785538
 653.21605373 662.93425208 672.65245043 682.37064878 692.08884713
 701.80704548 711.52524382 721.24344217 730.96164052 740.67983887
 750.39803722 760.11623557 769.83443392 779.55263227 789.27083061
 798.98902896 808.70722731 818.42542566 828.14362401 837.86182236
 847.58002071 857.29821906 867.0164174  876.73461575 886.4528141
 896.17101245 905.8892108  915.60740915 925.3256075  935.04380584
 944.76200419 954.48020254 964.19840089 973.91659924 983.63479759]
a_y_fitting=[-6.49122807 -5.70637115 -5.07882343 -4.59107584 -4.22561934 -3.96494486
 -3.79154333 -3.6879057  -3.63652291 -3.61988588 -3.62048557 -3.62081291
 -3.60335884 -3.55067839 -3.45416062 -3.32296497 -3.16838086 -3.00169772
 -2.83420497 -2.67719203 -2.54194832 -2.43976327 -2.38171514 -2.36926974
 -2.39052725 -2.4326004  -2.48260191 -2.52764451 -2.55484093 -2.55130389
 -2.50414612 -2.40048034 -2.23362342 -2.0232904  -1.79621621 -1.57913584
 -1.39878425 -1.28189644 -1.25520738 -1.34545206 -1.57120706 -1.91867723
 -2.36603947 -2.89147064 -3.47314763 -4.08924732 -4.71794659 -5.33742231
 -5.92589817 -6.46177105 -6.92347789 -7.28945561 -7.53814116 -7.64797146
 -7.59738345 -7.36481406 -6.92870023 -6.2674789  -5.36362091 -4.26844173
 -3.09095887 -1.94197347 -0.93228668 -0.16926688  0.31315205  0.55152977
  0.58527015  0.4537771   0.19645448 -0.1472938  -0.53806385 -0.93645181
 -1.30305377 -1.59949723 -1.81108173 -1.94675125 -2.01647558 -2.03022456
 -1.99796801 -1.92967573 -1.83531756 -1.72486331 -1.6082828  -1.49554585
 -1.39662228 -1.3213823  -1.27466151 -1.25398978 -1.25632334 -1.27861842
 -1.31783127 -1.37091811 -1.43483517 -1.50653869 -1.58298491 -1.66113005
 -1.73793036 -1.81034205 -1.87532138 -1.92982456]
d_x_fitting=[ 23.25581395  32.86090883  42.46600371  52.07109858  61.67619346
  71.28128834  80.88638321  90.49147809 100.09657296 109.70166784
 119.30676272 128.91185759 138.51695247 148.12204735 157.72714222
 167.3322371  176.93733198 186.54242685 196.14752173 205.75261661
 215.35771148 224.96280636 234.56790123 244.17299611 253.77809099
 263.38318586 272.98828074 282.59337562 292.19847049 301.80356537
 311.40866025 321.01375512 330.61885    340.22394488 349.82903975
 359.43413463 369.0392295  378.64432438 388.24941926 397.85451413
 407.45960901 417.06470389 426.66979876 436.27489364 445.87998852
 455.48508339 465.09017827 474.69527314 484.30036802 493.9054629
 503.51055777 513.11565265 522.72074753 532.3258424  541.93093728
 551.53603216 561.14112703 570.74622191 580.35131679 589.95641166
 599.56150654 609.16660141 618.77169629 628.37679117 637.98188604
 647.58698092 657.1920758  666.79717067 676.40226555 686.00736043
 695.6124553  705.21755018 714.82264506 724.42773993 734.03283481
 743.63792968 753.24302456 762.84811944 772.45321431 782.05830919
 791.66340407 801.26849894 810.87359382 820.4786887  830.08378357
 839.68887845 849.29397332 858.8990682  868.50416308 878.10925795
 887.71435283 897.31944771 906.92454258 916.52963746 926.13473234
 935.73982721 945.34492209 954.95001697 964.55511184 974.16020672]
d_y_fitting=[1.69590643 2.04043574 2.35604819 2.64399277 2.90551849 3.14187435
 3.35430934 3.54407246 3.71241272 3.86057911 3.98982063 4.10138629
 4.19652508 4.276486   4.34251804 4.39587022 4.43779153 4.46953096
 4.49233753 4.50746022 4.51614803 4.51964997 4.51921504 4.51609223
 4.51153055 4.50677899 4.50308655 4.50170223 4.50387504 4.51085396
 4.52388801 4.54422618 4.57311746 4.61181087 4.66112943 4.71894876
 4.78189805 4.84660206 4.90968552 4.96777319 5.0174898  5.05546012
 5.07830889 5.08266085 5.06514075 5.02237334 4.95098337 4.84759558
 4.70883473 4.53132555 4.31313724 4.06121012 3.78585023 3.49737002
 3.20608198 2.92229855 2.65633222 2.41849543 2.21910067 2.0684604
 1.97539854 1.93825991 1.95088931 2.00711421 2.10076207 2.22566036
 2.37563655 2.54451811 2.72613251 2.91430721 3.10286968 3.28564739
 3.45646781 3.6091584  3.73754664 3.83555367 3.900937   3.93655307
 3.945611   3.93131988 3.8968888  3.84552688 3.78044321 3.70484689
 3.62194702 3.53495269 3.44707302 3.36151709 3.28149401 3.21021287
 3.15088278 3.10671284 3.08091215 3.0766898  3.09725489 3.14581653
 3.22558381 3.33976584 3.49157171 3.68421053]