
p_x=[14.642549526270457, 111.1111111111111, 188.63049095607235, 260.98191214470285, 357.4504737295435, 462.5322997416021, 512.4892334194659, 649.4401378122309, 759.6899224806202, 894.9181739879414, 988.8027562446167]
p_y=[-2.0, -4.588235294117647, 3.2941176470588243, 3.4117647058823533, 5.0588235294117645, 5.176470588235294, 1.882352941176471, 2.11764705882353, 4.588235294117648, 6.235294117647059, 5.882352941176471]
a_x=[15.503875968992247, 104.22049956933678, 186.90783807062877, 267.87252368647717, 366.9250645994832, 467.7002583979328, 627.9069767441861, 749.3540051679587, 909.5607235142119, 983.634797588286]
a_y=[-6.374269005847953, -3.6842105263157894, -2.397660818713449, -4.385964912280702, -3.099415204678362, -1.2280701754385959, -7.426900584795323, -1.578947368421053, -0.9941520467836256, -2.6315789473684212]
d_x=[11.19724375538329, 149.00947459086993, 234.28079242032732, 302.3255813953488, 472.8682170542636, 636.5202411714039, 773.4711455641689, 905.254091300603, 982.7734711455641]
d_y=[1.6959064327485383, 3.6842105263157894, 2.0467836257309946, 4.152046783625732, 3.8011695906432754, 2.1637426900584797, 3.2163742690058488, 4.970760233918129, 4.853801169590644]
p_x_fitting=[ 14.64254953  24.48255161  34.3225537   44.16255579  54.00255788
  63.84255997  73.68256205  83.52256414  93.36256623 103.20256832
 113.04257041 122.88257249 132.72257458 142.56257667 152.40257876
 162.24258085 172.08258294 181.92258502 191.76258711 201.6025892
 211.44259129 221.28259338 231.12259546 240.96259755 250.80259964
 260.64260173 270.48260382 280.3226059  290.16260799 300.00261008
 309.84261217 319.68261426 329.52261634 339.36261843 349.20262052
 359.04262261 368.8826247  378.72262678 388.56262887 398.40263096
 408.24263305 418.08263514 427.92263722 437.76263931 447.6026414
 457.44264349 467.28264558 477.12264767 486.96264975 496.80265184
 506.64265393 516.48265602 526.32265811 536.16266019 546.00266228
 555.84266437 565.68266646 575.52266855 585.36267063 595.20267272
 605.04267481 614.8826769  624.72267899 634.56268107 644.40268316
 654.24268525 664.08268734 673.92268943 683.76269151 693.6026936
 703.44269569 713.28269778 723.12269987 732.96270195 742.80270404
 752.64270613 762.48270822 772.32271031 782.1627124  792.00271448
 801.84271657 811.68271866 821.52272075 831.36272284 841.20272492
 851.04272701 860.8827291  870.72273119 880.56273328 890.40273536
 900.24273745 910.08273954 919.92274163 929.76274372 939.6027458
 949.44274789 959.28274998 969.12275207 978.96275416 988.80275624]
p_y_fitting=[-2.         -4.00172926 -5.49092626 -6.5128624  -7.11280905 -7.33603762
 -7.22781949 -6.83342606 -6.1981287  -5.36719882 -4.3859078  -3.29952703
 -2.1533279  -0.99258181  0.13743986  1.19146572  2.12422437  2.89044443
  3.44533358  3.77621816  3.92225223  3.9272959   3.83520928  3.68985245
  3.53508552  3.4147686   3.36489427  3.38655264  3.47115857  3.61012655
  3.79487107  4.01680661  4.26734768  4.53790875  4.81990433  5.10474568
  5.38266325  5.6409526   5.86646101  6.04603578  6.16652418  6.21477351
  6.17763105  6.0419441   5.79455992  5.42232582  4.91334372  4.28704992
  3.59565675  2.89291972  2.23259429  1.66772668  1.2247173   0.89587994
  0.67130257  0.54107315  0.49527968  0.52401011  0.61735242  0.7653946
  0.9582246   1.18593041  1.4386      1.70632134  1.9791824   2.24746998
  2.50631022  2.75582172  2.99635254  3.22825069  3.45186421  3.66754113
  3.87562949  4.07647733  4.27043266  4.45784354  4.63905433  4.81408628
  4.98238831  5.14335074  5.29636386  5.440818    5.57610344  5.7016105
  5.81672948  5.9208507   6.01336444  6.09366103  6.16113077  6.21516395
  6.2551509   6.2804819   6.29054728  6.28473733  6.26244236  6.22305268
  6.16595859  6.0905504   5.99621842  5.88235294]
a_x_fitting=[ 15.50387597  25.28297619  35.06207641  44.84117662  54.62027684
  64.39937706  74.17847728  83.9575775   93.73667772 103.51577793
 113.29487815 123.07397837 132.85307859 142.63217881 152.41127903
 162.19037924 171.96947946 181.74857968 191.5276799  201.30678012
 211.08588034 220.86498055 230.64408077 240.42318099 250.20228121
 259.98138143 269.76048165 279.53958187 289.31868208 299.0977823
 308.87688252 318.65598274 328.43508296 338.21418318 347.99328339
 357.77238361 367.55148383 377.33058405 387.10968427 396.88878449
 406.6678847  416.44698492 426.22608514 436.00518536 445.78428558
 455.5633858  465.34248601 475.12158623 484.90068645 494.67978667
 504.45888689 514.23798711 524.01708732 533.79618754 543.57528776
 553.35438798 563.1334882  572.91258842 582.69168863 592.47078885
 602.24988907 612.02898929 621.80808951 631.58718973 641.36628995
 651.14539016 660.92449038 670.7035906  680.48269082 690.26179104
 700.04089126 709.81999147 719.59909169 729.37819191 739.15729213
 748.93639235 758.71549257 768.49459278 778.273693   788.05279322
 797.83189344 807.61099366 817.39009388 827.16919409 836.94829431
 846.72739453 856.50649475 866.28559497 876.06469519 885.8437954
 895.62289562 905.40199584 915.18109606 924.96019628 934.7392965
 944.51839671 954.29749693 964.07659715 973.85569737 983.63479759]
a_y_fitting=[-6.37426901 -6.18488596 -5.95055016 -5.67907011 -5.37825426 -5.0559111
 -4.71984911 -4.37787676 -4.03780252 -3.70743487 -3.3945823  -3.10705327
 -2.85265626 -2.63919976 -2.47449222 -2.36634214 -2.32255799 -2.35094824
 -2.45884828 -2.64116208 -2.8794346  -3.15455191 -3.44740007 -3.73886512
 -4.00983313 -4.24119016 -4.41385199 -4.51562993 -4.55002285 -4.52269995
 -4.43933041 -4.30558345 -4.12712826 -3.90963404 -3.65876998 -3.3802053
 -3.07960945 -2.76393168 -2.44434865 -2.13290869 -1.84166014 -1.58265135
 -1.36793065 -1.20954639 -1.11954691 -1.10998055 -1.19289565 -1.37838749
 -1.66004774 -2.02317598 -2.45300912 -2.93478411 -3.45373788 -3.99510735
 -4.54412945 -5.08604112 -5.60607929 -6.0894809  -6.52148286 -6.88732211
 -7.17223559 -7.36146023 -7.44023295 -7.3940691  -7.22098911 -6.93630403
 -6.55659202 -6.09843125 -5.57839989 -5.01307609 -4.41903804 -3.81286389
 -3.21113182 -2.63041999 -2.08730657 -1.59836972 -1.17721524 -0.82393251
 -0.53477094 -0.30597965 -0.13380778 -0.01450446  0.05568118  0.08049999
  0.06370286  0.00904064 -0.0797358  -0.19887559 -0.34462786 -0.51324176
 -0.7009664  -0.90405092 -1.11874447 -1.34129616 -1.56795514 -1.79497053
 -2.01859148 -2.23506711 -2.44064655 -2.63157895]
d_x_fitting=[ 11.19724376  21.01114504  30.82504633  40.63894762  50.4528489
  60.26675019  70.08065148  79.89455276  89.70845405  99.52235534
 109.33625662 119.15015791 128.9640592  138.77796048 148.59186177
 158.40576306 168.21966434 178.03356563 187.84746692 197.6613682
 207.47526949 217.28917078 227.10307206 236.91697335 246.73087464
 256.54477592 266.35867721 276.1725785  285.98647978 295.80038107
 305.61428236 315.42818365 325.24208493 335.05598622 344.86988751
 354.68378879 364.49769008 374.31159137 384.12549265 393.93939394
 403.75329523 413.56719651 423.3810978  433.19499909 443.00890037
 452.82280166 462.63670295 472.45060423 482.26450552 492.07840681
 501.89230809 511.70620938 521.52011067 531.33401195 541.14791324
 550.96181453 560.77571581 570.5896171  580.40351839 590.21741967
 600.03132096 609.84522225 619.65912354 629.47302482 639.28692611
 649.1008274  658.91472868 668.72862997 678.54253126 688.35643254
 698.17033383 707.98423512 717.7981364  727.61203769 737.42593898
 747.23984026 757.05374155 766.86764284 776.68154412 786.49544541
 796.3093467  806.12324798 815.93714927 825.75105056 835.56495184
 845.37885313 855.19275442 865.0066557  874.82055699 884.63445828
 894.44835956 904.26226085 914.07616214 923.89006342 933.70396471
 943.517866   953.33176729 963.14566857 972.95956986 982.77347115]
d_y_fitting=[1.69590643 2.64802994 3.42307875 4.03420231 4.49455005 4.81727142
 5.01551587 5.10243282 5.09117173 4.99488204 4.82671319 4.59981461
 4.32733576 4.02242608 3.698235   3.36791197 3.04460643 2.74146783
 2.4716456  2.24828919 2.08454803 1.99357158 1.98850927 2.08239091
 2.27612225 2.54823205 2.87483414 3.23204232 3.59597043 3.9427323
 4.24861359 4.50008057 4.69930485 4.84980039 4.95508114 5.01866104
 5.04405404 5.0347741  4.99433516 4.92625117 4.83403608 4.72120384
 4.5912684  4.4477437  4.2941437  4.13398235 3.97077359 3.80803137
 3.64884569 3.49437952 3.34524865 3.20206879 3.06545569 2.93602508
 2.81439269 2.70117425 2.59698551 2.50244219 2.41816003 2.34475477
 2.28284212 2.23303784 2.19595765 2.17221728 2.16242806 2.16680437
 2.18485394 2.21601164 2.25971237 2.31539098 2.38248235 2.46042136
 2.54864289 2.64658179 2.75367296 2.86935126 2.99305157 3.12420876
 3.26225085 3.40617579 3.55430372 3.70489516 3.85621065 4.00651071
 4.15405586 4.29710662 4.43392353 4.56276711 4.68189788 4.78957636
 4.88406309 4.96361859 5.02650338 5.07097798 5.09530293 5.09773874
 5.07654595 5.02998507 4.95631664 4.85380117]