
p_x=[20.671834625322997, 119.72437553832903, 260.98191214470285, 378.9836347975883, 484.0654608096469, 639.9655469422911, 765.7192075796727, 915.5900086132644, 987.0801033591732]
p_y=[-2.117647058823529, -4.470588235294118, -5.0588235294117645, -2.7058823529411757, -6.9411764705882355, -6.9411764705882355, -2.7058823529411757, -2.8235294117647065, -5.647058823529411]
a_x=[9.474590869939707, 64.59948320413436, 139.53488372093022, 290.26701119724373, 374.67700258397934, 482.34280792420327, 636.5202411714039, 777.7777777777778, 906.1154177433248, 993.9707149009474]
a_y=[-6.257309941520468, -2.6315789473684212, -2.397660818713449, -2.6315789473684212, -2.280701754385966, -6.725146198830409, -6.257309941520468, -2.397660818713449, -3.099415204678362, -3.333333333333332]
d_x=[6.890611541774333, 94.74590869939708, 186.90783807062877, 282.51507321274767, 378.1223083548665, 468.56158484065463, 552.1102497846684, 649.4401378122309, 793.2816537467701, 916.4513350559862, 987.941429801895]
d_y=[-1.8128654970760234, 2.1637426900584797, -1.4619883040935662, 2.0467836257309946, 2.514619883040936, -3.9181286549707615, 2.514619883040936, 2.1637426900584797, 4.035087719298246, 3.2163742690058488, 2.6315789473684212]
p_x_fitting=[ 20.67183463  30.43353431  40.19523399  49.95693368  59.71863336
  69.48033305  79.24203273  89.00373241  98.7654321  108.52713178
 118.28883147 128.05053115 137.81223084 147.57393052 157.3356302
 167.09732989 176.85902957 186.62072926 196.38242894 206.14412862
 215.90582831 225.66752799 235.42922768 245.19092736 254.95262705
 264.71432673 274.47602641 284.2377261  293.99942578 303.76112547
 313.52282515 323.28452483 333.04622452 342.8079242  352.56962389
 362.33132357 372.09302326 381.85472294 391.61642262 401.37812231
 411.13982199 420.90152168 430.66322136 440.42492105 450.18662073
 459.94832041 469.7100201  479.47171978 489.23341947 498.99511915
 508.75681883 518.51851852 528.2802182  538.04191789 547.80361757
 557.56531726 567.32701694 577.08871662 586.85041631 596.61211599
 606.37381568 616.13551536 625.89721504 635.65891473 645.42061441
 655.1823141  664.94401378 674.70571347 684.46741315 694.22911283
 703.99081252 713.7525122  723.51421189 733.27591157 743.03761125
 752.79931094 762.56101062 772.32271031 782.08440999 791.84610968
 801.60780936 811.36950904 821.13120873 830.89290841 840.6546081
 850.41630778 860.17800746 869.93970715 879.70140683 889.46310652
 899.2248062  908.98650589 918.74820557 928.50990525 938.27160494
 948.03330462 957.79500431 967.55670399 977.31840367 987.08010336]
p_y_fitting=[-2.11764706 -2.33436792 -2.56090722 -2.79487037 -3.03386274 -3.27548971
 -3.51735667 -3.757069   -3.99223209 -4.22045131 -4.43933207 -4.64647973
 -4.83949968 -5.0159973  -5.17357799 -5.30984712 -5.42241007 -5.50887224
 -5.566839   -5.59391574 -5.58770784 -5.54582069 -5.46585966 -5.34543016
 -5.18213755 -4.97372496 -4.72389391 -4.44445453 -4.14779756 -3.84631379
 -3.55239397 -3.27842886 -3.03680924 -2.83992585 -2.70016948 -2.62993087
 -2.64160079 -2.74745433 -2.95037463 -3.23706999 -3.59264944 -4.00222201
 -4.45089675 -4.92378269 -5.40598885 -5.88262428 -6.33879802 -6.75961909
 -7.13061381 -7.44570007 -7.70656736 -7.91519824 -8.07357529 -8.18368108
 -8.24749819 -8.26700918 -8.24419662 -8.18104309 -8.07953116 -7.94164339
 -7.76936237 -7.56467066 -7.32955084 -7.06598547 -6.77603055 -6.46304209
 -6.13149099 -5.78588429 -5.43072904 -5.07053225 -4.70980097 -4.35304224
 -4.0047631  -3.66947057 -3.35167169 -3.05587351 -2.78658305 -2.54807831
 -2.34206705 -2.16864178 -2.02786995 -1.91981899 -1.84455636 -1.8021495
 -1.79266585 -1.81617286 -1.87273797 -1.96242863 -2.08531227 -2.24145635
 -2.43092831 -2.6537956  -2.91012565 -3.19998591 -3.52344383 -3.88056685
 -4.27142241 -4.69607797 -5.15460096 -5.64705882]
a_x_fitting=[  9.47459087  19.41899616  29.36340146  39.30780675  49.25221204
  59.19661734  69.14102263  79.08542792  89.02983322  98.97423851
 108.9186438  118.8630491  128.80745439 138.75185968 148.69626498
 158.64067027 168.58507556 178.52948086 188.47388615 198.41829144
 208.36269673 218.30710203 228.25150732 238.19591261 248.14031791
 258.0847232  268.02912849 277.97353379 287.91793908 297.86234437
 307.80674967 317.75115496 327.69556025 337.63996555 347.58437084
 357.52877613 367.47318143 377.41758672 387.36199201 397.30639731
 407.2508026  417.19520789 427.13961319 437.08401848 447.02842377
 456.97282907 466.91723436 476.86163965 486.80604495 496.75045024
 506.69485553 516.63926083 526.58366612 536.52807141 546.47247671
 556.416882   566.36128729 576.30569258 586.25009788 596.19450317
 606.13890846 616.08331376 626.02771905 635.97212434 645.91652964
 655.86093493 665.80534022 675.74974552 685.69415081 695.6385561
 705.5829614  715.52736669 725.47177198 735.41617728 745.36058257
 755.30498786 765.24939316 775.19379845 785.13820374 795.08260904
 805.02701433 814.97141962 824.91582492 834.86023021 844.8046355
 854.7490408  864.69344609 874.63785138 884.58225668 894.52666197
 904.47106726 914.41547256 924.35987785 934.30428314 944.24868843
 954.19309373 964.13749902 974.08190431 984.02630961 993.9707149 ]
a_y_fitting=[-6.25730994 -5.25511277 -4.42316874 -3.74707912 -3.21244515 -2.80486812
 -2.50994927 -2.31328988 -2.2004912  -2.15715449 -2.16888103 -2.22127206
 -2.29992886 -2.39045269 -2.48015714 -2.5650375  -2.6438339  -2.71528753
 -2.77813958 -2.83113125 -2.87300374 -2.90249823 -2.91835592 -2.91931801
 -2.90412569 -2.87152015 -2.82024258 -2.74903419 -2.65663616 -2.54289704
 -2.41687278 -2.29218364 -2.18248264 -2.10142281 -2.06265716 -2.07983871
 -2.1666205  -2.33655723 -2.59384978 -2.92575967 -3.31776322 -3.75533674
 -4.22395653 -4.70909891 -5.1962402  -5.67085669 -6.11842471 -6.52442056
 -6.87458434 -7.16247432 -7.39058457 -7.56189772 -7.67939641 -7.74606329
 -7.76488098 -7.73883213 -7.67089938 -7.56406536 -7.42131272 -7.24562409
 -7.03998211 -6.80736942 -6.55076865 -6.27316245 -5.97771291 -5.66842921
 -5.34957027 -5.02539506 -4.70016251 -4.37813159 -4.06356124 -3.76071043
 -3.4738381  -3.20720321 -2.96506472 -2.75168157 -2.57131272 -2.42821712
 -2.32610138 -2.26370334 -2.23713252 -2.24247455 -2.27581505 -2.33323963
 -2.4108339  -2.5046835  -2.61087404 -2.72549114 -2.84462042 -2.9643475
 -3.08075799 -3.18993752 -3.2879717  -3.37094616 -3.43494651 -3.47605837
 -3.49036737 -3.47395911 -3.42291923 -3.33333333]
d_x_fitting=[  6.89061154  16.80021577  26.70981999  36.61942422  46.52902844
  56.43863267  66.34823689  76.25784112  86.16744534  96.07704957
 105.98665379 115.89625802 125.80586224 135.71546646 145.62507069
 155.53467491 165.44427914 175.35388336 185.26348759 195.17309181
 205.08269604 214.99230026 224.90190449 234.81150871 244.72111294
 254.63071716 264.54032139 274.44992561 284.35952984 294.26913406
 304.17873829 314.08834251 323.99794674 333.90755096 343.81715519
 353.72675941 363.63636364 373.54596786 383.45557209 393.36517631
 403.27478054 413.18438476 423.09398899 433.00359321 442.91319744
 452.82280166 462.73240588 472.64201011 482.55161433 492.46121856
 502.37082278 512.28042701 522.19003123 532.09963546 542.00923968
 551.91884391 561.82844813 571.73805236 581.64765658 591.55726081
 601.46686503 611.37646926 621.28607348 631.19567771 641.10528193
 651.01488616 660.92449038 670.83409461 680.74369883 690.65330306
 700.56290728 710.47251151 720.38211573 730.29171996 740.20132418
 750.11092841 760.02053263 769.93013686 779.83974108 789.7493453
 799.65894953 809.56855375 819.47815798 829.3877622  839.29736643
 849.20697065 859.11657488 869.0261791  878.93578333 888.84538755
 898.75499178 908.664596   918.57420023 928.48380445 938.39340868
 948.3030129  958.21261713 968.12222135 978.03182558 987.9414298 ]
d_y_fitting=[-1.8128655  -0.39961643  0.70714595  1.5341593   2.10816126  2.45588947
  2.60408159  2.57947526  2.40880813  2.11881785  1.73624207  1.28781843
  0.80028458  0.30037817 -0.18516315 -0.62960173 -1.00619994 -1.28822011
 -1.44892461 -1.46606718 -1.34719186 -1.11197008 -0.78010868 -0.37131446
  0.09470574  0.59824511  1.11959683  1.63905408  2.13691336  2.59431768
  2.99437386  3.32046647  3.55598009  3.68429929  3.68880865  3.55289274
  3.25993613  2.7933234   2.1384561   1.31975729  0.3969697  -0.56888961
 -1.51680358 -2.38575516 -3.11472728 -3.64270288 -3.90866492 -3.85312741
 -3.47218815 -2.83195131 -2.00298489 -1.05585692 -0.06113542  0.9106116
  1.78881613  2.50291014  2.9984975   3.28972953  3.40891626  3.38836789
  3.26039458  3.05730651  2.81141387  2.55502682  2.32045554  2.13998279
  2.03536454  2.00197562  2.03112484  2.11412099  2.24227286  2.40688927
  2.59927899  2.81075083  3.03261358  3.25617604  3.472747    3.67363527
  3.85014964  3.9935989   4.09585787  4.15596562  4.17787684  4.16564237
  4.12331308  4.05493983  3.96457347  3.85626487  3.73406488  3.60202436
  3.46419417  3.32462517  3.18736822  3.05647417  2.93599388  2.82997822
  2.74247803  2.67754419  2.63922754  2.63157895]