
p_x=[15.503875968992247, 100.7751937984496, 213.6089577950043, 334.1946597760551, 401.3781223083548, 513.3505598621878, 621.8776916451335, 699.3970714900947, 782.0844099913867, 892.334194659776, 987.0801033591732]
p_y=[2.235294117647059, 4.470588235294118, 3.88235294117647, 4.23529411764706, 6.470588235294118, 5.529411764705882, 1.4117647058823533, 0.8235294117647065, 4.588235294117648, 4.352941176470589, 2.0]
a_x=[15.503875968992247, 74.07407407407408, 173.1266149870801, 261.84323858742465, 378.9836347975883, 511.6279069767442, 608.9577950043066, 705.4263565891473, 781.2230835486649, 879.4142980189492, 965.5469422911284]
a_y=[-6.374269005847953, -5.789473684210527, -2.6315789473684212, -3.9181286549707615, -1.1111111111111107, -0.8771929824561404, -7.192982456140349, -8.128654970760234, -4.269005847953215, -1.8128654970760234, -2.9824561403508767]
d_x=[21.53316106804479, 185.18518518518516, 335.9173126614987, 521.102497846684, 686.4771748492678, 804.4788975021532, 931.9552110249784, 974.1602067183462]
d_y=[1.8128654970760234, 3.5672514619883042, 4.035087719298246, 1.9298245614035086, 5.321637426900585, 0.6432748538011701, 3.450292397660819, 4.035087719298246]
p_x_fitting=[ 15.50387597  25.31777726  35.13167854  44.94557983  54.75948112
  64.5733824   74.38728369  84.20118498  94.01508626 103.82898755
 113.64288884 123.45679012 133.27069141 143.0845927  152.89849398
 162.71239527 172.52629656 182.34019784 192.15409913 201.96800042
 211.7819017  221.59580299 231.40970428 241.22360556 251.03750685
 260.85140814 270.66530942 280.47921071 290.293112   300.10701329
 309.92091457 319.73481586 329.54871715 339.36261843 349.17651972
 358.99042101 368.80432229 378.61822358 388.43212487 398.24602615
 408.05992744 417.87382873 427.68773001 437.5016313  447.31553259
 457.12943387 466.94333516 476.75723645 486.57113773 496.38503902
 506.19894031 516.01284159 525.82674288 535.64064417 545.45454545
 555.26844674 565.08234803 574.89624931 584.7101506  594.52405189
 604.33795318 614.15185446 623.96575575 633.77965704 643.59355832
 653.40745961 663.2213609  673.03526218 682.84916347 692.66306476
 702.47696604 712.29086733 722.10476862 731.9186699  741.73257119
 751.54647248 761.36037376 771.17427505 780.98817634 790.80207762
 800.61597891 810.4298802  820.24378148 830.05768277 839.87158406
 849.68548534 859.49938663 869.31328792 879.1271892  888.94109049
 898.75499178 908.56889307 918.38279435 928.19669564 938.01059693
 947.82449821 957.6383995  967.45230079 977.26620207 987.08010336]
p_y_fitting=[2.23529412 2.68862701 3.08383074 3.42410198 3.71263738 3.95263363
 4.1472874  4.29979534 4.41335413 4.49116045 4.53641096 4.55230233
 4.54203122 4.50879432 4.45578829 4.38620979 4.30325551 4.2101221
 4.11000624 4.0061046  3.90161384 3.79984414 3.70490821 3.62126475
 3.55337382 3.50569548 3.48268978 3.48881679 3.52853657 3.60630918
 3.72659467 3.89385311 4.11254455 4.38656909 4.70842394 5.05996793
 5.422653   5.77793114 6.10725431 6.39207448 6.6150027  6.77145376
 6.86479523 6.89851403 6.8760971  6.80103138 6.67680381 6.50690132
 6.29481084 6.04401932 5.7580137  5.44028785 5.0950236  4.72766325
 4.34378392 3.94896274 3.54877682 3.14880328 2.75461926 2.37180186
 2.00592821 1.66257543 1.34732767 1.0670448  0.8313331  0.65015548
 0.53347487 0.49125416 0.53345628 0.67004413 0.91080626 1.25343416
 1.67586334 2.15420668 2.66457706 3.18308734 3.6858504  4.1489791
 4.54858634 4.86432556 5.09569824 5.2491178  5.33100469 5.34777936
 5.30586226 5.21167384 5.07163456 4.89216485 4.67968518 4.44061599
 4.18137774 3.90839088 3.62807585 3.34685312 3.07114312 2.80736631
 2.56194314 2.34129407 2.15183954 2.        ]
a_x_fitting=[ 15.50387597  25.10027058  34.69666519  44.2930598   53.88945441
  63.48584902  73.08224362  82.67863823  92.27503284 101.87142745
 111.46782206 121.06421667 130.66061128 140.25700589 149.8534005
 159.44979511 169.04618972 178.64258433 188.23897894 197.83537355
 207.43176816 217.02816276 226.62455737 236.22095198 245.81734659
 255.4137412  265.01013581 274.60653042 284.20292503 293.79931964
 303.39571425 312.99210886 322.58850347 332.18489808 341.78129269
 351.37768729 360.9740819  370.57047651 380.16687112 389.76326573
 399.35966034 408.95605495 418.55244956 428.14884417 437.74523878
 447.34163339 456.938028   466.53442261 476.13081722 485.72721183
 495.32360643 504.92000104 514.51639565 524.11279026 533.70918487
 543.30557948 552.90197409 562.4983687  572.09476331 581.69115792
 591.28755253 600.88394714 610.48034175 620.07673636 629.67313097
 639.26952557 648.86592018 658.46231479 668.0587094  677.65510401
 687.25149862 696.84789323 706.44428784 716.04068245 725.63707706
 735.23347167 744.82986628 754.42626089 764.0226555  773.6190501
 783.21544471 792.81183932 802.40823393 812.00462854 821.60102315
 831.19741776 840.79381237 850.39020698 859.98660159 869.5829962
 879.17939081 888.77578542 898.37218003 907.96857464 917.56496924
 927.16136385 936.75775846 946.35415307 955.95054768 965.54694229]
a_y_fitting=[-6.37426901 -6.52651852 -6.56249677 -6.49613491 -6.34136415 -6.11211567
 -5.82232064 -5.48591026 -5.1168157  -4.72896816 -4.33629881 -3.95273885
 -3.59221944 -3.26867179 -2.99602706 -2.78821646 -2.65917115 -2.62177622
 -2.67158782 -2.78990947 -2.95762122 -3.15560311 -3.36473519 -3.5658975
 -3.73997008 -3.86783299 -3.93052823 -3.91905192 -3.83996678 -3.7011908
 -3.51064196 -3.27623826 -3.00589768 -2.70753821 -2.38907784 -2.05843457
 -1.72352636 -1.39227123 -1.07258633 -0.77177343 -0.49542565 -0.24884199
 -0.03732145  0.13383696  0.25933425  0.33387141  0.35214946  0.30886938
  0.19873217  0.01643885 -0.2433096  -0.58581218 -1.01626662 -1.53209958
 -2.11760049 -2.75579071 -3.42969157 -4.12232444 -4.81671065 -5.49587156
 -6.1428285  -6.74060283 -7.27222687 -7.72496101 -8.09666934 -8.38685155
 -8.5950073  -8.7206363  -8.76323822 -8.72231274 -8.59735956 -8.38787834
 -8.09337227 -7.71728316 -7.27454999 -6.78219832 -6.25725373 -5.71674176
 -5.17768798 -4.65711796 -4.17203025 -3.7342219  -3.34412925 -3.00068874
 -2.7028368  -2.44950985 -2.23964432 -2.07217663 -1.94604323 -1.86018052
 -1.81352495 -1.80501293 -1.8335809  -1.89816528 -1.9977025  -2.13112898
 -2.29738116 -2.49539546 -2.72410831 -2.98245614]
d_x_fitting=[ 21.53316107  31.15565648  40.77815189  50.4006473   60.02314271
  69.64563812  79.26813353  88.89062894  98.51312435 108.13561976
 117.75811517 127.38061058 137.003106   146.62560141 156.24809682
 165.87059223 175.49308764 185.11558305 194.73807846 204.36057387
 213.98306928 223.60556469 233.2280601  242.85055551 252.47305092
 262.09554633 271.71804174 281.34053715 290.96303257 300.58552798
 310.20802339 319.8305188  329.45301421 339.07550962 348.69800503
 358.32050044 367.94299585 377.56549126 387.18798667 396.81048208
 406.43297749 416.0554729  425.67796831 435.30046372 444.92295913
 454.54545455 464.16794996 473.79044537 483.41294078 493.03543619
 502.6579316  512.28042701 521.90292242 531.52541783 541.14791324
 550.77040865 560.39290406 570.01539947 579.63789488 589.26039029
 598.8828857  608.50538112 618.12787653 627.75037194 637.37286735
 646.99536276 656.61785817 666.24035358 675.86284899 685.4853444
 695.10783981 704.73033522 714.35283063 723.97532604 733.59782145
 743.22031686 752.84281227 762.46530768 772.0878031  781.71029851
 791.33279392 800.95528933 810.57778474 820.20028015 829.82277556
 839.44527097 849.06776638 858.69026179 868.3127572  877.93525261
 887.55774802 897.18024343 906.80273884 916.42523425 926.04772967
 935.67022508 945.29272049 954.9152159  964.53771131 974.16020672]
d_y_fitting=[1.8128655  1.83932268 1.88202935 1.93965284 2.01086048 2.09431959
 2.18869752 2.29266159 2.40487913 2.52401748 2.64874397 2.77772593
 2.90963069 3.04312558 3.17687794 3.30955509 3.43982438 3.56635312
 3.68780865 3.80285831 3.91016942 4.00840932 4.09624533 4.1723448
 4.23537504 4.2840034  4.31689721 4.33272379 4.33015048 4.3078446
 4.2644735  4.19870451 4.10920494 3.99467475 3.8558446  3.69663616
 3.52125074 3.33388965 3.1387542  2.94004569 2.74196544 2.54871476
 2.36449494 2.19350731 2.03995317 1.90803382 1.80195059 1.72590477
 1.68409767 1.68073061 1.72000489 1.80612182 1.94328147 2.13293215
 2.36793194 2.63946727 2.93872459 3.25689035 3.58515098 3.91469294
 4.23670267 4.5423666  4.8228712  5.06940289 5.27314813 5.42529335
 5.51702501 5.53952955 5.48399341 5.34160303 5.10656876 4.78961079
 4.40705579 3.97523504 3.51047982 3.0291214  2.54749105 2.08192005
 1.64873968 1.26428121 0.94487591 0.70685506 0.56539267 0.52046971
 0.56137021 0.67715505 0.85688511 1.08962125 1.36442435 1.67035529
 1.99647493 2.33184416 2.66552384 2.98657485 3.28405806 3.54703435
 3.76456458 3.92570964 4.01953039 4.03508772]