
p_x=[24.117140396210164, 70.62876830318692, 191.2144702842377, 292.85099052540914, 394.4875107665805, 476.3135228251507, 586.56330749354, 714.0396210163652, 861.3264427217916, 982.7734711455641]
p_y=[2.4705882352941178, 5.764705882352941, 6.235294117647059, 7.647058823529411, 3.1764705882352935, 2.235294117647059, 6.0, 6.235294117647059, 6.235294117647059, 7.0588235294117645]
a_x=[27.56244616709733, 87.85529715762273, 212.7476313522825, 266.14987080103356, 312.66149870801036, 353.1438415159345, 413.4366925064599, 484.9267872523686, 603.7898363479759, 670.9732988802756, 745.0473729543497, 809.6468561584841, 863.0490956072352, 932.8165374677002, 995.693367786391]
a_y=[-5.789473684210527, -5.438596491228068, -3.9181286549707615, -0.9941520467836256, -0.9941520467836256, -0.2923976608187129, -7.543859649122805, -7.777777777777779, -1.1111111111111107, -6.6081871345029235, -1.578947368421053, -1.4619883040935662, -1.6959064327485365, -5.6725146198830405, -2.163742690058479]
d_x=[31.869078380706288, 109.38845822566753, 191.2144702842377, 296.2962962962963, 434.9698535745047, 594.3152454780361, 752.7993109388458, 878.5529715762274, 995.693367786391]
d_y=[1.3450292397660828, 4.385964912280702, 2.7485380116959064, 5.672514619883041, 1.8128654970760234, 2.9824561403508776, 2.7485380116959064, 2.7485380116959064, 4.970760233918129]
p_x_fitting=[ 24.1171404   33.80053768  43.48393496  53.16733224  62.85072952
  72.5341268   82.21752408  91.90092136 101.58431864 111.26771592
 120.9511132  130.63451048 140.31790776 150.00130504 159.68470232
 169.3680996  179.05149688 188.73489416 198.41829144 208.10168872
 217.785086   227.46848328 237.15188056 246.83527784 256.51867512
 266.2020724  275.88546968 285.56886696 295.25226424 304.93566152
 314.61905881 324.30245609 333.98585337 343.66925065 353.35264793
 363.03604521 372.71944249 382.40283977 392.08623705 401.76963433
 411.45303161 421.13642889 430.81982617 440.50322345 450.18662073
 459.87001801 469.55341529 479.23681257 488.92020985 498.60360713
 508.28700441 517.97040169 527.65379897 537.33719625 547.02059353
 556.70399081 566.38738809 576.07078537 585.75418265 595.43757993
 605.12097721 614.80437449 624.48777177 634.17116905 643.85456634
 653.53796362 663.2213609  672.90475818 682.58815546 692.27155274
 701.95495002 711.6383473  721.32174458 731.00514186 740.68853914
 750.37193642 760.0553337  769.73873098 779.42212826 789.10552554
 798.78892282 808.4723201  818.15571738 827.83911466 837.52251194
 847.20590922 856.8893065  866.57270378 876.25610106 885.93949834
 895.62289562 905.3062929  914.98969018 924.67308746 934.35648474
 944.03988202 953.7232793  963.40667658 973.09007387 982.77347115]
p_y_fitting=[2.47058824 3.44931166 4.26039231 4.91839568 5.43788729 5.83343264
 6.11959724 6.31094659 6.4220462  6.46746158 6.46175824 6.41950168
 6.3552574  6.28359092 6.21906774 6.17625337 6.16971332 6.21401309
 6.32152232 6.48510684 6.68742159 6.91103198 7.13850343 7.35240132
 7.53529108 7.66973811 7.73830781 7.72356559 7.6081647  7.38560348
 7.07056041 6.68016387 6.23154223 5.74182389 5.22813722 4.7076106
 4.19737242 3.71455106 3.27627489 2.89848544 2.58686344 2.34183569
 2.16378645 2.05309995 2.01016043 2.03535215 2.12905935 2.2916137
 2.51934101 2.80181135 3.12794469 3.486661   3.86688025 4.25752242
 4.64750747 5.02575539 5.38118613 5.70271968 5.979276   6.20185062
 6.37211727 6.49517402 6.5761205  6.62005638 6.63208129 6.61729487
 6.58079678 6.52768666 6.46306415 6.3920289  6.31968055 6.25111876
 6.19105486 6.14084328 6.10011958 6.06850536 6.04562224 6.03109186
 6.02453583 6.02557576 6.03383329 6.04893002 6.07048759 6.0981276
 6.13147169 6.17014147 6.21375857 6.26194459 6.31432117 6.37050993
 6.43013248 6.49281044 6.55816544 6.62581909 6.69539302 6.76650885
 6.83878819 6.91185267 6.98532391 7.05882353]
a_x_fitting=[ 27.56244617  37.34154639  47.1206466   56.89974682  66.67884704
  76.45794726  86.23704748  96.0161477  105.79524791 115.57434813
 125.35344835 135.13254857 144.91164879 154.69074901 164.46984922
 174.24894944 184.02804966 193.80714988 203.5862501  213.36535032
 223.14445053 232.92355075 242.70265097 252.48175119 262.26085141
 272.03995163 281.81905184 291.59815206 301.37725228 311.1563525
 320.93545272 330.71455294 340.49365316 350.27275337 360.05185359
 369.83095381 379.61005403 389.38915425 399.16825447 408.94735468
 418.7264549  428.50555512 438.28465534 448.06375556 457.84285578
 467.62195599 477.40105621 487.18015643 496.95925665 506.73835687
 516.51745709 526.2965573  536.07565752 545.85475774 555.63385796
 565.41295818 575.1920584  584.97115861 594.75025883 604.52935905
 614.30845927 624.08755949 633.86665971 643.64575992 653.42486014
 663.20396036 672.98306058 682.7621608  692.54126102 702.32036124
 712.09946145 721.87856167 731.65766189 741.43676211 751.21586233
 760.99496255 770.77406276 780.55316298 790.3322632  800.11136342
 809.89046364 819.66956386 829.44866407 839.22776429 849.00686451
 858.78596473 868.56506495 878.34416517 888.12326538 897.9023656
 907.68146582 917.46056604 927.23966626 937.01876648 946.79786669
 956.57696691 966.35606713 976.13516735 985.91426757 995.69336779]
a_y_fitting=[-5.78947368 -5.59772911 -5.47183858 -5.40197272 -5.37830218 -5.39099759
 -5.43022958 -5.48616879 -5.54898585 -5.60885139 -5.65593606 -5.68041048
 -5.67244529 -5.62221113 -5.51987862 -5.3556184  -5.11960112 -4.80199739
 -4.39297786 -3.88271631 -3.27637136 -2.62873203 -2.00484851 -1.46977102
 -1.08854976 -0.92008248 -0.93204582 -1.02232046 -1.08701613 -1.02224257
 -0.75396087 -0.39880911 -0.14843217 -0.19465462 -0.70956215 -1.66596403
 -2.9211235  -4.3308867  -5.75109974 -7.03760876 -8.05083455 -8.73865186
 -9.12752977 -9.24673375 -9.12552927 -8.79318179 -8.27895677 -7.61213837
 -6.82478188 -5.954623   -5.04009368 -4.11962594 -3.23165174 -2.41460307
 -1.70691192 -1.14701027 -0.77333012 -0.62430343 -0.73836221 -1.15392731
 -1.87746867 -2.81346375 -3.84608256 -4.8594951  -5.73787138 -6.36538142
 -6.62650467 -6.46693939 -5.96687771 -5.2243896  -4.33754504 -3.40441398
 -2.5230664  -1.79157227 -1.30142315 -1.05674804 -0.99967109 -1.07099719
 -1.21153124 -1.36207813 -1.46344304 -1.47697995 -1.44032321 -1.40880356
 -1.43775178 -1.58249862 -1.89516834 -2.37234845 -2.96364552 -3.6171858
 -4.28109555 -4.90350104 -5.43252853 -5.81630427 -6.00295453 -5.94060557
 -5.57738364 -4.86141501 -3.74082594 -2.16374269]
d_x_fitting=[ 31.86907838  41.60467726  51.34027615  61.07587503  70.81147391
  80.5470728   90.28267168 100.01827056 109.75386944 119.48946833
 129.22506721 138.96066609 148.69626498 158.43186386 168.16746274
 177.90306162 187.63866051 197.37425939 207.10985827 216.84545716
 226.58105604 236.31665492 246.0522538  255.78785269 265.52345157
 275.25905045 284.99464934 294.73024822 304.4658471  314.20144598
 323.93704487 333.67264375 343.40824263 353.14384152 362.8794404
 372.61503928 382.35063816 392.08623705 401.82183593 411.55743481
 421.2930337  431.02863258 440.76423146 450.49983034 460.23542923
 469.97102811 479.70662699 489.44222588 499.17782476 508.91342364
 518.64902252 528.38462141 538.12022029 547.85581917 557.59141806
 567.32701694 577.06261582 586.79821471 596.53381359 606.26941247
 616.00501135 625.74061024 635.47620912 645.211808   654.94740689
 664.68300577 674.41860465 684.15420353 693.88980242 703.6254013
 713.36100018 723.09659907 732.83219795 742.56779683 752.30339571
 762.0389946  771.77459348 781.51019236 791.24579125 800.98139013
 810.71698901 820.45258789 830.18818678 839.92378566 849.65938454
 859.39498343 869.13058231 878.86618119 888.60178007 898.33737896
 908.07297784 917.80857672 927.54417561 937.27977449 947.01537337
 956.75097225 966.48657114 976.22217002 985.9577689  995.69336779]
d_y_fitting=[1.34502924 2.38300802 3.18674957 3.77928704 4.1836536  4.42288241
 4.52000664 4.49805944 4.38007398 4.18908341 3.9481209  3.68021961
 3.40841271 3.15573335 2.94521469 2.7998899  2.74279215 2.79508584
 2.95329853 3.19656088 3.50363792 3.85329473 4.22429637 4.59540789
 4.94539437 5.25302085 5.49705241 5.65625411 5.71269489 5.67001105
 5.54049272 5.33645332 5.07020628 4.75406501 4.40034292 4.02135345
 3.62941001 3.23682601 2.85591487 2.49899002 2.17836488 1.90635285
 1.69463794 1.54530358 1.4529483  1.41197257 1.41677684 1.46176156
 1.54132719 1.6498742  1.78180304 1.93151417 2.09340803 2.26188511
 2.43134584 2.59619069 2.75082012 2.88963457 3.00704933 3.09973695
 3.16902979 3.21683622 3.24506461 3.25562331 3.25042068 3.23136509
 3.2003649  3.15932847 3.11016417 3.05478036 2.99508539 2.93298763
 2.87039545 2.8092172  2.75136125 2.69857105 2.65182131 2.61186294
 2.57944681 2.55532379 2.54024475 2.53496057 2.54022211 2.55678026
 2.58538588 2.62678984 2.68174302 2.75099629 2.83530053 2.9354066
 3.05206538 3.18602774 3.33804455 3.50886669 3.69924503 3.90993044
 4.14167379 4.39522596 4.67133782 4.97076023]