
p_x=[66.32213608957795, 149.00947459086993, 194.6597760551249, 266.14987080103356, 321.2747631352282, 347.114556416882, 428.0792420327304, 530.5770887166236, 562.4461670973299, 616.7097329888027, 632.213608957795, 665.8053402239449, 728.6821705426356, 751.0766580534023, 782.0844099913867, 815.6761412575366, 844.9612403100774, 884.58225667528, 927.6485788113695, 933.677863910422, 961.2403100775194, 978.4668389319552]
p_y=[1.5294117647058822, 3.2941176470588243, 4.352941176470589, 1.882352941176471, 4.0, 4.117647058823529, 1.5294117647058822, 3.0588235294117645, 4.705882352941177, 4.705882352941177, 2.235294117647059, 4.470588235294118, 4.9411764705882355, 5.411764705882353, 6.470588235294118, 6.117647058823529, 3.2941176470588243, 3.5294117647058822, 3.4117647058823533, 5.882352941176471, 5.176470588235294, 4.23529411764706]
a_x=[42.20499569336779, 74.93540051679587, 132.6442721791559, 179.15590008613265, 217.91559000861326, 252.36864771748492, 304.0482342807924, 348.8372093023256, 407.4074074074074, 434.9698535745047, 489.2334194659776, 528.85443583118, 551.2489233419467, 583.9793281653747, 620.1550387596899, 640.8268733850128, 697.6744186046512, 732.9888027562446, 750.2153316106804, 792.4203273040482, 906.9767441860464, 925.925925925926, 963.8242894056848, 987.941429801895]
a_y=[-5.087719298245615, -1.6959064327485365, -1.8128654970760234, -1.9298245614035086, -1.9298245614035086, -7.192982456140349, -4.619883040935672, -3.9181286549707615, -3.9181286549707615, -7.660818713450293, -4.152046783625732, -7.660818713450293, -3.6842105263157894, -3.6842105263157894, -3.450292397660819, -7.894736842105264, -7.426900584795323, -7.660818713450293, -3.450292397660819, -3.099415204678362, -3.450292397660819, -2.9824561403508767, -2.280701754385966, -5.555555555555555]
d_x=[21.53316106804479, 86.13264427217916, 157.62273901808786, 215.3316106804479, 266.14987080103356, 308.35486649440134, 366.0637381567614, 424.63393626184325, 505.59862187769164, 547.8036175710595, 630.4909560723514, 687.3385012919897, 730.4048234280792, 761.4125753660637, 822.566752799311, 879.4142980189492, 921.619293712317, 982.7734711455641]
d_y=[2.397660818713451, 3.8011695906432754, 3.8011695906432754, 4.853801169590644, 2.7485380116959064, 4.970760233918129, 4.269005847953217, 3.5672514619883042, 3.5672514619883042, 5.087719298245615, 2.7485380116959064, 4.269005847953217, 2.8654970760233924, 5.43859649122807, 2.397660818713451, 3.0994152046783627, 3.2163742690058488, 2.7485380116959064]
p_x_fitting=[ 66.32213609  75.53571895  84.7493018   93.96288466 103.17646752
 112.39005037 121.60363323 130.81721609 140.03079895 149.2443818
 158.45796466 167.67154752 176.88513037 186.09871323 195.31229609
 204.52587894 213.7394618  222.95304466 232.16662752 241.38021037
 250.59379323 259.80737609 269.02095894 278.2345418  287.44812466
 296.66170751 305.87529037 315.08887323 324.30245609 333.51603894
 342.7296218  351.94320466 361.15678751 370.37037037 379.58395323
 388.79753608 398.01111894 407.2247018  416.43828466 425.65186751
 434.86545037 444.07903323 453.29261608 462.50619894 471.7197818
 480.93336465 490.14694751 499.36053037 508.57411323 517.78769608
 527.00127894 536.2148618  545.42844465 554.64202751 563.85561037
 573.06919322 582.28277608 591.49635894 600.7099418  609.92352465
 619.13710751 628.35069037 637.56427322 646.77785608 655.99143894
 665.20502179 674.41860465 683.63218751 692.84577037 702.05935322
 711.27293608 720.48651894 729.70010179 738.91368465 748.12726751
 757.34085036 766.55443322 775.76801608 784.98159894 794.19518179
 803.40876465 812.62234751 821.83593036 831.04951322 840.26309608
 849.47667893 858.69026179 867.90384465 877.11742751 886.33101036
 895.54459322 904.75817608 913.97175893 923.18534179 932.39892465
 941.6125075  950.82609036 960.03967322 969.25325607 978.46683893]
p_y_fitting=[1.52941176 1.1890279  1.05466007 1.09562569 1.28124216 1.58082687
 1.96369722 2.39917061 2.85656445 3.30519613 3.71438305 4.05344261
 4.29169221 4.39844926 4.34303623 4.11234366 3.75014365 3.31169967
 2.85227521 2.42713375 2.09153878 1.90075376 1.90941755 2.12808809
 2.49490404 2.94127009 3.39859096 3.79827133 4.07228295 4.18780573
 4.16728526 4.03782285 3.82280738 3.54214144 3.21559259 2.86292841
 2.50391646 2.15832432 1.84591955 1.58646974 1.39813718 1.28446717
 1.24119614 1.26398709 1.34850299 1.49040682 1.68536158 1.92903025
 2.2170758  2.54516123 2.90894951 3.30489737 3.74079593 4.23289242
 4.7975392  5.40980165 5.9395055  6.23995232 6.16444365 5.56628104
 4.30326267 2.71115522 1.95969486 2.33520071 3.32906926 4.40984834
 5.13225671 5.47030795 5.52536148 5.3988059  5.1920298  5.00642179
 4.94333106 5.06424061 5.31574755 5.62644043 5.95330791 6.27102438
 6.55400994 6.74066105 6.71064071 6.33820514 5.52367742 4.46834023
 3.56666652 3.20082006 3.37965423 3.72893    3.85696613 3.37343133
 2.21512796 1.06995114 0.73079511 1.99055409 5.39740198 7.46500114
 7.00798533 5.3989446  4.01550537 4.23529412]
a_x_fitting=[ 42.20499569  51.75788897  61.31078224  70.86367551  80.41656879
  89.96946206  99.52235534 109.07524861 118.62814188 128.18103516
 137.73392843 147.28682171 156.83971498 166.39260825 175.94550153
 185.4983948  195.05128807 204.60418135 214.15707462 223.7099679
 233.26286117 242.81575444 252.36864772 261.92154099 271.47443427
 281.02732754 290.58022081 300.13311409 309.68600736 319.23890063
 328.79179391 338.34468718 347.89758046 357.45047373 367.003367
 376.55626028 386.10915355 395.66204682 405.2149401  414.76783337
 424.32072665 433.87361992 443.42651319 452.97940647 462.53229974
 472.08519302 481.63808629 491.19097956 500.74387284 510.29676611
 519.84965938 529.40255266 538.95544593 548.50833921 558.06123248
 567.61412575 577.16701903 586.7199123  596.27280558 605.82569885
 615.37859212 624.9314854  634.48437867 644.03727194 653.59016522
 663.14305849 672.69595177 682.24884504 691.80173831 701.35463159
 710.90752486 720.46041813 730.01331141 739.56620468 749.11909796
 758.67199123 768.2248845  777.77777778 787.33067105 796.88356433
 806.4364576  815.98935087 825.54224415 835.09513742 844.64803069
 854.20092397 863.75381724 873.30671052 882.85960379 892.41249706
 901.96539034 911.51828361 921.07117689 930.62407016 940.17696343
 949.72985671 959.28274998 968.83564325 978.38853653 987.9414298 ]
a_y_fitting=[-5.0877193  -3.6806444  -2.63941322 -1.91774653 -1.46936511 -1.24798974
 -1.20734121 -1.30114028 -1.48310774 -1.70696437 -1.92673668 -2.1025081
 -2.1999223  -2.18482914 -2.02307847 -1.69461705 -1.34490388 -1.22696187
 -1.59564211 -2.67801161 -4.29601253 -5.96505901 -7.19298246 -7.61083435
 -7.34254653 -6.63527092 -5.73615943 -4.89236398 -4.33782716 -4.10093126
 -4.0476724  -4.0396229  -3.93835507 -3.6412536  -3.23843791 -2.88458096
 -2.73440218 -2.942621   -3.66395687 -4.99164646 -6.51887091 -7.59548184
 -7.69284815 -6.97914632 -5.86737651 -4.77080713 -4.1027066  -4.27471782
 -5.3745243  -6.77689956 -7.76166952 -7.60872708 -6.01700171 -4.09734833
 -3.13257081 -3.17134133 -3.55962514 -3.64027289 -3.19017458 -2.74850354
 -2.9317143  -4.31614838 -6.55554807 -8.39153557 -9.1421726  -9.07423124
 -8.53528659 -7.87291374 -7.43468779 -7.55819722 -8.15669254 -8.57034433
 -8.09874357 -6.17665198 -3.69178731 -2.16786324 -1.73737356 -2.03960946
 -2.71332174 -3.40370576 -3.92976284 -4.2998254  -4.53178256 -4.64352341
 -4.65293705 -4.57791259 -4.43633913 -4.24610577 -4.0251016  -3.79121574
 -3.56233729 -3.35434382 -3.13103342 -2.80601015 -2.41776771 -2.13514976
 -2.13288795 -2.58571388 -3.66835921 -5.55555556]
d_x_fitting=[ 21.53316107  31.24265915  40.95215723  50.66165531  60.37115339
  70.08065148  79.79014956  89.49964764  99.20914572 108.9186438
 118.62814188 128.33763997 138.04713805 147.75663613 157.46613421
 167.17563229 176.88513037 186.59462846 196.30412654 206.01362462
 215.7231227  225.43262078 235.14211886 244.85161694 254.56111503
 264.27061311 273.98011119 283.68960927 293.39910735 303.10860543
 312.81810352 322.5276016  332.23709968 341.94659776 351.65609584
 361.36559392 371.07509201 380.78459009 390.49408817 400.20358625
 409.91308433 419.62258241 429.33208049 439.04157858 448.75107666
 458.46057474 468.17007282 477.8795709  487.58906898 497.29856707
 507.00806515 516.71756323 526.42706131 536.13655939 545.84605747
 555.55555556 565.26505364 574.97455172 584.6840498  594.39354788
 604.10304596 613.81254405 623.52204213 633.23154021 642.94103829
 652.65053637 662.36003445 672.06953253 681.77903062 691.4885287
 701.19802678 710.90752486 720.61702294 730.32652102 740.03601911
 749.74551719 759.45501527 769.16451335 778.87401143 788.58350951
 798.2930076  808.00250568 817.71200376 827.42150184 837.13099992
 846.840498   856.54999608 866.25949417 875.96899225 885.67849033
 895.38798841 905.09748649 914.80698457 924.51648266 934.22598074
 943.93547882 953.6449769  963.35447498 973.06397306 982.77347115]
d_y_fitting=[2.39766082 2.94108029 3.3355913  3.60136558 3.75857487 3.82739092
 3.82798545 3.7805302  3.70519691 3.62215733 3.55158318 3.51364621
 3.52851815 3.61637074 3.79737572 4.07780591 4.40558179 4.71331275
 4.93360813 4.99907724 4.84233166 4.43440019 3.88250123 3.32401789
 2.8963333  2.73683056 2.95618636 3.47173844 4.11572462 4.7200136
 5.12023506 5.25740035 5.18959724 4.98102165 4.69586947 4.39833661
 4.15070748 3.97446084 3.85195127 3.76395833 3.69126155 3.61464048
 3.51562429 3.3943631  3.27042819 3.16430064 3.09646151 3.08739188
 3.15757282 3.32748539 3.61755386 4.02054159 4.45710815 4.83631275
 5.06721457 5.07181928 4.86831202 4.51818115 4.0831235  3.62483593
 3.20501525 2.88535832 2.72756197 2.79266905 3.08302485 3.49658508
 3.92055231 4.24212913 4.34851811 4.13156215 3.63738082 3.09858348
 2.75893511 2.86220071 3.54498587 4.50476146 5.32652646 5.64366376
 5.44900195 4.89720406 4.14371222 3.34396861 2.65341537 2.22261551
 2.08991138 2.18142467 2.41839794 2.72207373 3.01369458 3.21892129
 3.31900211 3.33316229 3.28136213 3.18356195 3.05972207 2.92980279
 2.81376443 2.73156731 2.70317173 2.74853801]