
p_x=[16.36520241171404, 81.8260120585702, 155.03875968992247, 217.05426356589146, 341.08527131782944, 445.3057708871662, 536.6063738156761, 650.3014642549526, 700.2583979328165, 816.5374677002584, 915.5900086132644, 991.3867355727821]
p_y=[-1.4117647058823515, 2.0, -4.9411764705882355, 2.5882352941176467, 2.9411764705882346, 1.764705882352942, -2.9411764705882355, -4.23529411764706, -1.5294117647058805, 2.4705882352941178, 3.4117647058823533, 3.5294117647058822]
a_x=[12.919896640826872, 77.51937984496124, 157.62273901808786, 261.84323858742465, 348.8372093023256, 453.91903531438413, 540.913006029285, 614.9870801033591, 712.3169681309216, 822.566752799311, 907.8380706287683, 992.2480620155038]
a_y=[-7.543859649122805, -2.397660818713449, -4.970760233918128, -1.6959064327485365, -2.514619883040936, -6.023391812865498, -1.2280701754385959, -5.204678362573098, -4.152046783625732, -1.3450292397660828, -1.1111111111111107, -2.397660818713449]
d_x=[7.751937984496124, 105.94315245478036, 175.71059431524546, 273.04048234280793, 459.9483204134367, 560.7235142118863, 724.3755383290267, 827.7347114556417, 992.2480620155038]
d_y=[2.280701754385966, 5.906432748538012, 1.8128654970760234, 5.672514619883041, 3.450292397660819, 2.514619883040936, 1.2280701754385976, 3.5672514619883042, 2.397660818713451]
p_x_fitting=[ 16.36520241  26.21390477  36.06260712  45.91130948  55.76001183
  65.60871419  75.45741654  85.3061189   95.15482125 105.00352361
 114.85222596 124.70092832 134.54963067 144.39833303 154.24703538
 164.09573774 173.94444009 183.79314245 193.6418448  203.49054716
 213.33924951 223.18795187 233.03665423 242.88535658 252.73405894
 262.58276129 272.43146365 282.280166   292.12886836 301.97757071
 311.82627307 321.67497542 331.52367778 341.37238013 351.22108249
 361.06978484 370.9184872  380.76718955 390.61589191 400.46459426
 410.31329662 420.16199897 430.01070133 439.85940368 449.70810604
 459.55680839 469.40551075 479.2542131  489.10291546 498.95161781
 508.80032017 518.64902252 528.49772488 538.34642724 548.19512959
 558.04383195 567.8925343  577.74123666 587.58993901 597.43864137
 607.28734372 617.13604608 626.98474843 636.83345079 646.68215314
 656.5308555  666.37955785 676.22826021 686.07696256 695.92566492
 705.77436727 715.62306963 725.47177198 735.32047434 745.16917669
 755.01787905 764.8665814  774.71528376 784.56398611 794.41268847
 804.26139082 814.11009318 823.95879554 833.80749789 843.65620025
 853.5049026  863.35360496 873.20230731 883.05100967 892.89971202
 902.74841438 912.59711673 922.44581909 932.29452144 942.1432238
 951.99192615 961.84062851 971.68933086 981.53803322 991.38673557]
p_y_fitting=[-1.41176471  1.06672367  2.67491043  3.52529515  3.73037737  3.40265666
  2.65463257  1.59880468  0.34767253 -0.98626432 -2.29050629 -3.45255384
 -4.35990741 -4.90006743 -4.96053435 -4.46226005 -3.49664863 -2.20925759
 -0.74566679  0.74854391  2.12779467  3.25366097  4.08568469  4.65442378
  4.99202602  5.13063917  5.10241102  4.93948933  4.67402189  4.33815647
  3.96404084  3.58382277  3.22965005  2.93367024  2.71902366  2.57583595
  2.48667057  2.43409095  2.40066057  2.36894287  2.32150132  2.24089935
  2.10970044  1.91046803  1.62625608  1.25479561  0.81067296  0.30940329
 -0.23349828 -0.80251662 -1.38213657 -1.95684302 -2.51112082 -3.02946451
 -3.49918906 -3.91432949 -4.26990024 -4.56091576 -4.7823905  -4.9293389
 -4.99677541 -4.97971447 -4.87317053 -4.67215803 -4.37169142 -3.96824103
 -3.47748539 -2.92867381 -2.3513411  -1.77502209 -1.22832862 -0.7236167
 -0.2593466   0.16646876  0.55581642  0.91068344  1.23305688  1.52492379
  1.78827123  2.02508625  2.23735592  2.42706729  2.59615233  2.74606933
  2.87803499  2.99326409  3.09297142  3.17837175  3.25067989  3.31111059
  3.36087866  3.40119888  3.43328602  3.45835487  3.47762021  3.49229683
  3.50359952  3.51274304  3.5209422   3.52941176]
a_x_fitting=[ 12.91989664  22.81210033  32.70430402  42.59650771  52.4887114
  62.38091509  72.27311878  82.16532248  92.05752617 101.94972986
 111.84193355 121.73413724 131.62634093 141.51854462 151.41074831
 161.302952   171.19515569 181.08735938 190.97956307 200.87176676
 210.76397045 220.65617414 230.54837784 240.44058153 250.33278522
 260.22498891 270.1171926  280.00939629 289.90159998 299.79380367
 309.68600736 319.57821105 329.47041474 339.36261843 349.25482212
 359.14702581 369.0392295  378.93143319 388.82363689 398.71584058
 408.60804427 418.50024796 428.39245165 438.28465534 448.17685903
 458.06906272 467.96126641 477.8534701  487.74567379 497.63787748
 507.53008117 517.42228486 527.31448855 537.20669225 547.09889594
 556.99109963 566.88330332 576.77550701 586.6677107  596.55991439
 606.45211808 616.34432177 626.23652546 636.12872915 646.02093284
 655.91313653 665.80534022 675.69754391 685.58974761 695.4819513
 705.37415499 715.26635868 725.15856237 735.05076606 744.94296975
 754.83517344 764.72737713 774.61958082 784.51178451 794.4039882
 804.29619189 814.18839558 824.08059927 833.97280297 843.86500666
 853.75721035 863.64941404 873.54161773 883.43382142 893.32602511
 903.2182288  913.11043249 923.00263618 932.89483987 942.78704356
 952.67924725 962.57145094 972.46365463 982.35585832 992.24806202]
a_y_fitting=[-7.54385965 -5.81484331 -4.48898508 -3.52465647 -2.88022897 -2.51407409
 -2.38456332 -2.45006817 -2.66896014 -2.99961074 -3.40039145 -3.82967379
 -4.24582925 -4.60722934 -4.87224555 -4.99981347 -4.97490581 -4.81890848
 -4.55592009 -4.21003927 -3.80536465 -3.36599484 -2.91602848 -2.47956417
 -2.08070056 -1.74353626 -1.48968673 -1.32441834 -1.24638611 -1.2542265
 -1.34657597 -1.52207098 -1.77934799 -2.11704346 -2.5337935  -3.02312367
 -3.56054466 -4.11759969 -4.66583198 -5.17678475 -5.62200121 -5.9730246
 -6.20139814 -6.27866504 -6.17636853 -5.86713634 -5.36127207 -4.71557433
 -3.98971461 -3.24336441 -2.53619521 -1.92787849 -1.47808576 -1.24648848
 -1.28771542 -1.58802129 -2.08442774 -2.71287176 -3.40929037 -4.10962056
 -4.74979932 -5.26579974 -5.61398835 -5.80512226 -5.858928   -5.79513211
 -5.63346112 -5.39364157 -5.09539997 -4.75846287 -4.4025568  -4.04732546
 -3.70590701 -3.38035718 -3.07165126 -2.78076451 -2.50867221 -2.25634964
 -2.02477208 -1.81491479 -1.62775307 -1.46426217 -1.32541648 -1.2118042
 -1.12302946 -1.05854189 -1.01779112 -1.00022677 -1.00529848 -1.03245587
 -1.08114857 -1.15082622 -1.24093844 -1.35093486 -1.4802651  -1.62837881
 -1.79472561 -1.97875512 -2.17991698 -2.39766082]
d_x_fitting=[  7.75193798  17.69634328  27.64074857  37.58515386  47.52955916
  57.47396445  67.41836974  77.36277504  87.30718033  97.25158562
 107.19599092 117.14039621 127.0848015  137.0292068  146.97361209
 156.91801738 166.86242268 176.80682797 186.75123326 196.69563856
 206.64004385 216.58444914 226.52885444 236.47325973 246.41766502
 256.36207032 266.30647561 276.2508809  286.1952862  296.13969149
 306.08409678 316.02850208 325.97290737 335.91731266 345.86171795
 355.80612325 365.75052854 375.69493383 385.63933913 395.58374442
 405.52814971 415.47255501 425.4169603  435.36136559 445.30577089
 455.25017618 465.19458147 475.13898677 485.08339206 495.02779735
 504.97220265 514.91660794 524.86101323 534.80541853 544.74982382
 554.69422911 564.63863441 574.5830397  584.52744499 594.47185029
 604.41625558 614.36066087 624.30506617 634.24947146 644.19387675
 654.13828205 664.08268734 674.02709263 683.97149792 693.91590322
 703.86030851 713.8047138  723.7491191  733.69352439 743.63792968
 753.58233498 763.52674027 773.47114556 783.41555086 793.35995615
 803.30436144 813.24876674 823.19317203 833.13757732 843.08198262
 853.02638791 862.9707932  872.9151985  882.85960379 892.80400908
 902.74841438 912.69281967 922.63722496 932.58163026 942.52603555
 952.47044084 962.41484614 972.35925143 982.30365672 992.24806202]
d_y_fitting=[2.28070175 4.12899569 5.53385648 6.53705251 7.18035216 7.50552382
 7.55433587 7.36855669 6.98995468 6.46029822 5.82135568 5.11489547
 4.38268595 3.66649552 3.00809257 2.44924547 2.03172261 1.79727564
 1.77062449 1.92737218 2.23432059 2.65827157 3.16602698 3.72438869
 4.30015856 4.86013845 5.37113023 5.80016509 6.12913464 6.36362019
 6.51131949 6.57993033 6.57715046 6.51067766 6.38820969 6.21744432
 6.00607932 5.76181246 5.49234151 5.20536422 4.90857838 4.60968175
 4.3163721  4.03634719 3.7773048  3.54694269 3.35262774 3.19501775
 3.06852692 2.96733182 2.88560901 2.81753507 2.75728657 2.69904008
 2.63697217 2.5652594  2.47817523 2.37390315 2.25579091 2.12754008
 1.99285221 1.85542886 1.71897158 1.58718195 1.46376151 1.35241183
 1.25683446 1.18073097 1.12780291 1.10175185 1.10627934 1.14508694
 1.22187621 1.33913734 1.49350465 1.67984528 1.89302601 2.12791365
 2.37937496 2.64227674 2.91148577 3.18186884 3.44829274 3.70562425
 3.94873015 4.17247724 4.37173229 4.5413621  4.67623345 4.77121313
 4.82116792 4.82096461 4.76546999 4.64955083 4.46807394 4.21590608
 3.88791406 3.47896465 2.98392464 2.39766082]