
p_x=[21.53316106804479, 80.96468561584841, 150.7321274763135, 236.0034453057709, 336.77863910422053, 382.4289405684754, 439.2764857881137, 509.9052540913006, 552.9715762273901, 673.5572782084411, 799.3109388458226, 857.0198105081827, 985.3574504737296]
p_y=[2.11764705882353, 4.23529411764706, 6.588235294117647, 6.588235294117647, 6.235294117647059, 6.8235294117647065, 6.705882352941177, 6.470588235294118, 2.0, 6.0, 5.411764705882353, 6.8235294117647065, 7.529411764705882]
a_x=[23.25581395348837, 80.1033591731266, 181.739879414298, 290.26701119724373, 386.73557278208443, 448.7510766580534, 506.4599483204134, 546.9422911283376, 661.4987080103359, 793.2816537467701, 820.8440999138674, 890.6115417743324, 940.5684754521964, 982.7734711455641]
a_y=[-7.660818713450293, -4.152046783625732, -3.333333333333332, -0.6432748538011701, -0.7602339181286553, -0.7602339181286553, -7.426900584795323, -8.011695906432749, -0.8771929824561404, -0.1754385964912295, -3.450292397660819, -0.8771929824561404, -2.8654970760233915, -0.8771929824561404]
d_x=[21.53316106804479, 89.57795004306632, 192.0757967269595, 312.66149870801036, 401.3781223083548, 513.3505598621878, 552.1102497846684, 696.8130921619294, 811.3695090439277, 981.9121447028424]
d_y=[1.6959064327485383, 3.9181286549707606, 3.8011695906432754, 6.491228070175438, 5.43859649122807, 1.3450292397660828, 5.7894736842105265, 6.023391812865498, 6.491228070175438, 1.8128654970760234]
p_x_fitting=[ 21.53316107  31.26875995  41.00435883  50.73995772  60.4755566
  70.21115548  79.94675437  89.68235325  99.41795213 109.15355101
 118.8891499  128.62474878 138.36034766 148.09594655 157.83154543
 167.56714431 177.30274319 187.03834208 196.77394096 206.50953984
 216.24513873 225.98073761 235.71633649 245.45193537 255.18753426
 264.92313314 274.65873202 284.39433091 294.12992979 303.86552867
 313.60112755 323.33672644 333.07232532 342.8079242  352.54352309
 362.27912197 372.01472085 381.75031973 391.48591862 401.2215175
 410.95711638 420.69271527 430.42831415 440.16391303 449.89951192
 459.6351108  469.37070968 479.10630856 488.84190745 498.57750633
 508.31310521 518.0487041  527.78430298 537.51990186 547.25550074
 556.99109963 566.72669851 576.46229739 586.19789628 595.93349516
 605.66909404 615.40469292 625.14029181 634.87589069 644.61148957
 654.34708846 664.08268734 673.81828622 683.5538851  693.28948399
 703.02508287 712.76068175 722.49628064 732.23187952 741.9674784
 751.70307728 761.43867617 771.17427505 780.90987393 790.64547282
 800.3810717  810.11667058 819.85226946 829.58786835 839.32346723
 849.05906611 858.794665   868.53026388 878.26586276 888.00146164
 897.73706053 907.47265941 917.20825829 926.94385718 936.67945606
 946.41505494 956.15065383 965.88625271 975.62185159 985.35745047]
p_y_fitting=[2.11764706 2.38274981 2.69155502 3.03554389 3.40619764 3.7949975
 4.19342467 4.59296039 4.98508586 5.3612823  5.71303093 6.03181297
 6.30910964 6.53640215 6.70614235 6.81984226 6.88395179 6.90497052
 6.88939807 6.84373401 6.77447795 6.68812948 6.59118821 6.48989961
 6.38939875 6.29451739 6.21008728 6.14094021 6.09190793 6.06782221
 6.07351481 6.1138175  6.19356204 6.31629842 6.46779044 6.6207893
 6.74774843 6.82112127 6.82155975 6.77016086 6.700472   6.64604399
 6.64042767 6.71716157 6.88873383 7.10344062 7.29738569 7.40667278
 7.36740564 7.11568801 6.58762365 5.74077405 4.67395666 3.54310247
 2.50430283 1.71135338 1.23523256 1.04291443 1.09477084 1.35117367
 1.77249476 2.31910598 2.9513792  3.62968626 4.31439904 4.96588939
 5.54452918 6.01069044 6.33532852 6.52846295 6.60912431 6.59634317
 6.50915011 6.36657572 6.18765055 5.99140521 5.79687025 5.62307626
 5.48905381 5.41383348 5.41643861 5.50846924 5.68009796 5.9176541
 6.20746699 6.53586595 6.8891803  7.25373939 7.61587252 7.96190903
 8.27817825 8.5510095  8.76673211 8.91167539 8.97216869 8.93454133
 8.78512263 8.51024192 8.09622852 7.52941176]
a_x_fitting=[ 23.25581395  32.9479115   42.64000905  52.3321066   62.02420414
  71.71630169  81.40839924  91.10049679 100.79259433 110.48469188
 120.17678943 129.86888697 139.56098452 149.25308207 158.94517962
 168.63727716 178.32937471 188.02147226 197.71356981 207.40566735
 217.0977649  226.78986245 236.48196    246.17405754 255.86615509
 265.55825264 275.25035019 284.94244773 294.63454528 304.32664283
 314.01874038 323.71083792 333.40293547 343.09503302 352.78713056
 362.47922811 372.17132566 381.86342321 391.55552075 401.2476183
 410.93971585 420.6318134  430.32391094 440.01600849 449.70810604
 459.40020359 469.09230113 478.78439868 488.47649623 498.16859378
 507.86069132 517.55278887 527.24488642 536.93698397 546.62908151
 556.32117906 566.01327661 575.70537415 585.3974717  595.08956925
 604.7816668  614.47376434 624.16586189 633.85795944 643.55005699
 653.24215453 662.93425208 672.62634963 682.31844718 692.01054472
 701.70264227 711.39473982 721.08683737 730.77893491 740.47103246
 750.16313001 759.85522756 769.5473251  779.23942265 788.9315202
 798.62361775 808.31571529 818.00781284 827.69991039 837.39200793
 847.08410548 856.77620303 866.46830058 876.16039812 885.85249567
 895.54459322 905.23669077 914.92878831 924.62088586 934.31298341
 944.00508096 953.6971785  963.38927605 973.0813736  982.77347115]
a_y_fitting=[-7.66081871e+00 -6.73192501e+00 -5.95716785e+00 -5.32241660e+00
 -4.81354061e+00 -4.41640925e+00 -4.11689187e+00 -3.90085785e+00
 -3.75417654e+00 -3.66271731e+00 -3.61234951e+00 -3.58894251e+00
 -3.57836567e+00 -3.56648835e+00 -3.53917991e+00 -3.48230972e+00
 -3.38174714e+00 -3.22456652e+00 -3.01283712e+00 -2.75879249e+00
 -2.47485907e+00 -2.17346327e+00 -1.86703151e+00 -1.56799023e+00
 -1.28876583e+00 -1.04178475e+00 -8.39473401e-01 -6.94258210e-01
 -6.18102896e-01 -6.09386705e-01 -6.51035726e-01 -7.25137657e-01
 -8.13780197e-01 -8.99051046e-01 -9.63037901e-01 -9.87828463e-01
 -9.55510431e-01 -8.48171504e-01 -6.49846473e-01 -3.89924701e-01
 -1.43469863e-01  1.24433185e-02  7.40122814e-04 -2.55654171e-01
 -8.33780985e-01 -1.76493641e+00 -2.94398953e+00 -4.24048928e+00
 -5.52398459e+00 -6.66402440e+00 -7.53025828e+00 -8.04191742e+00
 -8.24771424e+00 -8.21723397e+00 -8.02006186e+00 -7.71668411e+00
 -7.32748325e+00 -6.86179647e+00 -6.32896064e+00 -5.73831261e+00
 -5.09918924e+00 -4.42092738e+00 -3.71286390e+00 -2.98433566e+00
 -2.24467951e+00 -1.50323231e+00 -7.69335924e-01 -5.46430334e-02
  6.23220894e-01  1.24567825e+00  1.79415144e+00  2.25006284e+00
  2.59483487e+00  2.80988990e+00  2.87665035e+00  2.77653860e+00
  2.49097705e+00  2.00138809e+00  1.28919412e+00  3.35817533e-01
 -8.67934318e-01 -2.15959557e+00 -3.22650646e+00 -3.77824309e+00
 -3.79911847e+00 -3.43233478e+00 -2.82302753e+00 -2.11633220e+00
 -1.45738430e+00 -9.91319303e-01 -8.57446557e-01 -1.06655738e+00
 -1.50389972e+00 -2.04949043e+00 -2.58334633e+00 -2.98548427e+00
 -3.13592106e+00 -2.91467356e+00 -2.20175859e+00 -8.77192982e-01]
d_x_fitting=[ 21.53316107  31.23395888  40.9347567   50.63555451  60.33635233
  70.03715014  79.73794796  89.43874577  99.13954358 108.8403414
 118.54113921 128.24193703 137.94273484 147.64353266 157.34433047
 167.04512829 176.7459261  186.44672391 196.14752173 205.84831954
 215.54911736 225.24991517 234.95071299 244.6515108  254.35230862
 264.05310643 273.75390424 283.45470206 293.15549987 302.85629769
 312.5570955  322.25789332 331.95869113 341.65948895 351.36028676
 361.06108458 370.76188239 380.4626802  390.16347802 399.86427583
 409.56507365 419.26587146 428.96666928 438.66746709 448.36826491
 458.06906272 467.76986053 477.47065835 487.17145616 496.87225398
 506.57305179 516.27384961 525.97464742 535.67544524 545.37624305
 555.07704087 564.77783868 574.47863649 584.17943431 593.88023212
 603.58102994 613.28182775 622.98262557 632.68342338 642.3842212
 652.08501901 661.78581682 671.48661464 681.18741245 690.88821027
 700.58900808 710.2898059  719.99060371 729.69140153 739.39219934
 749.09299716 758.79379497 768.49459278 778.1953906  787.89618841
 797.59698623 807.29778404 816.99858186 826.69937967 836.40017749
 846.1009753  855.80177311 865.50257093 875.20336874 884.90416656
 894.60496437 904.30576219 914.00656    923.70735782 933.40815563
 943.10895344 952.80975126 962.51054907 972.21134689 981.9121447 ]
d_y_fitting=[1.69590643 2.27909273 2.75819082 3.14247902 3.44123565 3.66373904
 3.8192675  3.91709936 3.96651292 3.97678653 3.95719848 3.91702711
 3.86555073 3.81204766 3.76579623 3.73607475 3.73216154 3.76333492
 3.83867661 3.96044577 4.12248663 4.31812387 4.54068217 4.78348623
 5.03986073 5.30313036 5.56661982 5.82365379 6.06755695 6.291654
 6.48926964 6.65312779 6.77347063 6.83989948 6.84201569 6.76942059
 6.61171554 6.35850185 5.99938089 5.52395397 4.92711833 4.23782569
 3.49850601 2.75162276 2.03963939 1.40501935 0.8902261  0.53772309
 0.38997377 0.48944161 0.87859005 1.59900149 2.62482611 3.81632586
 5.02278268 6.09429674 6.94138877 7.57539979 8.01723909 8.28781597
 8.40803972 8.39881965 8.28106505 8.07568522 7.80358945 7.48568704
 7.14288729 6.79609949 6.46623294 6.17419694 5.9406292  5.7749061
 5.67135452 5.62325212 5.62387657 5.66650552 5.74441663 5.85088757
 5.97919598 6.12261954 6.2744359  6.42792271 6.57635764 6.71301836
 6.8311825  6.92412775 6.98513175 7.00747217 6.98442665 6.90927288
 6.77528849 6.57575116 6.30393854 5.95312829 5.51659807 4.98762554
 4.35948836 3.62546418 2.77883068 1.8128655 ]