
p_x=[11.19724375538329, 87.85529715762273, 175.71059431524546, 242.03273040482344, 312.66149870801036, 411.71403962101635, 466.838931955211, 522.8251507321274, 600.3445305770887, 686.4771748492678, 737.2954349698537, 838.931955211025, 916.4513350559862, 989.6640826873385]
p_y=[-2.5882352941176467, -6.235294117647058, -5.882352941176469, -1.1764705882352935, -5.529411764705882, -8.352941176470587, -7.529411764705884, -5.0588235294117645, -1.1764705882352935, -0.9411764705882355, -6.8235294117647065, -2.5882352941176467, -1.882352941176471, -2.0]
a_x=[6.890611541774333, 75.79672695951766, 164.51335055986218, 240.31007751937986, 316.9681309216193, 402.2394487510766, 479.7588285960379, 570.198105081826, 690.7838070628768, 745.9086993970715, 830.318690783807, 888.027562446167, 947.4590869939708, 981.9121447028424, 995.693367786391]
a_y=[-7.192982456140349, -6.842105263157894, -6.842105263157894, -1.2280701754385959, -0.8771929824561404, -0.9941520467836256, -4.970760233918128, -1.3450292397660828, -2.397660818713449, -2.9824561403508767, -1.6959064327485365, -6.725146198830409, -1.3450292397660828, -1.3450292397660828, -0.9941520467836256]
d_x=[23.25581395348837, 112.8337639965547, 264.42721791559, 407.4074074074074, 502.1533161068045, 596.0378983634797, 844.9612403100774, 982.7734711455641]
d_y=[2.6315789473684212, 2.7485380116959064, 6.023391812865498, 6.140350877192983, 2.8654970760233924, 2.9824561403508776, 2.6315789473684212, 2.0467836257309946]
p_x_fitting=[ 11.19724376  21.08074718  30.9642506   40.84775403  50.73125745
  60.61476087  70.4982643   80.38176772  90.26527114 100.14877457
 110.03227799 119.91578141 129.79928484 139.68278826 149.56629169
 159.44979511 169.33329853 179.21680196 189.10030538 198.9838088
 208.86731223 218.75081565 228.63431907 238.5178225  248.40132592
 258.28482934 268.16833277 278.05183619 287.93533961 297.81884304
 307.70234646 317.58584989 327.46935331 337.35285673 347.23636016
 357.11986358 367.003367   376.88687043 386.77037385 396.65387727
 406.5373807  416.42088412 426.30438754 436.18789097 446.07139439
 455.95489782 465.83840124 475.72190466 485.60540809 495.48891151
 505.37241493 515.25591836 525.13942178 535.0229252  544.90642863
 554.78993205 564.67343547 574.5569389  584.44044232 594.32394575
 604.20744917 614.09095259 623.97445602 633.85795944 643.74146286
 653.62496629 663.50846971 673.39197313 683.27547656 693.15897998
 703.0424834  712.92598683 722.80949025 732.69299367 742.5764971
 752.46000052 762.34350395 772.22700737 782.11051079 791.99401422
 801.87751764 811.76102106 821.64452449 831.52802791 841.41153133
 851.29503476 861.17853818 871.0620416  880.94554503 890.82904845
 900.71255188 910.5960553  920.47955872 930.36306215 940.24656557
 950.13006899 960.01357242 969.89707584 979.78057926 989.66408269]
p_y_fitting=[-2.58823529 -3.00080845 -3.45926477 -3.9485839  -4.45374549 -4.95972917
 -5.45151462 -5.91408146 -6.33240935 -6.69147793 -6.97626686 -7.17175579
 -7.26292435 -7.2347522  -7.07221898 -6.76030435 -6.28398796 -5.62897161
 -4.81828854 -3.92962691 -3.04502039 -2.24650262 -1.61610728 -1.23586802
 -1.18113469 -1.44291605 -1.95447788 -2.64796228 -3.45551135 -4.30926721
 -5.14137197 -5.88555825 -6.51244496 -7.02970707 -7.44664402 -7.77255527
 -8.01674028 -8.1884985  -8.29712937 -8.35193236 -8.36220692 -8.33695688
 -8.27756357 -8.17729812 -8.02903843 -7.82566236 -7.5600478  -7.2274846
 -6.83635758 -6.39947453 -5.92964671 -5.43968536 -4.94237281 -4.44637505
 -3.9520067  -3.45857118 -2.96537187 -2.47171217 -1.97689547 -1.48022516
 -0.98139323 -0.49604811 -0.06107202  0.28518168  0.50435963  0.55810846
  0.40807483  0.01590537 -0.65675328 -1.6388157  -2.85312691 -4.15579712
 -5.40189809 -6.4465016  -7.14980392 -7.47283608 -7.46882298 -7.19438147
 -6.70612843 -6.06068072 -5.31465521 -4.52466878 -3.74733828 -3.03928058
 -2.45691076 -2.03243863 -1.75117726 -1.59306741 -1.53804982 -1.56606523
 -1.65705441 -1.79095811 -1.94771706 -2.10727202 -2.24956375 -2.35453298
 -2.40212047 -2.37226697 -2.24491323 -2.        ]
a_x_fitting=[  6.89061154  16.87851817  26.8664248   36.85433143  46.84223806
  56.83014469  66.81805131  76.80595794  86.79386457  96.7817712
 106.76967783 116.75758446 126.74549109 136.73339772 146.72130434
 156.70921097 166.6971176  176.68502423 186.67293086 196.66083749
 206.64874412 216.63665075 226.62455737 236.612464   246.60037063
 256.58827726 266.57618389 276.56409052 286.55199715 296.53990378
 306.5278104  316.51571703 326.50362366 336.49153029 346.47943692
 356.46734355 366.45525018 376.4431568  386.43106343 396.41897006
 406.40687669 416.39478332 426.38268995 436.37059658 446.35850321
 456.34640983 466.33431646 476.32222309 486.31012972 496.29803635
 506.28594298 516.27384961 526.26175624 536.24966286 546.23756949
 556.22547612 566.21338275 576.20128938 586.18919601 596.17710264
 606.16500927 616.15291589 626.14082252 636.12872915 646.11663578
 656.10454241 666.09244904 676.08035567 686.0682623  696.05616892
 706.04407555 716.03198218 726.01988881 736.00779544 745.99570207
 755.9836087  765.97151533 775.95942195 785.94732858 795.93523521
 805.92314184 815.91104847 825.8989551  835.88686173 845.87476836
 855.86267498 865.85058161 875.83848824 885.82639487 895.8143015
 905.80220813 915.79011476 925.77802139 935.76592801 945.75383464
 955.74174127 965.7296479  975.71755453 985.70546116 995.69336779]
a_y_fitting=[-7.19298246 -6.78013197 -6.52855215 -6.41464199 -6.41480046 -6.50542654
 -6.66291922 -6.86367746 -7.08410025 -7.30058658 -7.48953541 -7.62734574
 -7.69041653 -7.65514678 -7.49793545 -7.19518153 -6.7234149  -6.08130847
 -5.31443343 -4.47433563 -3.61256089 -2.78065505 -2.03016395 -1.41263342
 -0.97591562 -0.71862482 -0.6043372  -0.59587872 -0.65607529 -0.74775287
 -0.83373738 -0.87685476 -0.8495835  -0.76863929 -0.66340306 -0.56325675
 -0.49758231 -0.4957617  -0.58717686 -0.80120974 -1.16625631 -1.67601768
 -2.28112204 -2.92951134 -3.56912757 -4.1479127  -4.6138087  -4.91475756
 -5.00300756 -4.8828714  -4.59322805 -4.17357811 -3.66342216 -3.10226078
 -2.52959457 -1.98492412 -1.50775    -1.13574203 -0.87928906 -0.72783676
 -0.67029534 -0.69557505 -0.79258613 -0.9502388  -1.1574433  -1.40310987
 -1.67614875 -1.96547016 -2.25998435 -2.54813598 -2.80894299 -3.0126579
 -3.12920013 -3.1284891  -2.98044425 -2.67200804 -2.25645883 -1.8032312
 -1.38175971 -1.06147892 -0.91182341 -1.00222773 -1.40212645 -2.17341996
 -3.24386025 -4.42575059 -5.52762647 -6.35802337 -6.72547677 -6.47030599
 -5.68373878 -4.57604448 -3.35821037 -2.24122371 -1.4360718  -1.11081331
 -1.1444412  -1.29665621 -1.32678446 -0.99415205]
d_x_fitting=[ 23.25581395  32.9479115   42.64000905  52.3321066   62.02420414
  71.71630169  81.40839924  91.10049679 100.79259433 110.48469188
 120.17678943 129.86888697 139.56098452 149.25308207 158.94517962
 168.63727716 178.32937471 188.02147226 197.71356981 207.40566735
 217.0977649  226.78986245 236.48196    246.17405754 255.86615509
 265.55825264 275.25035019 284.94244773 294.63454528 304.32664283
 314.01874038 323.71083792 333.40293547 343.09503302 352.78713056
 362.47922811 372.17132566 381.86342321 391.55552075 401.2476183
 410.93971585 420.6318134  430.32391094 440.01600849 449.70810604
 459.40020359 469.09230113 478.78439868 488.47649623 498.16859378
 507.86069132 517.55278887 527.24488642 536.93698397 546.62908151
 556.32117906 566.01327661 575.70537415 585.3974717  595.08956925
 604.7816668  614.47376434 624.16586189 633.85795944 643.55005699
 653.24215453 662.93425208 672.62634963 682.31844718 692.01054472
 701.70264227 711.39473982 721.08683737 730.77893491 740.47103246
 750.16313001 759.85522756 769.5473251  779.23942265 788.9315202
 798.62361775 808.31571529 818.00781284 827.69991039 837.39200793
 847.08410548 856.77620303 866.46830058 876.16039812 885.85249567
 895.54459322 905.23669077 914.92878831 924.62088586 934.31298341
 944.00508096 953.6971785  963.38927605 973.0813736  982.77347115]
d_y_fitting=[2.63157895 2.51037885 2.42671286 2.37848727 2.36360842 2.37998259
 2.42551611 2.49811529 2.59568643 2.71613585 2.85736985 3.01729475
 3.19381686 3.38484248 3.58827794 3.80202953 4.02400357 4.25210637
 4.48424424 4.7183235  4.95225044 5.18393139 5.41127264 5.63218053
 5.84456134 6.04632124 6.23523026 6.40867321 6.56396719 6.69842933
 6.80937676 6.89412659 6.94999594 6.97430193 6.9643617  6.91749234
 6.831011   6.70223479 6.52848082 6.30706623 6.03543011 5.71692478
 5.36333985 4.98711181 4.60067714 4.21647234 3.8469339  3.50449831
 3.20160207 2.95068166 2.76346435 2.64058292 2.57387604 2.55494097
 2.575375   2.6267754  2.70073947 2.78886448 2.88274772 2.97398646
 3.055265   3.12510854 3.18399565 3.23240629 3.27082042 3.299718
 3.31957897 3.33088331 3.33411096 3.3297419  3.31825606 3.30013342
 3.27585392 3.24589753 3.21074421 3.17087391 3.12676659 3.07890221
 3.02776072 2.97382209 2.91756626 2.85947321 2.80002288 2.73969524
 2.67897024 2.61832785 2.558248   2.49921068 2.44169583 2.38618341
 2.33315337 2.28308569 2.23646031 2.19375719 2.15545629 2.12203757
 2.09398099 2.0717665  2.05587406 2.04678363]