
p_x=[36.17571059431524, 86.99397071490095, 167.09732988802756, 270.4565030146425, 382.4289405684754, 443.58311800172265, 545.2196382428941, 629.6296296296297, 697.6744186046512, 836.3479758828596, 920.7579672695952, 987.941429801895]
p_y=[2.3529411764705888, 3.88235294117647, 6.117647058823529, 5.882352941176471, 2.9411764705882346, 4.23529411764706, 2.9411764705882346, 3.647058823529412, 4.705882352941177, 5.176470588235294, 2.5882352941176467, 1.6470588235294112]
a_x=[17.226528854435834, 38.75968992248062, 82.68733850129199, 111.9724375538329, 167.95865633074936, 207.57967269595176, 290.26701119724373, 334.1946597760551, 381.56761412575366, 436.69250645994833, 517.6571920757967, 574.5047372954349, 628.7683031869078, 717.4849267872524, 797.588285960379, 849.2678725236865, 888.8888888888888, 916.4513350559862, 952.6270456503014, 976.7441860465116]
a_y=[-7.777777777777779, -4.269005847953215, -1.4619883040935662, 1.578947368421053, 1.8128654970760234, 4.385964912280702, 4.502923976608187, -0.5263157894736832, -5.6725146198830405, -3.2163742690058488, -2.280701754385966, -2.0467836257309955, -0.8771929824561404, 4.853801169590644, 5.2046783625731, 5.087719298245615, 1.6959064327485383, -4.152046783625732, -4.385964912280702, -4.7368421052631575]
d_x=[37.03703703703704, 183.4625322997416, 578.8113695090439, 886.3049095607234, 970.714900947459]
d_y=[0.7602339181286553, 3.333333333333334, 2.1637426900584797, 0.8771929824561404, 1.9298245614035086]
p_x_fitting=[ 36.17571059  45.78950574  55.40330088  65.01709602  74.63089117
  84.24468631  93.85848146 103.4722766  113.08607174 122.69986689
 132.31366203 141.92745717 151.54125232 161.15504746 170.7688426
 180.38263775 189.99643289 199.61022803 209.22402318 218.83781832
 228.45161346 238.06540861 247.67920375 257.2929989  266.90679404
 276.52058918 286.13438433 295.74817947 305.36197461 314.97576976
 324.5895649  334.20336004 343.81715519 353.43095033 363.04474547
 372.65854062 382.27233576 391.8861309  401.49992605 411.11372119
 420.72751633 430.34131148 439.95510662 449.56890177 459.18269691
 468.79649205 478.4102872  488.02408234 497.63787748 507.25167263
 516.86546777 526.47926291 536.09305806 545.7068532  555.32064834
 564.93444349 574.54823863 584.16203377 593.77582892 603.38962406
 613.0034192  622.61721435 632.23100949 641.84480464 651.45859978
 661.07239492 670.68619007 680.29998521 689.91378035 699.5275755
 709.14137064 718.75516578 728.36896093 737.98275607 747.59655121
 757.21034636 766.8241415  776.43793664 786.05173179 795.66552693
 805.27932208 814.89311722 824.50691236 834.12070751 843.73450265
 853.34829779 862.96209294 872.57588808 882.18968322 891.80347837
 901.41727351 911.03106865 920.6448638  930.25865894 939.87245408
 949.48624923 959.10004437 968.71383951 978.32763466 987.9414298 ]
p_y_fitting=[2.35294118 2.61434075 2.89297567 3.18501142 3.48661343 3.79394717
 4.1031781  4.41047167 4.71199334 5.00390857 5.28238281 5.54358153
 5.78367018 5.99881421 6.18519671 6.3397649  6.46050722 6.54548678
 6.59276668 6.60041003 6.56647994 6.48903953 6.3661519  6.19588016
 5.97628742 5.70609889 5.39283316 5.05025004 4.69224214 4.3327021
 3.98552253 3.66459605 3.38381529 3.15707287 2.9982614  2.92127351
 2.94000182 3.06098516 3.25987382 3.5042093  3.7615331  3.9993867
 4.18531157 4.28874542 4.30510425 4.24864413 4.13404333 3.97598013
 3.78913282 3.58817966 3.38779894 3.20266893 3.04746792 2.93687371
 2.88137106 2.87703215 2.91683492 2.99375731 3.10077725 3.23087267
 3.37702153 3.53220175 3.6894159  3.84411853 3.99626545 4.14629501
 4.29464557 4.44175546 4.58806306 4.73400228 4.87897751 5.02004888
 5.15395187 5.277422   5.38719476 5.48000565 5.55259016 5.60168379
 5.62402205 5.61634043 5.57537443 5.49785954 5.38053127 5.22012511
 5.01424604 4.76762119 4.48846422 4.18501262 3.86550388 3.53817548
 3.21126493 2.89300971 2.59164732 2.31541524 2.07255096 1.87129198
 1.71987578 1.62653986 1.59952171 1.64705882]
a_x_fitting=[ 17.22652885  26.9186264   36.61072395  46.3028215   55.99491904
  65.68701659  75.37911414  85.07121169  94.76330923 104.45540678
 114.14750433 123.83960188 133.53169942 143.22379697 152.91589452
 162.60799207 172.30008961 181.99218716 191.68428471 201.37638225
 211.0684798  220.76057735 230.4526749  240.14477244 249.83686999
 259.52896754 269.22106509 278.91316263 288.60526018 298.29735773
 307.98945528 317.68155282 327.37365037 337.06574792 346.75784547
 356.44994301 366.14204056 375.83413811 385.52623566 395.2183332
 404.91043075 414.6025283  424.29462585 433.98672339 443.67882094
 453.37091849 463.06301603 472.75511358 482.44721113 492.13930868
 501.83140622 511.52350377 521.21560132 530.90769887 540.59979641
 550.29189396 559.98399151 569.67608906 579.3681866  589.06028415
 598.7523817  608.44447925 618.13657679 627.82867434 637.52077189
 647.21286944 656.90496698 666.59706453 676.28916208 685.98125962
 695.67335717 705.36545472 715.05755227 724.74964981 734.44174736
 744.13384491 753.82594246 763.51804    773.21013755 782.9022351
 792.59433265 802.28643019 811.97852774 821.67062529 831.36272284
 841.05482038 850.74691793 860.43901548 870.13111303 879.82321057
 889.51530812 899.20740567 908.89950321 918.59160076 928.28369831
 937.97579586 947.6678934  957.35999095 967.0520885  976.74418605]
a_y_fitting=[-7.77777778 -5.81720625 -4.49388233 -3.63059879 -3.05014836 -2.5753238
 -2.02891785 -1.23489706 -0.16511623  0.91814207  1.7196163   2.07731691
  2.10702831  1.95926191  1.78452908  1.73334122  1.95215045  2.46654231
  3.16363782  3.9229587   4.62490099  5.19351079  5.61586222  5.88394398
  5.98974477  5.9252533   5.68245827  5.25334838  4.62991234  3.80794631
  2.80894313  1.66502193  0.40833561 -0.92862356 -2.28628382 -3.55870227
 -4.63538476 -5.40583713 -5.76213531 -5.69146116 -5.30183151 -4.70907178
 -4.02900738 -3.37746373 -2.86144689 -2.50324722 -2.27791724 -2.15999714
 -2.12402708 -2.14454723 -2.19609778 -2.25321889 -2.29070673 -2.29555078
 -2.272015   -2.22567436 -2.16210383 -2.08687838 -2.00497944 -1.90785116
 -1.77346372 -1.57920637 -1.30246837 -0.920639   -0.4175989   0.18798614
  0.86584771  1.58570935  2.31729461  3.03032706  3.69453024  4.2796277
  4.755343    5.09522568  5.30617556  5.41228545  5.4377909   5.40692745
  5.34393065  5.27303605  5.21847919  5.20343778  5.22492301  5.25271678
  5.25533051  5.2012756   5.05899363  4.76711754  4.18821795  3.17290874
  1.57183959 -0.60435167 -2.81743695 -4.42236626 -5.06725445 -5.01737164
 -4.61605342 -4.20663536 -4.13245307 -4.73684211]
d_x_fitting=[ 37.03703704  46.46812657  55.89921611  65.33030564  74.76139517
  84.19248471  93.62357424 103.05466378 112.48575331 121.91684285
 131.34793238 140.77902192 150.21011145 159.64120098 169.07229052
 178.50338005 187.93446959 197.36555912 206.79664866 216.22773819
 225.65882773 235.08991726 244.52100679 253.95209633 263.38318586
 272.8142754  282.24536493 291.67645447 301.107544   310.53863354
 319.96972307 329.4008126  338.83190214 348.26299167 357.69408121
 367.12517074 376.55626028 385.98734981 395.41843935 404.84952888
 414.28061841 423.71170795 433.14279748 442.57388702 452.00497655
 461.43606609 470.86715562 480.29824516 489.72933469 499.16042423
 508.59151376 518.02260329 527.45369283 536.88478236 546.3158719
 555.74696143 565.17805097 574.6091405  584.04023004 593.47131957
 602.9024091  612.33349864 621.76458817 631.19567771 640.62676724
 650.05785678 659.48894631 668.92003585 678.35112538 687.78221491
 697.21330445 706.64439398 716.07548352 725.50657305 734.93766259
 744.36875212 753.79984166 763.23093119 772.66202072 782.09311026
 791.52419979 800.95528933 810.38637886 819.8174684  829.24855793
 838.67964747 848.110737   857.54182653 866.97291607 876.4040056
 885.83509514 895.26618467 904.69727421 914.12836374 923.55945328
 932.99054281 942.42163234 951.85272188 961.28381141 970.71490095]
d_y_fitting=[0.76023392 1.00154924 1.23157919 1.4505186  1.65856228 1.85590506
 2.04274176 2.2192672  2.38567621 2.54216361 2.68892421 2.82615285
 2.95404434 3.07279351 3.18259518 3.28364417 3.37613531 3.46026341
 3.5362233  3.6042098  3.66441774 3.71704193 3.76227721 3.80031838
 3.83136028 3.85559772 3.87322553 3.88443853 3.88943154 3.88839939
 3.8815369  3.86903889 3.85110018 3.8279156  3.79967996 3.76658809
 3.72883482 3.68661496 3.64012333 3.58955477 3.53510409 3.47696611
 3.41533566 3.35040755 3.28237662 3.21143768 3.13778556 3.06161508
 2.98312106 2.90249832 2.81994169 2.73564598 2.64980603 2.56261664
 2.47427266 2.38496889 2.29490016 2.20426129 2.1132506  2.02212923
 1.93121286 1.840819   1.75126512 1.66286872 1.57594729 1.49081831
 1.40779929 1.3272077  1.24936104 1.17457679 1.10317246 1.03546552
 0.97177348 0.91241381 0.85770401 0.80796156 0.76350397 0.72464871
 0.69171329 0.66501518 0.64487188 0.63160087 0.62551966 0.62694573
 0.63619656 0.65358965 0.6794425  0.71407258 0.75779739 0.81093442
 0.87380115 0.94671509 1.02999372 1.12395452 1.228915   1.34519263
 1.47310492 1.61296934 1.76510339 1.92982456]