
p_x=[18.08785529715762, 90.43927648578811, 173.1266149870801, 228.25150732127477, 317.82945736434107, 372.09302325581393, 484.9267872523686, 606.3738156761412, 681.3092161929371, 722.652885443583, 793.2816537467701, 873.3850129198967, 982.7734711455641]
p_y=[-1.882352941176471, -3.1764705882352935, -2.2352941176470598, -4.352941176470589, -2.2352941176470598, -1.882352941176471, -2.7058823529411757, -3.647058823529413, -2.2352941176470598, -3.2941176470588225, -4.7058823529411775, -3.1764705882352935, -0.7058823529411757]
a_x=[18.08785529715762, 55.12489233419466, 174.84926787252368, 214.4702842377261, 268.73385012919897, 341.94659776055124, 408.2687338501292, 424.63393626184325, 498.7080103359173, 551.2489233419467, 590.0086132644273, 658.0534022394487, 745.0473729543497, 819.1214470284239, 906.1154177433248, 974.1602067183462]
a_y=[-7.777777777777779, -4.502923976608187, -3.8011695906432745, -2.514619883040936, -2.0467836257309955, -1.6959064327485365, -5.789473684210527, -4.853801169590643, -4.035087719298245, -2.280701754385966, -1.6959064327485365, -1.578947368421053, -4.269005847953215, -3.5672514619883025, -2.9824561403508767, -2.163742690058479]
d_x=[10.335917312661499, 175.71059431524546, 320.4134366925064, 499.5693367786391, 624.4616709732989, 753.6606373815677, 993.1093884582257]
d_y=[1.8128654970760234, 5.087719298245615, 5.2046783625731, 3.9181286549707606, 2.514619883040936, 3.333333333333334, 2.7485380116959064]
p_x_fitting=[ 18.0878553   27.83215445  37.5764536   47.32075275  57.0650519
  66.80935105  76.5536502   86.29794935  96.0422485  105.78654765
 115.5308468  125.27514595 135.0194451  144.76374425 154.5080434
 164.25234255 173.9966417  183.74094085 193.48524    203.22953915
 212.9738383  222.71813745 232.4624366  242.20673575 251.9510349
 261.69533405 271.4396332  281.18393235 290.9282315  300.67253065
 310.4168298  320.16112895 329.9054281  339.64972725 349.3940264
 359.13832555 368.8826247  378.62692385 388.371223   398.11552215
 407.8598213  417.60412045 427.3484196  437.09271875 446.8370179
 456.58131705 466.3256162  476.06991535 485.8142145  495.55851365
 505.3028128  515.04711195 524.7914111  534.53571025 544.2800094
 554.02430855 563.7686077  573.51290685 583.257206   593.00150515
 602.7458043  612.49010345 622.2344026  631.97870175 641.7230009
 651.46730005 661.2115992  670.95589835 680.7001975  690.44449665
 700.1887958  709.93309495 719.6773941  729.42169325 739.1659924
 748.91029155 758.6545907  768.39888985 778.143189   787.88748815
 797.6317873  807.37608645 817.1203856  826.86468475 836.6089839
 846.35328305 856.0975822  865.84188135 875.5861805  885.33047965
 895.0747788  904.81907795 914.5633771  924.30767625 934.0519754
 943.79627455 953.5405737  963.28487285 973.029172   982.77347115]
p_y_fitting=[-1.88235294 -2.54037146 -3.00607269 -3.30253918 -3.45285346 -3.48009805
 -3.40735549 -3.25770832 -3.05423907 -2.82003026 -2.57816444 -2.35172413
 -2.16379186 -2.03745018 -1.9957816  -2.06186867 -2.25878425 -2.59208319
 -3.01360641 -3.46493446 -3.88764788 -4.2233272  -4.41473027 -4.44275715
 -4.33384723 -4.11711117 -3.82165966 -3.47660338 -3.111053   -2.75411921
 -2.43491269 -2.18244239 -2.01199372 -1.9114012  -1.86523119 -1.85805005
 -1.87442412 -1.89975978 -1.92909274 -1.96360731 -2.00458742 -2.05331702
 -2.11108006 -2.17916047 -2.2588422  -2.35140918 -2.45814537 -2.5803347
 -2.71926007 -2.87440761 -3.03978301 -3.20835077 -3.37307538 -3.52692134
 -3.66285314 -3.77383528 -3.85283226 -3.89280857 -3.8867287  -3.82755716
 -3.70825844 -3.52318233 -3.28529398 -3.02087967 -2.75651478 -2.51877469
 -2.3342348  -2.22947048 -2.23105713 -2.3569798  -2.58375837 -2.87541792
 -3.19598099 -3.51110381 -3.80362806 -4.06668142 -4.29353032 -4.47744121
 -4.61168054 -4.68951473 -4.70441198 -4.65589506 -4.55045029 -4.39494863
 -4.19626103 -3.96125844 -3.69681181 -3.40979211 -3.10707027 -2.79551726
 -2.48200403 -2.17340154 -1.87658073 -1.59841255 -1.34576798 -1.12551794
 -0.94453341 -0.80968533 -0.72784466 -0.70588235]
a_x_fitting=[ 18.0878553   27.74515178  37.40244826  47.05974473  56.71704121
  66.37433769  76.03163417  85.68893065  95.34622713 105.00352361
 114.66082009 124.31811657 133.97541305 143.63270952 153.290006
 162.94730248 172.60459896 182.26189544 191.91919192 201.5764884
 211.23378488 220.89108136 230.54837784 240.20567431 249.86297079
 259.52026727 269.17756375 278.83486023 288.49215671 298.14945319
 307.80674967 317.46404615 327.12134263 336.7786391  346.43593558
 356.09323206 365.75052854 375.40782502 385.0651215  394.72241798
 404.37971446 414.03701094 423.69430742 433.35160389 443.00890037
 452.66619685 462.32349333 471.98078981 481.63808629 491.29538277
 500.95267925 510.60997573 520.26727221 529.92456868 539.58186516
 549.23916164 558.89645812 568.5537546  578.21105108 587.86834756
 597.52564404 607.18294052 616.840237   626.49753347 636.15482995
 645.81212643 655.46942291 665.12671939 674.78401587 684.44131235
 694.09860883 703.75590531 713.41320179 723.07049826 732.72779474
 742.38509122 752.0423877  761.69968418 771.35698066 781.01427714
 790.67157362 800.3288701  809.98616658 819.64346305 829.30075953
 838.95805601 848.61535249 858.27264897 867.92994545 877.58724193
 887.24453841 896.90183489 906.55913137 916.21642784 925.87372432
 935.5310208  945.18831728 954.84561376 964.50291024 974.16020672]
a_y_fitting=[-7.77777778 -6.61670584 -5.68658754 -4.96409481 -4.42589955 -4.04867371
 -3.80908919 -3.68381792 -3.64953181 -3.6829028  -3.76060279 -3.85930371
 -3.95567749 -4.02639604 -4.04813128 -3.99755513 -3.85133952 -3.59252689
 -3.25647284 -2.90419566 -2.59689053 -2.39076535 -2.28367002 -2.23562258
 -2.20600229 -2.15418844 -2.03956179 -1.83907109 -1.59090795 -1.34660104
 -1.15767905 -1.07567064 -1.15210449 -1.43850928 -1.9835223  -2.7568735
 -3.64180845 -4.51716196 -5.2617688  -5.75446376 -5.87408164 -5.52039218
 -4.90979158 -4.44044773 -4.17519547 -4.06276214 -4.05179531 -4.09094254
 -4.1288514  -4.11416946 -3.99574529 -3.75159072 -3.41916649 -3.04317288
 -2.66831016 -2.33927859 -2.09477776 -1.92798548 -1.81120836 -1.71664407
 -1.61981021 -1.5225385  -1.43918825 -1.38419538 -1.37199581 -1.41702547
 -1.53372028 -1.73417885 -2.0089188  -2.33679839 -2.69656196 -3.06695385
 -3.42671836 -3.75459985 -4.02934263 -4.22969103 -4.33682674 -4.35506532
 -4.30149981 -4.1933576  -4.0478661  -3.8822527  -3.7137448  -3.55956923
 -3.43272779 -3.33184487 -3.25248943 -3.19023042 -3.1406368  -3.09927751
 -3.06172151 -3.02353775 -2.98029519 -2.92756277 -2.86090945 -2.77590418
 -2.66811592 -2.53311362 -2.36646622 -2.16374269]
d_x_fitting=[ 10.33591731  20.26292207  30.18992683  40.11693159  50.04393635
  59.97094111  69.89794587  79.82495063  89.75195539  99.67896014
 109.6059649  119.53296966 129.45997442 139.38697918 149.31398394
 159.2409887  169.16799346 179.09499822 189.02200298 198.94900773
 208.87601249 218.80301725 228.73002201 238.65702677 248.58403153
 258.51103629 268.43804105 278.36504581 288.29205057 298.21905532
 308.14606008 318.07306484 328.0000696  337.92707436 347.85407912
 357.78108388 367.70808864 377.6350934  387.56209816 397.48910292
 407.41610767 417.34311243 427.27011719 437.19712195 447.12412671
 457.05113147 466.97813623 476.90514099 486.83214575 496.75915051
 506.68615526 516.61316002 526.54016478 536.46716954 546.3941743
 556.32117906 566.24818382 576.17518858 586.10219334 596.0291981
 605.95620286 615.88320761 625.81021237 635.73721713 645.66422189
 655.59122665 665.51823141 675.44523617 685.37224093 695.29924569
 705.22625045 715.1532552  725.08025996 735.00726472 744.93426948
 754.86127424 764.788279   774.71528376 784.64228852 794.56929328
 804.49629804 814.4233028  824.35030755 834.27731231 844.20431707
 854.13132183 864.05832659 873.98533135 883.91233611 893.83934087
 903.76634563 913.69335039 923.62035514 933.5473599  943.47436466
 953.40136942 963.32837418 973.25537894 983.1823837  993.10938846]
d_y_fitting=[1.8128655  2.15313975 2.47201675 2.77011958 3.04807129 3.30649493
 3.54601359 3.76725031 3.97082815 4.15737019 4.32749948 4.48183908
 4.62101206 4.74564148 4.85635039 4.95376187 5.03849897 5.11118476
 5.17244229 5.22289464 5.26316485 5.293876   5.31565114 5.32911334
 5.33488565 5.33359115 5.32585289 5.31229394 5.29353735 5.27020619
 5.24292352 5.2123124  5.17892828 5.14276529 5.10353966 5.06096561
 5.0147574  4.96462925 4.9102954  4.8514701  4.78786758 4.71920208
 4.64518783 4.56553907 4.47997005 4.388195   4.28992816 4.18488376
 4.07277604 3.95331925 3.82639038 3.69345098 3.55685558 3.41896874
 3.28215502 3.14877896 3.02120512 2.90179806 2.79292233 2.69694249
 2.61622309 2.55312868 2.51002216 2.48830508 2.48680493 2.50392295
 2.53806037 2.58761841 2.65099832 2.72660132 2.81282864 2.90808152
 3.01076119 3.11926887 3.23200581 3.34737322 3.46377236 3.57960443
 3.69327068 3.80317235 3.90771065 4.00528682 4.0943021  4.17315771
 4.24025488 4.29399486 4.33277886 4.35500813 4.35908389 4.34340737
 4.30637981 4.24640244 4.16187649 4.05120319 3.91278377 3.74501946
 3.5463115  3.31506112 3.04966954 2.74853801]