
p_x=[37.89836347975883, 101.63652024117141, 151.5934539190353, 220.49956933677865, 251.50732127476317, 315.2454780361757, 385.8742463393626, 458.2256675279931, 519.3798449612403, 534.0223944875107, 585.7019810508183, 637.3815676141257, 704.5650301464254, 781.2230835486649, 854.4358311800172, 944.0137812230836, 975.8828596037898, 992.2480620155038]
p_y=[1.6470588235294112, 1.4117647058823533, 2.9411764705882346, 1.6470588235294112, 2.235294117647059, 4.0, 2.4705882352941178, 2.4705882352941178, 2.235294117647059, 4.823529411764706, 4.823529411764706, 3.4117647058823533, 2.5882352941176467, 2.9411764705882346, 2.9411764705882346, 3.647058823529412, 5.882352941176471, 2.5882352941176467]
a_x=[9.474590869939707, 46.51162790697674, 99.91386735572783, 150.7321274763135, 179.15590008613265, 216.19293712316966, 258.39793281653743, 312.66149870801036, 331.61068044788976, 397.0714900947459, 448.7510766580534, 515.0732127476314, 560.7235142118863, 612.4031007751938, 664.944013781223, 699.3970714900947, 737.2954349698537, 770.0258397932816, 829.4573643410853, 873.3850129198967, 908.69939707149, 932.8165374677002, 949.1817398794143, 968.9922480620155, 986.2187769164514]
a_y=[-6.725146198830409, -4.619883040935672, -4.502923976608187, -6.140350877192983, -4.152046783625732, -3.5672514619883025, -4.502923976608187, -2.163742690058479, -4.152046783625732, -4.269005847953215, -2.397660818713449, -2.7485380116959064, -6.491228070175438, -4.385964912280702, -4.853801169590643, -8.011695906432749, -7.076023391812864, -6.257309941520468, -5.204678362573098, -6.257309941520468, -4.152046783625732, -4.853801169590643, -2.397660818713449, -2.0467836257309955, -5.906432748538011]
d_x=[2.5839793281653747, 106.80447889750215, 314.3841515934539, 459.9483204134367, 689.0611541774333, 989.6640826873385]
d_y=[1.8128654970760234, 3.2163742690058488, 3.9181286549707606, 3.333333333333334, 3.0994152046783627, 3.5672514619883042]
p_x_fitting=[ 37.89836348  47.53825942  57.17815537  66.81805131  76.45794726
  86.0978432   95.73773915 105.37763509 115.01753104 124.65742698
 134.29732293 143.93721887 153.57711482 163.21701076 172.85690671
 182.49680265 192.1366986  201.77659454 211.41649049 221.05638643
 230.69628238 240.33617832 249.97607427 259.61597021 269.25586616
 278.8957621  288.53565804 298.17555399 307.81544993 317.45534588
 327.09524182 336.73513777 346.37503371 356.01492966 365.6548256
 375.29472155 384.93461749 394.57451344 404.21440938 413.85430533
 423.49420127 433.13409722 442.77399316 452.41388911 462.05378505
 471.693681   481.33357694 490.97347289 500.61336883 510.25326478
 519.89316072 529.53305666 539.17295261 548.81284855 558.4527445
 568.09264044 577.73253639 587.37243233 597.01232828 606.65222422
 616.29212017 625.93201611 635.57191206 645.211808   654.85170395
 664.49159989 674.13149584 683.77139178 693.41128773 703.05118367
 712.69107962 722.33097556 731.97087151 741.61076745 751.2506634
 760.89055934 770.53045528 780.17035123 789.81024717 799.45014312
 809.09003906 818.72993501 828.36983095 838.0097269  847.64962284
 857.28951879 866.92941473 876.56931068 886.20920662 895.84910257
 905.48899851 915.12889446 924.7687904  934.40868635 944.04858229
 953.68847824 963.32837418 972.96827013 982.60816607 992.24806202]
p_y_fitting=[1.64705882 1.05297595 0.71901338 0.60543878 0.67251979 0.88052408
 1.18971929 1.56037309 1.95275312 2.32712704 2.6437625  2.86292716
 2.94501227 2.87478191 2.69050682 2.43756424 2.16133142 1.90718559
 1.72050398 1.64666135 1.71568442 1.90594448 2.18495726 2.52042271
 2.88123601 3.23676919 3.55639548 3.80948815 3.96542045 3.9937071
 3.88510692 3.67406875 3.40041791 3.10397972 2.82457949 2.60204254
 2.47619417 2.47576624 2.56994933 2.70804337 2.83933431 2.91310812
 2.87865074 2.68524813 2.28450555 1.71974858 1.15435988 0.75983783
 0.70768083 1.16938725 2.31642227 4.06345629 5.48336625 6.13448521
 6.18967253 5.84440112 5.29414387 4.7341784  4.29994421 3.98292956
 3.75341633 3.58168636 3.43802152 3.29588124 3.15130521 3.01011048
 2.87815331 2.76128998 2.66537675 2.59626989 2.55885652 2.55177252
 2.57117264 2.61320537 2.6740192  2.74976263 2.83658413 2.9306322
 3.02718627 3.11669108 3.18791993 3.2296445  3.2306365  3.17966762
 3.06550955 2.87718175 2.6235041  2.34722131 2.09441011 1.9111472
 1.84350932 1.93757316 2.23941547 2.79511295 3.65074232 4.75996625
 5.71077303 6.00071716 5.12735308 2.58823529]
a_x_fitting=[  9.47459087  19.34069376  29.20679665  39.07289954  48.93900243
  58.80510532  68.67120821  78.5373111   88.40341398  98.26951687
 108.13561976 118.00172265 127.86782554 137.73392843 147.60003132
 157.46613421 167.3322371  177.19833999 187.06444288 196.93054577
 206.79664866 216.66275155 226.52885444 236.39495733 246.26106021
 256.1271631  265.99326599 275.85936888 285.72547177 295.59157466
 305.45767755 315.32378044 325.18988333 335.05598622 344.92208911
 354.788192   364.65429489 374.52039778 384.38650067 394.25260355
 404.11870644 413.98480933 423.85091222 433.71701511 443.583118
 453.44922089 463.31532378 473.18142667 483.04752956 492.91363245
 502.77973534 512.64583823 522.51194112 532.37804401 542.2441469
 552.11024978 561.97635267 571.84245556 581.70855845 591.57466134
 601.44076423 611.30686712 621.17297001 631.0390729  640.90517579
 650.77127868 660.63738157 670.50348446 680.36958735 690.23569024
 700.10179313 709.96789601 719.8339989  729.70010179 739.56620468
 749.43230757 759.29841046 769.16451335 779.03061624 788.89671913
 798.76282202 808.62892491 818.4950278  828.36113069 838.22723358
 848.09333647 857.95943935 867.82554224 877.69164513 887.55774802
 897.42385091 907.2899538  917.15605669 927.02215958 936.88826247
 946.75436536 956.62046825 966.48657114 976.35267403 986.21877692]
a_y_fitting=[-6.7251462  -6.05625166 -5.45744236 -4.94310006 -4.52760656 -4.22534363
 -4.05069304 -4.01803659 -4.14175604 -4.43623318 -4.90179412 -5.44532292
 -5.93558467 -6.24123203 -6.23091766 -5.79461909 -5.05646155 -4.28534873
 -3.72690767 -3.43983301 -3.39940782 -3.58052724 -3.93286388 -4.3186005
 -4.58096266 -4.56317592 -4.13834009 -3.4230493  -2.65259684 -2.06307434
 -1.89057339 -2.36821787 -3.43172378 -4.47500264 -5.11677896 -5.39716281
 -5.39046473 -5.17099522 -4.81306479 -4.39098396 -3.9743369  -3.58627625
 -3.22360056 -2.88280592 -2.56038842 -2.253661   -1.98100454 -1.78321812
 -1.7021881  -1.7798008  -2.05794257 -2.57849976 -3.36836201 -4.32560592
 -5.28270256 -6.07160191 -6.52435399 -6.54252796 -6.21865749 -5.67777824
 -5.04492585 -4.44513597 -3.99260048 -3.74083265 -3.72225119 -3.96925366
 -4.51423761 -5.3805748  -6.43493941 -7.41125222 -8.03926712 -8.14572375
 -7.87081756 -7.41795302 -6.98995007 -6.70271408 -6.49385766 -6.27911871
 -5.99272524 -5.66512026 -5.35794336 -5.13285032 -5.05149693 -5.17553895
 -5.53636207 -5.99596944 -6.3574794  -6.4239512  -6.00731601 -5.20022155
 -4.42666358 -4.12972355 -4.5859049  -5.04370891 -4.39405504 -2.76150253
 -1.70006433 -1.81908393 -3.19660039 -5.90643275]
d_x_fitting=[  2.58397933  12.55448542  22.52499152  32.49549761  42.46600371
  52.4365098   62.4070159   72.37752199  82.34802808  92.31853418
 102.28904027 112.25954637 122.23005246 132.20055856 142.17106465
 152.14157075 162.11207684 172.08258294 182.05308903 192.02359512
 201.99410122 211.96460731 221.93511341 231.9056195  241.8761256
 251.84663169 261.81713779 271.78764388 281.75814998 291.72865607
 301.69916216 311.66966826 321.64017435 331.61068045 341.58118654
 351.55169264 361.52219873 371.49270483 381.46321092 391.43371702
 401.40422311 411.3747292  421.3452353  431.31574139 441.28624749
 451.25675358 461.22725968 471.19776577 481.16827187 491.13877796
 501.10928406 511.07979015 521.05029624 531.02080234 540.99130843
 550.96181453 560.93232062 570.90282672 580.87333281 590.84383891
 600.814345   610.78485109 620.75535719 630.72586328 640.69636938
 650.66687547 660.63738157 670.60788766 680.57839376 690.54889985
 700.51940595 710.48991204 720.46041813 730.43092423 740.40143032
 750.37193642 760.34244251 770.31294861 780.2834547  790.2539608
 800.22446689 810.19497299 820.16547908 830.13598517 840.10649127
 850.07699736 860.04750346 870.01800955 879.98851565 889.95902174
 899.92952784 909.90003393 919.87054003 929.84104612 939.81155221
 949.78205831 959.7525644  969.7230705  979.69357659 989.66408269]
d_y_fitting=[1.8128655  1.98179244 2.14313521 2.29698312 2.44342546 2.58255154
 2.71445064 2.83921207 2.95692512 3.0676791  3.1715633  3.26866702
 3.35907956 3.44289021 3.52018828 3.59106306 3.65560385 3.71389996
 3.76604066 3.81211528 3.85221309 3.88642341 3.91483553 3.93753874
 3.95462235 3.96617566 3.97228796 3.97304855 3.96854673 3.95887179
 3.94411304 3.92435977 3.89973014 3.87061293 3.83754504 3.80106488
 3.76171084 3.72002134 3.67653477 3.63178955 3.58632407 3.54067674
 3.49538596 3.45099014 3.40802768 3.36703699 3.32855626 3.29297666
 3.26028708 3.23040821 3.20326073 3.17876534 3.1568427  3.13741351
 3.12039845 3.10571821 3.09329347 3.08304492 3.07489324 3.06875911
 3.06456323 3.06222627 3.06166892 3.06281186 3.06557579 3.06988138
 3.07564932 3.08280029 3.09125498 3.10093408 3.11175827 3.12364823
 3.13652464 3.1503082  3.16491959 3.18027949 3.19630859 3.21292758
 3.23005712 3.24761792 3.26553066 3.28371602 3.30209469 3.32058734
 3.33911468 3.35759737 3.37595611 3.39411158 3.41198446 3.42949545
 3.44656522 3.46311446 3.47906385 3.49433409 3.50884584 3.52251981
 3.53527667 3.54703711 3.55772181 3.56725146]