
p_x=[30.146425495262704, 105.94315245478036, 178.29457364341087, 337.63996554694234, 461.6709732988803, 592.5925925925926, 734.7114556416882, 871.6623600344531, 991.3867355727821]
p_y=[2.11764705882353, 2.11764705882353, 4.23529411764706, 4.470588235294118, 2.235294117647059, 3.88235294117647, 4.588235294117648, 1.882352941176471, 1.882352941176471]
a_x=[8.613264427217917, 218.77691645133507, 360.89577950043065, 484.0654608096469, 602.0671834625323, 799.3109388458226, 935.4005167958657, 994.8320413436692]
a_y=[-5.789473684210527, -4.619883040935672, -3.2163742690058488, -7.543859649122805, -4.853801169590643, -3.6842105263157894, -4.970760233918128, -4.7368421052631575]
d_x=[9.474590869939707, 239.44875107665806, 389.3195521102498, 649.4401378122309, 835.4866494401379, 996.5546942291128]
d_y=[2.397660818713451, 2.1637426900584797, 3.9181286549707606, 1.8128654970760234, 2.8654970760233924, 2.8654970760233924]
p_x_fitting=[ 30.1464255   39.85592358  49.56542166  59.27491974  68.98441782
  78.6939159   88.40341398  98.11291207 107.82241015 117.53190823
 127.24140631 136.95090439 146.66040247 156.36990056 166.07939864
 175.78889672 185.4983948  195.20789288 204.91739096 214.62688905
 224.33638713 234.04588521 243.75538329 253.46488137 263.17437945
 272.88387754 282.59337562 292.3028737  302.01237178 311.72186986
 321.43136794 331.14086602 340.85036411 350.55986219 360.26936027
 369.97885835 379.68835643 389.39785451 399.1073526  408.81685068
 418.52634876 428.23584684 437.94534492 447.654843   457.36434109
 467.07383917 476.78333725 486.49283533 496.20233341 505.91183149
 515.62132957 525.33082766 535.04032574 544.74982382 554.4593219
 564.16881998 573.87831806 583.58781615 593.29731423 603.00681231
 612.71631039 622.42580847 632.13530655 641.84480464 651.55430272
 661.2638008  670.97329888 680.68279696 690.39229504 700.10179313
 709.81129121 719.52078929 729.23028737 738.93978545 748.64928353
 758.35878161 768.0682797  777.77777778 787.48727586 797.19677394
 806.90627202 816.6157701  826.32526819 836.03476627 845.74426435
 855.45376243 865.16326051 874.87275859 884.58225668 894.29175476
 904.00125284 913.71075092 923.420249   933.12974708 942.83924516
 952.54874325 962.25824133 971.96773941 981.67723749 991.38673557]
p_y_fitting=[2.11764706 1.84089303 1.66340733 1.57591721 1.56914994 1.63383279
 1.760693   1.94045784 2.16385457 2.42161044 2.70445273 3.00310869
 3.30830558 3.61077066 3.90123118 4.17041442 4.40973552 4.61676065
 4.79229393 4.93716841 5.05221716 5.13827324 5.19616972 5.22673965
 5.2308161  5.20923213 5.16282079 5.09241516 4.9988483  4.88295326
 4.74556311 4.5875109  4.40965333 4.21429228 4.00598581 3.78948799
 3.56955288 3.35093453 3.13838699 2.93666434 2.75052062 2.58470989
 2.44398621 2.33310365 2.25681624 2.21962984 2.2216111  2.25899587
 2.32789433 2.42441663 2.54467292 2.68477337 2.84082812 3.00894733
 3.18524116 3.36581977 3.54679331 3.72427194 3.89436599 4.05377057
 4.20106426 4.33520415 4.45514732 4.55985086 4.64827183 4.71936734
 4.77209446 4.80541026 4.81827184 4.80963628 4.77846065 4.72370205
 4.64431755 4.53932012 4.40950076 4.25775485 4.08709948 3.90055177
 3.7011288  3.49184769 3.27572554 3.05577944 2.83502651 2.61648384
 2.40316854 2.19809771 2.00428846 1.82475788 1.66252307 1.52060115
 1.40200921 1.30976436 1.24688369 1.21638432 1.22128334 1.26459786
 1.34934497 1.47854179 1.65520541 1.88235294]
a_x_fitting=[  8.61326443  18.57507025  28.53687608  38.49868191  48.46048774
  58.42229356  68.38409939  78.34590522  88.30771105  98.26951687
 108.2313227  118.19312853 128.15493436 138.11674018 148.07854601
 158.04035184 168.00215767 177.96396349 187.92576932 197.88757515
 207.84938098 217.8111868  227.77299263 237.73479846 247.69660429
 257.65841011 267.62021594 277.58202177 287.5438276  297.50563342
 307.46743925 317.42924508 327.39105091 337.35285673 347.31466256
 357.27646839 367.23827422 377.20008004 387.16188587 397.1236917
 407.08549752 417.04730335 427.00910918 436.97091501 446.93272083
 456.89452666 466.85633249 476.81813832 486.77994414 496.74174997
 506.7035558  516.66536163 526.62716745 536.58897328 546.55077911
 556.51258494 566.47439076 576.43619659 586.39800242 596.35980825
 606.32161407 616.2834199  626.24522573 636.20703156 646.16883738
 656.13064321 666.09244904 676.05425487 686.01606069 695.97786652
 705.93967235 715.90147818 725.863284   735.82508983 745.78689566
 755.74870149 765.71050731 775.67231314 785.63411897 795.59592479
 805.55773062 815.51953645 825.48134228 835.4431481  845.40495393
 855.36675976 865.32856559 875.29037141 885.25217724 895.21398307
 905.1757889  915.13759472 925.09940055 935.06120638 945.02301221
 954.98481803 964.94662386 974.90842969 984.87023552 994.83204134]
a_y_fitting=[-5.78947368 -6.26973563 -6.66840828 -6.98993386 -7.23875459 -7.41931269
 -7.53605039 -7.5934099  -7.59583346 -7.54776327 -7.45364158 -7.31791058
 -7.14501252 -6.93938962 -6.70548409 -6.44773815 -6.17059404 -5.87849397
 -5.57588017 -5.26719486 -4.95688025 -4.64937858 -4.34913207 -4.06058294
 -3.78817341 -3.5363457  -3.30954204 -3.11220465 -2.94877576 -2.82369757
 -2.74141233 -2.70636224 -2.72298954 -2.79573644 -2.92904517 -3.12735796
 -3.39433991 -3.72356365 -4.10154976 -4.51467443 -4.94931384 -5.39184418
 -5.82864162 -6.24608237 -6.63054259 -6.96839848 -7.24602622 -7.44980199
 -7.56618464 -7.58972012 -7.52972391 -7.39708453 -7.20269055 -6.9574305
 -6.67219293 -6.35786639 -6.02533942 -5.68550056 -5.34923837 -5.02744138
 -4.73084144 -4.4649506  -4.22896553 -4.02170455 -3.84198601 -3.68862824
 -3.56044958 -3.45626837 -3.37490294 -3.31517164 -3.2758928  -3.25588475
 -3.25396584 -3.26895441 -3.29966878 -3.3449273  -3.40354831 -3.47435014
 -3.55615114 -3.64776963 -3.74799182 -3.85517117 -3.96735092 -4.08256759
 -4.19885768 -4.31425769 -4.42680413 -4.53453349 -4.6354823  -4.72768704
 -4.80918423 -4.87801037 -4.93220196 -4.9697955  -4.98882751 -4.98733448
 -4.96335292 -4.91491934 -4.84007023 -4.73684211]
d_x_fitting=[  9.47459087  19.44509696  29.41560306  39.38610915  49.35661525
  59.32712134  69.29762744  79.26813353  89.23863963  99.20914572
 109.17965182 119.15015791 129.120664   139.0911701  149.06167619
 159.03218229 169.00268838 178.97319448 188.94370057 198.91420667
 208.88471276 218.85521886 228.82572495 238.79623104 248.76673714
 258.73724323 268.70774933 278.67825542 288.64876152 298.61926761
 308.58977371 318.5602798  328.5307859  338.50129199 348.47179808
 358.44230418 368.41281027 378.38331637 388.35382246 398.32432856
 408.29483465 418.26534075 428.23584684 438.20635294 448.17685903
 458.14736512 468.11787122 478.08837731 488.05888341 498.0293895
 507.9998956  517.97040169 527.94090779 537.91141388 547.88191997
 557.85242607 567.82293216 577.79343826 587.76394435 597.73445045
 607.70495654 617.67546264 627.64596873 637.61647483 647.58698092
 657.55748701 667.52799311 677.4984992  687.4690053  697.43951139
 707.41001749 717.38052358 727.35102968 737.32153577 747.29204187
 757.26254796 767.23305405 777.20356015 787.17406624 797.14457234
 807.11507843 817.08558453 827.05609062 837.02659672 846.99710281
 856.96760891 866.938115   876.90862109 886.87912719 896.84963328
 906.82013938 916.79064547 926.76115157 936.73165766 946.70216376
 956.67266985 966.64317595 976.61368204 986.58418813 996.55469423]
d_y_fitting=[2.39766082 2.10931538 1.85672355 1.63838467 1.45279808 1.29846313
 1.17387915 1.07754548 1.00796147 0.96362644 0.94303975 0.94470073
 0.96710872 1.00876307 1.0681631  1.14380817 1.23419761 1.33783076
 1.45320696 1.57882555 1.71318588 1.85478727 2.00212908 2.15371064
 2.30803129 2.46359037 2.61888722 2.77242118 2.92269159 3.06819779
 3.20743912 3.33891493 3.46112454 3.57256731 3.67174256 3.75714965
 3.8272879  3.88065667 3.91575528 3.9314357  3.92843886 3.90813565
 3.87189737 3.8210953  3.75710077 3.68128507 3.5950195  3.49967537
 3.39662398 3.28723663 3.17288463 3.05493927 2.93477186 2.81375371
 2.69325611 2.57465037 2.45930779 2.34859967 2.24389732 2.14657204
 2.05799513 1.97953789 1.91257163 1.85846765 1.81859725 1.79411202
 1.78461153 1.78902681 1.80628627 1.83531833 1.87505142 1.92441394
 1.98233433 2.04774099 2.11956235 2.19672682 2.27816283 2.36279878
 2.44956311 2.53738423 2.62519056 2.71191051 2.79647251 2.87780497
 2.95483631 3.02649496 3.09170933 3.14940783 3.19851889 3.23797093
 3.26669236 3.28361161 3.28765708 3.27775721 3.25284041 3.21183509
 3.15366968 3.0772726  2.98157225 2.86549708]