
p_x=[19.810508182601207, 94.74590869939708, 238.58742463393625, 341.94659776055124, 446.167097329888, 507.32127476313525, 597.7605512489233, 710.594315245478, 812.2308354866494, 869.0783807062877, 936.2618432385874, 981.0508182601206]
p_y=[-2.5882352941176467, -4.23529411764706, -4.7058823529411775, -7.411764705882355, -8.117647058823529, -8.117647058823529, -9.64705882352941, -8.588235294117649, -7.647058823529413, -6.352941176470587, -5.411764705882353, -5.529411764705882]
a_x=[13.781223083548666, 112.8337639965547, 242.89405684754522, 348.8372093023256, 469.4229112833764, 537.4677002583979, 634.7975882859604, 708.8716623600344, 844.0999138673557, 905.254091300603, 953.4883720930233, 986.2187769164514]
a_y=[-7.426900584795323, -2.9824561403508767, -2.7485380116959064, -1.2280701754385959, -0.9941520467836256, 2.1637426900584797, 2.7485380116959064, -3.099415204678362, -2.8654970760233915, -2.8654970760233915, -3.333333333333332, -2.0467836257309955]
d_x=[17.226528854435834, 235.1421188630491, 378.1223083548665, 552.9715762273901, 635.6589147286821, 740.7407407407406, 868.2170542635658, 993.9707149009474]
d_y=[1.9298245614035086, 1.461988304093568, 6.140350877192983, 1.2280701754385976, -2.8654970760233915, -2.8654970760233915, 1.6959064327485383, 2.280701754385966]
p_x_fitting=[ 19.81050818  29.52000626  39.22950435  48.93900243  58.64850051
  68.35799859  78.06749667  87.77699475  97.48649284 107.19599092
 116.905489   126.61498708 136.32448516 146.03398324 155.74348132
 165.45297941 175.16247749 184.87197557 194.58147365 204.29097173
 214.00046981 223.7099679  233.41946598 243.12896406 252.83846214
 262.54796022 272.2574583  281.96695639 291.67645447 301.38595255
 311.09545063 320.80494871 330.51444679 340.22394488 349.93344296
 359.64294104 369.35243912 379.0619372  388.77143528 398.48093336
 408.19043145 417.89992953 427.60942761 437.31892569 447.02842377
 456.73792185 466.44741994 476.15691802 485.8664161  495.57591418
 505.28541226 514.99491034 524.70440843 534.41390651 544.12340459
 553.83290267 563.54240075 573.25189883 582.96139691 592.670895
 602.38039308 612.08989116 621.79938924 631.50888732 641.2183854
 650.92788349 660.63738157 670.34687965 680.05637773 689.76587581
 699.47537389 709.18487198 718.89437006 728.60386814 738.31336622
 748.0228643  757.73236238 767.44186047 777.15135855 786.86085663
 796.57035471 806.27985279 815.98935087 825.69884895 835.40834704
 845.11784512 854.8273432  864.53684128 874.24633936 883.95583744
 893.66533553 903.37483361 913.08433169 922.79382977 932.50332785
 942.21282593 951.92232402 961.6318221  971.34132018 981.05081826]
p_y_fitting=[-2.58823529 -2.9668496  -3.28750101 -3.55479572 -3.77333993 -3.94773985
 -4.08260167 -4.18253159 -4.25213581 -4.29602052 -4.31879193 -4.32505624
 -4.31941964 -4.30648834 -4.29086853 -4.27716641 -4.26998818 -4.27394004
 -4.29362819 -4.33365882 -4.39863814 -4.49317235 -4.62186764 -4.78913083
 -4.9940055  -5.22970107 -5.4891331  -5.76521721 -6.05086897 -6.33900398
 -6.62253783 -6.8943861  -7.1474644  -7.3746883  -7.56983981 -7.7326595
 -7.86539403 -7.97029872 -8.04962892 -8.10563998 -8.14058723 -8.15672602
 -8.15631168 -8.14159956 -8.11484583 -8.07985456 -8.04518397 -8.02030202
 -8.01467666 -8.03777585 -8.09906755 -8.20632605 -8.35441207 -8.5322396
 -8.728691   -8.93264861 -9.1329948  -9.31861192 -9.47838233 -9.60118838
 -9.67623026 -9.70092114 -9.68142229 -9.62431996 -9.53620043 -9.42364998
 -9.29325487 -9.15160137 -9.00527576 -8.8608643  -8.72495326 -8.60412892
 -8.503719   -8.42122862 -8.3511619  -8.28801683 -8.22629139 -8.16048355
 -8.08509129 -7.99461258 -7.88354541 -7.74638774 -7.57778171 -7.37842538
 -7.15715567 -6.9233817  -6.68651257 -6.45595739 -6.24092105 -6.04655287
 -5.87427404 -5.72536715 -5.60111477 -5.5027995  -5.43170391 -5.3891106
 -5.37630214 -5.39456113 -5.44517014 -5.52941176]
a_x_fitting=[ 13.78122308  23.60382464  33.42642619  43.24902775  53.0716293
  62.89423085  72.71683241  82.53943396  92.36203551 102.18463707
 112.00723862 121.82984018 131.65244173 141.47504328 151.29764484
 161.12024639 170.94284795 180.7654495  190.58805105 200.41065261
 210.23325416 220.05585571 229.87845727 239.70105882 249.52366038
 259.34626193 269.16886348 278.99146504 288.81406659 298.63666815
 308.4592697  318.28187125 328.10447281 337.92707436 347.74967592
 357.57227747 367.39487902 377.21748058 387.04008213 396.86268368
 406.68528524 416.50788679 426.33048835 436.1530899  445.97569145
 455.79829301 465.62089456 475.44349612 485.26609767 495.08869922
 504.91130078 514.73390233 524.55650388 534.37910544 544.20170699
 554.02430855 563.8469101  573.66951165 583.49211321 593.31471476
 603.13731632 612.95991787 622.78251942 632.60512098 642.42772253
 652.25032408 662.07292564 671.89552719 681.71812875 691.5407303
 701.36333185 711.18593341 721.00853496 730.83113652 740.65373807
 750.47633962 760.29894118 770.12154273 779.94414429 789.76674584
 799.58934739 809.41194895 819.2345505  829.05715205 838.87975361
 848.70235516 858.52495672 868.34755827 878.17015982 887.99276138
 897.81536293 907.63796449 917.46056604 927.28316759 937.10576915
 946.9283707  956.75097225 966.57357381 976.39617536 986.21877692]
a_y_fitting=[-7.42690058 -6.6149253  -5.90114416 -5.27944866 -4.74373031 -4.28788062
 -3.90579108 -3.5913532  -3.33845848 -3.14099844 -2.99286456 -2.88794836
 -2.82014135 -2.78333501 -2.77142087 -2.77829041 -2.79783515 -2.82394659
 -2.85051624 -2.87143559 -2.88059615 -2.87188943 -2.83920693 -2.77644015
 -2.67820816 -2.54733921 -2.39184196 -2.21980637 -2.0393224  -1.85848002
 -1.68536917 -1.52807983 -1.39470194 -1.29332548 -1.23204039 -1.2166485
 -1.24016336 -1.29115782 -1.35820035 -1.42985938 -1.49470336 -1.54130076
 -1.55822001 -1.53402957 -1.45729789 -1.31659341 -1.10048458 -0.79870954
 -0.41764216  0.02396632  0.50707008  1.01262331  1.52158022  2.01489498
  2.47386609  2.88353201  3.231225    3.50431055  3.69015414  3.77612125
  3.74957739  3.59788802  3.30841864  2.86853474  2.26993483  1.5388398
  0.71797835 -0.14981804 -1.02171789 -1.85488969 -2.60650196 -3.23384941
 -3.71192277 -4.05147097 -4.26755218 -4.37522454 -4.38954622 -4.32557538
 -4.19837016 -4.02298875 -3.81448928 -3.58792991 -3.35836882 -3.14086415
 -2.95047407 -2.80197488 -2.70259298 -2.65135916 -2.64689302 -2.68781414
 -2.7727421  -2.90021373 -3.05798444 -3.21244555 -3.32747335 -3.36694416
 -3.29473428 -3.07472002 -2.6707777  -2.04678363]
d_x_fitting=[ 17.22652885  27.09263174  36.95873463  46.82483752  56.69094041
  66.5570433   76.42314619  86.28924908  96.15535197 106.02145486
 115.88755775 125.75366064 135.61976353 145.48586642 155.35196931
 165.21807219 175.08417508 184.95027797 194.81638086 204.68248375
 214.54858664 224.41468953 234.28079242 244.14689531 254.0129982
 263.87910109 273.74520398 283.61130687 293.47740976 303.34351265
 313.20961554 323.07571842 332.94182131 342.8079242  352.67402709
 362.54012998 372.40623287 382.27233576 392.13843865 402.00454154
 411.87064443 421.73674732 431.60285021 441.4689531  451.33505599
 461.20115888 471.06726176 480.93336465 490.79946754 500.66557043
 510.53167332 520.39777621 530.2638791  540.12998199 549.99608488
 559.86218777 569.72829066 579.59439355 589.46049644 599.32659933
 609.19270222 619.05880511 628.92490799 638.79101088 648.65711377
 658.52321666 668.38931955 678.25542244 688.12152533 697.98762822
 707.85373111 717.719834   727.58593689 737.45203978 747.31814267
 757.18424556 767.05034845 776.91645134 786.78255422 796.64865711
 806.51476    816.38086289 826.24696578 836.11306867 845.97917156
 855.84527445 865.71137734 875.57748023 885.44358312 895.30968601
 905.1757889  915.04189179 924.90799468 934.77409756 944.64020045
 954.50630334 964.37240623 974.23850912 984.10461201 993.9707149 ]
d_y_fitting=[ 1.92982456  1.18410812  0.53528687 -0.02084743 -0.48850304 -0.87188823
 -1.17521125 -1.40268037 -1.55850384 -1.64688992 -1.67204686 -1.63818294
 -1.54950641 -1.41022553 -1.22454855 -0.99668374 -0.73083935 -0.43122365
 -0.10204489  0.25248867  0.62816876  1.02078713  1.42613553  1.84000568
  2.25818933  2.67647823  3.09066411  3.49653871  3.88989378  4.26652106
  4.62221228  4.95275919  5.25395352  5.52158703  5.75145145  5.93933851
  6.08103997  6.17242432  6.21201029  6.20157766  6.1431068   6.03857809
  5.88997189  5.69926857  5.46844852  5.1994921   4.89437969  4.55509165
  4.18360836  3.7819102   3.35197752  2.89579071  2.41533014  1.91257617
  1.38950919  0.84859797  0.29738155 -0.25359703 -0.79375539 -1.31251117
 -1.799282   -2.24348549 -2.63453929 -2.96193518 -3.22016893 -3.41182911
 -3.54024138 -3.60873136 -3.62062471 -3.57924705 -3.48792404 -3.3499813
 -3.16874449 -2.94753923 -2.68975527 -2.39952732 -2.08147079 -1.74020906
 -1.38036555 -1.00656365 -0.62342675 -0.23557826  0.15235842  0.5357599
  0.91000277  1.27046363  1.6125191   1.93154576  2.22292022  2.48201907
  2.70421893  2.88489639  3.01942804  3.10319051  3.13156037  3.09991424
  3.00362871  2.83808038  2.59864587  2.28070175]