
p_x=[18.08785529715762, 64.59948320413436, 133.50559862187768, 219.63824289405684, 295.4349698535745, 447.0284237726098, 533.161068044789, 589.1472868217055, 683.8931955211025, 761.4125753660637, 817.3987941429803, 977.6055124892334]
p_y=[-1.5294117647058805, -6.117647058823529, -6.8235294117647065, -4.0, -1.5294117647058805, 2.235294117647059, -2.8235294117647065, -3.1764705882352935, -1.2941176470588225, 2.5882352941176467, 3.2941176470588243, 3.764705882352941]
a_x=[10.335917312661499, 61.1541774332472, 137.81223083548667, 211.02497846683892, 287.6830318690784, 389.3195521102498, 442.72179155900085, 516.7958656330749, 587.4246339362619, 714.0396210163652, 792.4203273040482, 923.3419465977606, 989.6640826873385]
a_y=[-6.491228070175438, -3.450292397660819, -4.853801169590643, -4.853801169590643, -1.578947368421053, -0.7602339181286553, -1.2280701754385959, -5.6725146198830405, -2.163742690058479, -1.2280701754385959, -4.035087719298245, -1.578947368421053, -2.0467836257309955]
d_x=[14.642549526270457, 126.61498708010335, 210.16365202411714, 276.48578811369504, 355.72782084409994, 453.91903531438413, 491.817398794143, 543.4969853574505, 603.7898363479759, 727.8208440999139, 830.318690783807, 940.5684754521964, 993.1093884582257]
d_y=[-3.2163742690058488, -4.619883040935672, -4.502923976608187, -2.9824561403508767, 3.0994152046783627, 3.9181286549707606, 0.29239766081871466, 2.397660818713451, 3.6842105263157894, 5.2046783625731, 2.514619883040936, 4.502923976608187, 4.970760233918129]
p_x_fitting=[ 18.0878553   27.77995284  37.47205039  47.16414794  56.85624549
  66.54834303  76.24044058  85.93253813  95.62463568 105.31673322
 115.00883077 124.70092832 134.39302587 144.08512341 153.77722096
 163.46931851 173.16141606 182.8535136  192.54561115 202.2377087
 211.92980625 221.62190379 231.31400134 241.00609889 250.69819643
 260.39029398 270.08239153 279.77448908 289.46658662 299.15868417
 308.85078172 318.54287927 328.23497681 337.92707436 347.61917191
 357.31126946 367.003367   376.69546455 386.3875621  396.07965965
 405.77175719 415.46385474 425.15595229 434.84804984 444.54014738
 454.23224493 463.92434248 473.61644002 483.30853757 493.00063512
 502.69273267 512.38483021 522.07692776 531.76902531 541.46112286
 551.1532204  560.84531795 570.5374155  580.22951305 589.92161059
 599.61370814 609.30580569 618.99790324 628.69000078 638.38209833
 648.07419588 657.76629343 667.45839097 677.15048852 686.84258607
 696.53468361 706.22678116 715.91887871 725.61097626 735.3030738
 744.99517135 754.6872689  764.37936645 774.07146399 783.76356154
 793.45565909 803.14775664 812.83985418 822.53195173 832.22404928
 841.91614683 851.60824437 861.30034192 870.99243947 880.68453702
 890.37663456 900.06873211 909.76082966 919.4529272  929.14502475
 938.8371223  948.52921985 958.22131739 967.91341494 977.60551249]
p_y_fitting=[-1.52941176 -2.86102285 -3.98113584 -4.90454538 -5.6460461  -6.22043263
 -6.6424996  -6.92704165 -7.0888534  -7.14272949 -7.10346455 -6.98585322
 -6.80468928 -6.57334857 -6.30088809 -5.99554557 -5.66555875 -5.31916535
 -4.9646031  -4.61010973 -4.26392298 -3.9342572  -3.62465598 -3.3283771
 -3.03730736 -2.74333353 -2.43834241 -2.11422079 -1.76285544 -1.37631786
 -0.95457769 -0.50830081 -0.04891351  0.4121579   0.86348709  1.29364776
  1.6912136   2.04475829  2.34285553  2.574079    2.72700238  2.79019938
  2.75224367  2.60170894  2.32716889  1.92016839  1.39870187  0.79463629
  0.13996105 -0.53333445 -1.1932608  -1.80782861 -2.34504847 -2.77293098
 -3.06548217 -3.23379619 -3.30313261 -3.29877924 -3.24602394 -3.17015178
 -3.08964606 -3.0015496  -2.89869116 -2.77389951 -2.62000341 -2.4298316
 -2.19621286 -1.91197594 -1.56994961 -1.16309082 -0.69393847 -0.18108593
  0.35534165  0.8952191   1.41842126  1.90482297  2.33429906  2.68686276
  2.95272442  3.13909717  3.25480623  3.30867681  3.30953411  3.26620334
  3.18750972  3.08227846  2.95933477  2.82750385  2.69561091  2.57248118
  2.46693985  2.38781213  2.34392325  2.3440984   2.3971628   2.51194166
  2.69726019  2.96194359  3.31481709  3.76470588]
a_x_fitting=[ 10.33591731  20.228121    30.12032469  40.01252838  49.90473208
  59.79693577  69.68913946  79.58134315  89.47354684  99.36575053
 109.25795422 119.15015791 129.0423616  138.93456529 148.82676898
 158.71897267 168.61117636 178.50338005 188.39558374 198.28778744
 208.17999113 218.07219482 227.96439851 237.8566022  247.74880589
 257.64100958 267.53321327 277.42541696 287.31762065 297.20982434
 307.10202803 316.99423172 326.88643541 336.7786391  346.67084279
 356.56304649 366.45525018 376.34745387 386.23965756 396.13186125
 406.02406494 415.91626863 425.80847232 435.70067601 445.5928797
 455.48508339 465.37728708 475.26949077 485.16169446 495.05389815
 504.94610185 514.83830554 524.73050923 534.62271292 544.51491661
 554.4071203  564.29932399 574.19152768 584.08373137 593.97593506
 603.86813875 613.76034244 623.65254613 633.54474982 643.43695351
 653.32915721 663.2213609  673.11356459 683.00576828 692.89797197
 702.79017566 712.68237935 722.57458304 732.46678673 742.35899042
 752.25119411 762.1433978  772.03560149 781.92780518 791.82000887
 801.71221256 811.60441626 821.49661995 831.38882364 841.28102733
 851.17323102 861.06543471 870.9576384  880.84984209 890.74204578
 900.63424947 910.52645316 920.41865685 930.31086054 940.20306423
 950.09526792 959.98747162 969.87967531 979.771879   989.66408269]
a_y_fitting=[-6.49122807 -5.44963849 -4.65111946 -4.07109157 -3.68497541 -3.4681916
 -3.39616072 -3.44430337 -3.58804016 -3.80279168 -4.06397853 -4.34702131
 -4.62734062 -4.88036156 -5.08575446 -5.23531787 -5.32300227 -5.3427581
 -5.28853583 -5.15428592 -4.93395884 -4.62327379 -4.23543957 -3.79364272
 -3.32118614 -2.84137276 -2.37750548 -1.9528872  -1.59082084 -1.30940282
 -1.10346098 -0.96132538 -0.87132577 -0.82179192 -0.80105359 -0.79744054
 -0.79928254 -0.79490933 -0.77265069 -0.72394943 -0.67369536 -0.66712238
 -0.7497521  -0.96710613 -1.36424083 -1.94720174 -2.65414064 -3.4164055
 -4.16534428 -4.83230493 -5.34863542 -5.6456837  -5.66554928 -5.42925588
 -4.99299254 -4.41310973 -3.74595791 -3.04788757 -2.37524917 -1.7814737
 -1.28550574 -0.88377783 -0.57233534 -0.34722365 -0.20448813 -0.14017415
 -0.15032708 -0.2309923  -0.37821517 -0.58804106 -0.85651535 -1.17968341
 -1.55196047 -1.95787666 -2.37825572 -2.79391484 -3.1856712  -3.53434198
 -3.82074438 -4.02569559 -4.13425398 -4.15183826 -4.08996937 -3.96016942
 -3.77396052 -3.54286478 -3.27840429 -2.99210116 -2.69547749 -2.40005539
 -2.11735697 -1.85890432 -1.63621955 -1.46082477 -1.34424208 -1.29799359
 -1.33360139 -1.46258759 -1.6964743  -2.04678363]
d_x_fitting=[ 14.64254953  24.52605295  34.40955637  44.2930598   54.17656322
  64.06006664  73.94357007  83.82707349  93.71057691 103.59408034
 113.47758376 123.36108719 133.24459061 143.12809403 153.01159746
 162.89510088 172.7786043  182.66210773 192.54561115 202.42911457
 212.312618   222.19612142 232.07962484 241.96312827 251.84663169
 261.73013512 271.61363854 281.49714196 291.38064539 301.26414881
 311.14765223 321.03115566 330.91465908 340.7981625  350.68166593
 360.56516935 370.44867277 380.3321762  390.21567962 400.09918304
 409.98268647 419.86618989 429.74969332 439.63319674 449.51670016
 459.40020359 469.28370701 479.16721043 489.05071386 498.93421728
 508.8177207  518.70122413 528.58472755 538.46823097 548.3517344
 558.23523782 568.11874125 578.00224467 587.88574809 597.76925152
 607.65275494 617.53625836 627.41976179 637.30326521 647.18676863
 657.07027206 666.95377548 676.8372789  686.72078233 696.60428575
 706.48778918 716.3712926  726.25479602 736.13829945 746.02180287
 755.90530629 765.78880972 775.67231314 785.55581656 795.43931999
 805.32282341 815.20632683 825.08983026 834.97333368 844.8568371
 854.74034053 864.62384395 874.50734738 884.3908508  894.27435422
 904.15785765 914.04136107 923.92486449 933.80836792 943.69187134
 953.57537476 963.45887819 973.34238161 983.22588503 993.10938846]
d_y_fitting=[-3.21637427 -3.42198473 -3.61082665 -3.78320365 -3.93941936 -4.07977742
 -4.20458146 -4.31413511 -4.408742   -4.48870575 -4.55433001 -4.6059184
 -4.64377456 -4.66820211 -4.67950469 -4.67798592 -4.66394944 -4.63769889
 -4.59953788 -4.54977005 -4.48866993 -4.41151882 -4.3029868  -4.14638682
 -3.9250318  -3.62223468 -3.22130839 -2.70643309 -2.08109057 -1.3677129
 -0.5895291   0.23023183  1.06834087  1.901569    2.70668722  3.46049547
  4.14049421  4.72490392  5.19197798  5.51996979  5.68713271  5.67172014
  5.45198544  5.006182    4.3125632   3.35622808  2.24568066  1.19644041
  0.42757366  0.13555443  0.29928024  0.77607777  1.42194638  2.09288544
  2.64850553  3.0350123   3.28721802  3.44394862  3.54403001  3.6262881
  3.72906187  3.87069505  4.04292304  4.23563776  4.43873112  4.64209501
  4.83562134  5.00920203  5.15272898  5.25609409  5.30918928  5.30190645
  5.2241375   5.06841923  4.84442406  4.56865305  4.25762488  3.92785825
  3.59587185  3.27818438  2.99131453  2.751781    2.57610249  2.48032092
  2.46785856  2.52852427  2.65145102  2.8257718   3.04061958  3.28512735
  3.54842809  3.81965478  4.0879404   4.34241793  4.57222036  4.76648066
  4.91433181  5.00490681  5.02733862  4.97076023]