
p_x=[48.23428079242033, 102.4978466838932, 172.26528854435833, 242.03273040482344, 322.13608957795003, 394.4875107665805, 496.9853574504737, 581.3953488372093, 618.4323858742463, 652.0241171403962, 757.1059431524549, 822.566752799311, 891.4728682170543, 978.4668389319552]
p_y=[-2.3529411764705888, -3.647058823529413, -3.882352941176471, -2.117647058823529, -4.470588235294118, -4.588235294117647, -4.352941176470589, -2.4705882352941178, -3.529411764705884, -4.9411764705882355, -2.3529411764705888, -4.23529411764706, -2.5882352941176467, -5.529411764705882]
a_x=[22.39448751076658, 57.70887166236004, 100.7751937984496, 128.33763996554694, 157.62273901808786, 208.44099913867356, 269.5951765719208, 340.22394487510763, 380.70628768303186, 422.04995693367783, 488.3720930232558, 546.9422911283376, 624.4616709732989, 724.3755383290267, 843.238587424634, 936.2618432385874, 967.269595176572]
a_y=[-6.374269005847953, -4.035087719298245, -4.035087719298245, -7.076023391812864, -7.192982456140349, -4.502923976608187, -6.374269005847953, -3.5672514619883025, -2.9824561403508767, -6.140350877192983, -6.023391812865498, -4.619883040935672, -8.47953216374269, -5.087719298245615, -5.789473684210527, -5.087719298245615, -7.426900584795323]
d_x=[71.4900947459087, 169.68130921619291, 254.9526270456503, 365.2024117140396, 490.0947459086994, 553.8329026701119, 631.3522825150733, 665.8053402239449, 752.7993109388458, 846.683893195521, 908.69939707149, 962.9629629629629]
d_y=[1.3450292397660828, 1.578947368421053, 3.6842105263157894, 2.280701754385966, 3.0994152046783627, 4.152046783625732, 2.280701754385966, 0.9941520467836256, 2.1637426900584797, 2.280701754385966, 2.1637426900584797, 1.1111111111111107]
p_x_fitting=[ 48.23428079  57.63056926  67.02685772  76.42314619  85.81943466
  95.21572312 104.61201159 114.00830005 123.40458852 132.80087699
 142.19716545 151.59345392 160.98974239 170.38603085 179.78231932
 189.17860778 198.57489625 207.97118472 217.36747318 226.76376165
 236.16005011 245.55633858 254.95262705 264.34891551 273.74520398
 283.14149244 292.53778091 301.93406938 311.33035784 320.72664631
 330.12293477 339.51922324 348.91551171 358.31180017 367.70808864
 377.1043771  386.50066557 395.89695404 405.2932425  414.68953097
 424.08581943 433.4821079  442.87839637 452.27468483 461.6709733
 471.06726176 480.46355023 489.8598387  499.25612716 508.65241563
 518.0487041  527.44499256 536.84128103 546.23756949 555.63385796
 565.03014643 574.42643489 583.82272336 593.21901182 602.61530029
 612.01158876 621.40787722 630.80416569 640.20045415 649.59674262
 658.99303109 668.38931955 677.78560802 687.18189648 696.57818495
 705.97447342 715.37076188 724.76705035 734.16333881 743.55962728
 752.95591575 762.35220421 771.74849268 781.14478114 790.54106961
 799.93735808 809.33364654 818.72993501 828.12622348 837.52251194
 846.91880041 856.31508887 865.71137734 875.10766581 884.50395427
 893.90024274 903.2965312  912.69281967 922.08910814 931.4853966
 940.88168507 950.27797353 959.674262   969.07055047 978.46683893]
p_y_fitting=[-2.35294118 -2.56997737 -2.79990228 -3.03482103 -3.26683872 -3.48806048
 -3.69059141 -3.86653664 -4.00800128 -4.10709044 -4.15590923 -4.14656279
 -4.07115621 -3.92179461 -3.6938345  -3.40666211 -3.09043392 -2.77535716
 -2.4916391  -2.269487   -2.13910811 -2.1302032  -2.24953102 -2.47201659
 -2.7702401  -3.11678173 -3.48422167 -3.84514009 -4.17211719 -4.43773313
 -4.61903969 -4.72130433 -4.76077002 -4.75370435 -4.71637488 -4.66504917
 -4.61599481 -4.58546517 -4.58338151 -4.60338653 -4.63654313 -4.67391421
 -4.70656269 -4.72555147 -4.72194344 -4.68680152 -4.61118861 -4.48616761
 -4.30287185 -4.0617054  -3.78149497 -3.48324341 -3.18795354 -2.91662819
 -2.69027018 -2.52988235 -2.45646752 -2.49092623 -2.64274488 -2.89974282
 -3.24731846 -3.67055103 -4.1328512  -4.56251081 -4.88461418 -5.03163396
 -5.00216803 -4.82964866 -4.54782034 -4.19042758 -3.79121488 -3.38392674
 -3.00230765 -2.68010212 -2.45105464 -2.34890972 -2.40504115 -2.60876164
 -2.91326563 -3.27057405 -3.63270782 -3.95168788 -4.17953516 -4.27089678
 -4.2210422  -4.05720483 -3.8074813  -3.49996828 -3.16276241 -2.82396034
 -2.51165872 -2.2539542  -2.07894343 -2.01472307 -2.08938976 -2.33104016
 -2.7677709  -3.42767865 -4.33886006 -5.52941176]
a_x_fitting=[ 22.39448751  31.93868052  41.48287352  51.02706653  60.57125954
  70.11545254  79.65964555  89.20383856  98.74803156 108.29222457
 117.83641758 127.38061058 136.92480359 146.4689966  156.0131896
 165.55738261 175.10157562 184.64576863 194.18996163 203.73415464
 213.27834765 222.82254065 232.36673366 241.91092667 251.45511967
 260.99931268 270.54350569 280.08769869 289.6318917  299.17608471
 308.72027771 318.26447072 327.80866373 337.35285673 346.89704974
 356.44124275 365.98543575 375.52962876 385.07382177 394.61801477
 404.16220778 413.70640079 423.25059379 432.7947868  442.33897981
 451.88317281 461.42736582 470.97155883 480.51575183 490.05994484
 499.60413785 509.14833085 518.69252386 528.23671687 537.78090987
 547.32510288 556.86929589 566.41348889 575.9576819  585.50187491
 595.04606791 604.59026092 614.13445393 623.67864693 633.22283994
 642.76703295 652.31122595 661.85541896 671.39961197 680.94380497
 690.48799798 700.03219099 709.57638399 719.120577   728.66477001
 738.20896302 747.75315602 757.29734903 766.84154204 776.38573504
 785.92992805 795.47412106 805.01831406 814.56250707 824.10670008
 833.65089308 843.19508609 852.7392791  862.2834721  871.82766511
 881.37185812 890.91605112 900.46024413 910.00443714 919.54863014
 929.09282315 938.63701616 948.18120916 957.72540217 967.26959518]
a_y_fitting=[-6.37426901 -5.79960065 -5.13598529 -4.46518739 -3.86897142 -3.42910183
 -3.22734307 -3.34545962 -3.86521592 -4.83111356 -6.00102532 -6.99982508
 -7.51305214 -7.5586016  -7.26631108 -6.76260095 -6.15046371 -5.52328083
 -4.97440454 -4.59718707 -4.48109584 -4.62905179 -4.95895931 -5.38514396
 -5.82193133 -6.183647   -6.38463743 -6.36747566 -6.15876288 -5.80066607
 -5.3353522  -4.80498824 -4.25174119 -3.71777802 -3.24656399 -2.89500589
 -2.72795785 -2.81037743 -3.20395186 -3.87776264 -4.69745176 -5.52321587
 -6.21530873 -6.67470176 -6.91459983 -6.96737984 -6.86541873 -6.64109338
 -6.32678072 -5.9548647  -5.55978018 -5.18084627 -4.85809353 -4.63155255
 -4.5412539  -4.62722716 -4.91218233 -5.35739208 -5.91051257 -6.51919999
 -7.1311105  -7.69390028 -8.1552255  -8.46274233 -8.57495913 -8.5059598
 -8.28757108 -7.95162744 -7.52996339 -7.0544134  -6.55681196 -6.06899357
 -5.6227927  -5.25004384 -4.98183903 -4.82733296 -4.77064552 -4.79453124
 -4.88174467 -5.01504035 -5.1771728  -5.35089657 -5.5189662  -5.66413622
 -5.76916117 -5.81679558 -5.789794   -5.67838372 -5.50309456 -5.29213629
 -5.07371868 -4.87605148 -4.72734447 -4.6558074  -4.68965003 -4.85708215
 -5.18631349 -5.70555384 -6.44301295 -7.42690058]
d_x_fitting=[ 71.49009475  80.49487119  89.49964764  98.50442409 107.50920053
 116.51397698 125.51875343 134.52352987 143.52830632 152.53308277
 161.53785921 170.54263566 179.54741211 188.55218855 197.556965
 206.56174145 215.56651789 224.57129434 233.57607079 242.58084723
 251.58562368 260.59040013 269.59517657 278.59995302 287.60472947
 296.60950591 305.61428236 314.61905881 323.62383525 332.6286117
 341.63338815 350.63816459 359.64294104 368.64771748 377.65249393
 386.65727038 395.66204682 404.66682327 413.67159972 422.67637616
 431.68115261 440.68592906 449.6907055  458.69548195 467.7002584
 476.70503484 485.70981129 494.71458774 503.71936418 512.72414063
 521.72891708 530.73369352 539.73846997 548.74324642 557.74802286
 566.75279931 575.75757576 584.7623522  593.76712865 602.7719051
 611.77668154 620.78145799 629.78623444 638.79101088 647.79578733
 656.80056378 665.80534022 674.81011667 683.81489312 692.81966956
 701.82444601 710.82922246 719.8339989  728.83877535 737.8435518
 746.84832824 755.85310469 764.85788114 773.86265758 782.86743403
 791.87221048 800.87698692 809.88176337 818.88653982 827.89131626
 836.89609271 845.90086916 854.9056456  863.91042205 872.9151985
 881.91997494 890.92475139 899.92952784 908.93430428 917.93908073
 926.94385718 935.94863362 944.95341007 953.95818652 962.96296296]
d_y_fitting=[1.34502924 1.01749106 0.78375176 0.63595221 0.5662333  0.56673589
 0.62960084 0.74696905 0.91098137 1.11377869 1.34750186 1.60429178
 1.8762893  2.1556353  2.43447065 2.70493623 2.95917291 3.18932156
 3.38752306 3.54591826 3.65664806 3.71246995 3.71447821 3.66975801
 3.58552589 3.4689984  3.32739206 3.16792342 2.99780901 2.82426536
 2.65450902 2.49575652 2.3552244  2.24005125 2.15400938 2.0962931
 2.06576922 2.06130456 2.08176592 2.12602013 2.19293399 2.28137432
 2.39020793 2.51830164 2.66452225 2.82773659 3.00681146 3.2003828
 3.40208805 3.60073336 3.78492748 3.94327914 4.06439709 4.13689005
 4.14958939 4.09843592 3.9878002  3.82254189 3.60752063 3.34759605
 3.04762782 2.71247556 2.34699893 1.95922915 1.57876918 1.24420497
 0.99415205 0.85780323 0.82666039 0.88280269 1.00830928 1.1852593
 1.39573192 1.62180627 1.84556152 2.04907682 2.21458857 2.33338641
 2.41057703 2.45243086 2.46521834 2.4552099  2.42867597 2.39188698
 2.35111336 2.31262556 2.28269399 2.26602871 2.25922859 2.25626523
 2.25110891 2.23772988 2.2100984  2.16218472 2.08795911 1.98139182
 1.83645312 1.64711326 1.40734251 1.11111111]