
p_x=[15.503875968992247, 84.40999138673558, 183.4625322997416, 317.82945736434107, 402.2394487510766, 474.59086993970715, 553.8329026701119, 648.578811369509, 788.975021533161, 844.9612403100774, 990.5254091300602]
p_y=[-1.5294117647058805, -4.470588235294118, 3.647058823529412, 5.647058823529411, 6.588235294117647, 3.0588235294117645, 2.5882352941176467, 5.294117647058823, 6.588235294117647, 7.0588235294117645, 6.9411764705882355]
a_x=[11.19724375538329, 112.8337639965547, 249.78466838931956, 355.72782084409994, 427.2179155900086, 549.5262704565031, 665.8053402239449, 789.8363479758829, 892.334194659776, 981.9121447028424]
a_y=[-6.257309941520468, -4.7368421052631575, -3.450292397660819, -2.0467836257309955, -4.7368421052631575, -6.140350877192983, -5.087719298245615, -2.514619883040936, -4.7368421052631575, -6.023391812865498]
d_x=[5.167958656330749, 146.42549526270457, 264.42721791559, 367.786391042205, 567.6141257536607, 737.2954349698537, 973.2988802756245]
d_y=[1.578947368421053, 1.461988304093568, 3.333333333333334, 4.853801169590644, 3.333333333333334, 3.6842105263157894, 2.514619883040936]
p_x_fitting=[ 15.50387597  25.35257832  35.20128068  45.04998303  54.89868539
  64.74738774  74.5960901   84.44479246  94.29349481 104.14219717
 113.99089952 123.83960188 133.68830423 143.53700659 153.38570894
 163.2344113  173.08311365 182.93181601 192.78051836 202.62922072
 212.47792307 222.32662543 232.17532778 242.02403014 251.87273249
 261.72143485 271.5701372  281.41883956 291.26754191 301.11624427
 310.96494662 320.81364898 330.66235133 340.51105369 350.35975604
 360.2084584  370.05716075 379.90586311 389.75456547 399.60326782
 409.45197018 419.30067253 429.14937489 438.99807724 448.8467796
 458.69548195 468.54418431 478.39288666 488.24158902 498.09029137
 507.93899373 517.78769608 527.63639844 537.48510079 547.33380315
 557.1825055  567.03120786 576.87991021 586.72861257 596.57731492
 606.42601728 616.27471963 626.12342199 635.97212434 645.8208267
 655.66952905 665.51823141 675.36693376 685.21563612 695.06433848
 704.91304083 714.76174319 724.61044554 734.4591479  744.30785025
 754.15655261 764.00525496 773.85395732 783.70265967 793.55136203
 803.40006438 813.24876674 823.09746909 832.94617145 842.7948738
 852.64357616 862.49227851 872.34098087 882.18968322 892.03838558
 901.88708793 911.73579029 921.58449264 931.433195   941.28189735
 951.13059971 960.97930206 970.82800442 980.67670677 990.52540913]
p_y_fitting=[-1.52941176 -2.88649676 -3.8787322  -4.53759872 -4.89457697 -4.98114759
 -4.82879122 -4.46898851 -3.93322011 -3.25296664 -2.45970876 -1.58492711
 -0.66010234  0.28328493  1.21375403  2.09982433  2.91001519  3.61284596
  4.18343678  4.62795207  4.96167461  5.19988838  5.35787736  5.45092555
  5.49431694  5.5033355   5.49326524  5.47939013  5.47699416  5.50136133
  5.56777561  5.69132981  5.8726773   6.08819304  6.3119249   6.51792072
  6.68022838  6.77289572  6.7699706   6.64550088  6.3775705   5.98154232
  5.49292494  4.94742406  4.38074536  3.82859451  3.32667722  2.91027948
  2.59694159  2.38028812  2.25225542  2.20477982  2.22979764  2.31924523
  2.46505892  2.65917396  2.89346439  3.159711    3.44968675  3.75516464
  4.06791762  4.37971867  4.68234077  4.96755688  5.22713999  5.45358473
  5.6463383   5.80873376  5.94414663  6.05595244  6.14752672  6.22224499
  6.28348276  6.33461558  6.37901896  6.42006842  6.4611395   6.50560771
  6.55684859  6.61814126  6.69013168  6.77057826  6.85709202  6.94728397
  7.03876513  7.1291465   7.2160391   7.29705395  7.36980206  7.43189445
  7.48094212  7.5145561   7.53034739  7.52592701  7.49890598  7.4468953
  7.367506    7.25834909  7.11703557  6.94117647]
a_x_fitting=[ 11.19724376  21.00244478  30.80764579  40.61284681  50.41804783
  60.22324885  70.02844987  79.83365089  89.63885191  99.44405293
 109.24925395 119.05445497 128.85965599 138.66485701 148.47005803
 158.27525905 168.08046007 177.88566109 187.69086211 197.49606313
 207.30126415 217.10646517 226.91166619 236.71686721 246.52206823
 256.32726925 266.13247027 275.93767129 285.74287231 295.54807333
 305.35327435 315.15847537 324.96367638 334.7688774  344.57407842
 354.37927944 364.18448046 373.98968148 383.7948825  393.60008352
 403.40528454 413.21048556 423.01568658 432.8208876  442.62608862
 452.43128964 462.23649066 472.04169168 481.8468927  491.65209372
 501.45729474 511.26249576 521.06769678 530.8728978  540.67809882
 550.48329984 560.28850086 570.09370188 579.8989029  589.70410392
 599.50930494 609.31450596 619.11970698 628.92490799 638.73010901
 648.53531003 658.34051105 668.14571207 677.95091309 687.75611411
 697.56131513 707.36651615 717.17171717 726.97691819 736.78211921
 746.58732023 756.39252125 766.19772227 776.00292329 785.80812431
 795.61332533 805.41852635 815.22372737 825.02892839 834.83412941
 844.63933043 854.44453145 864.24973247 874.05493349 883.86013451
 893.66533553 903.47053655 913.27573757 923.08093858 932.8861396
 942.69134062 952.49654164 962.30174266 972.10694368 981.9121447 ]
a_y_fitting=[-6.25730994 -5.99360379 -5.76223888 -5.56057889 -5.38598748 -5.23582832
 -5.10746507 -4.99826141 -4.90558099 -4.82678749 -4.75924458 -4.70031592
 -4.64736517 -4.59775602 -4.54885211 -4.49801713 -4.44261473 -4.38000859
 -4.30756237 -4.22263974 -4.12260437 -4.00481992 -3.86665006 -3.70545846
 -3.51860878 -3.30420043 -3.0688673  -2.82474076 -2.58404338 -2.35899776
 -2.16182647 -2.00475211 -1.89999725 -1.85978449 -1.89633642 -2.02187561
 -2.24497313 -2.55203459 -2.92114683 -3.33038192 -3.75781189 -4.18150882
 -4.57954473 -4.93080846 -5.22790796 -5.47483488 -5.67592543 -5.83551583
 -5.95794232 -6.0475411  -6.1086484  -6.14560045 -6.16273345 -6.16438364
 -6.15488723 -6.13857941 -6.11834007 -6.09269436 -6.05935641 -6.01604035
 -5.9604603  -5.8903304  -5.80336478 -5.69727755 -5.56978286 -5.41859484
 -5.2414276  -5.03601742 -4.80310526 -4.54945231 -4.28253789 -4.00984131
 -3.73884192 -3.47701904 -3.231852   -3.01082011 -2.82140272 -2.67107914
 -2.56732871 -2.51763075 -2.5289648  -2.60050194 -2.72522872 -2.89596227
 -3.10551972 -3.34671818 -3.61237477 -3.89530663 -4.18833087 -4.48426461
 -4.77592498 -5.0561291  -5.3176941  -5.55343709 -5.7561752  -5.91872555
 -6.03390526 -6.09453146 -6.09342127 -6.02339181]
d_x_fitting=[  5.16795866  14.94705887  24.72615909  34.50525931  44.28435953
  54.06345975  63.84255997  73.62166018  83.4007604   93.17986062
 102.95896084 112.73806106 122.51716128 132.2962615  142.07536171
 151.85446193 161.63356215 171.41266237 181.19176259 190.97086281
 200.74996302 210.52906324 220.30816346 230.08726368 239.8663639
 249.64546412 259.42456433 269.20366455 278.98276477 288.76186499
 298.54096521 308.32006543 318.09916564 327.87826586 337.65736608
 347.4364663  357.21556652 366.99466674 376.77376695 386.55286717
 396.33196739 406.11106761 415.89016783 425.66926805 435.44836826
 445.22746848 455.0065687  464.78566892 474.56476914 484.34386936
 494.12296958 503.90206979 513.68117001 523.46027023 533.23937045
 543.01847067 552.79757089 562.5766711  572.35577132 582.13487154
 591.91397176 601.69307198 611.4721722  621.25127241 631.03037263
 640.80947285 650.58857307 660.36767329 670.14677351 679.92587372
 689.70497394 699.48407416 709.26317438 719.0422746  728.82137482
 738.60047503 748.37957525 758.15867547 767.93777569 777.71687591
 787.49597613 797.27507634 807.05417656 816.83327678 826.612377
 836.39147722 846.17057744 855.94967766 865.72877787 875.50787809
 885.28697831 895.06607853 904.84517875 914.62427897 924.40337918
 934.1824794  943.96157962 953.74067984 963.51978006 973.29888028]
d_y_fitting=[1.57894737 1.44024719 1.32444721 1.23071042 1.1581998  1.10607833
 1.07350897 1.05965472 1.06367855 1.08474343 1.12201236 1.1746483
 1.24181423 1.32267314 1.416388   1.5221218  1.6390375  1.76629808
 1.90306654 2.04850584 2.20177896 2.36204889 2.52847859 2.70023106
 2.87646926 3.05635618 3.2390548  3.42369319 3.60855139 3.79103542
 3.9685112  4.13834465 4.29790169 4.44454825 4.57565024 4.68857358
 4.7806842  4.84934802 4.89253256 4.91127616 4.90759442 4.88350335
 4.84101894 4.78215722 4.70893419 4.62336585 4.52746822 4.4232573
 4.3127491  4.19795962 4.08090487 3.96360087 3.84806362 3.73630912
 3.63035339 3.53221243 3.44390225 3.36743886 3.30478231 3.2565097
 3.22175945 3.19960293 3.1891115  3.18935652 3.19940933 3.2183413
 3.24522379 3.27912816 3.31912575 3.36428793 3.41368606 3.46639148
 3.52147558 3.57800968 3.63506517 3.69171338 3.74702569 3.80007345
 3.84992801 3.89566073 3.93634298 3.9710461  3.99884145 4.0188004
 4.0299943  4.03149451 4.02237238 4.00169928 3.96854655 3.92198556
 3.86108767 3.78492423 3.6925666  3.58308614 3.4555542  3.30904214
 3.14262132 2.9553631  2.74633884 2.51461988]