
p_x=[22.39448751076658, 115.41774332472008, 175.71059431524546, 271.3178294573643, 357.4504737295435, 397.0714900947459, 472.0068906115418, 571.0594315245479, 660.637381567614, 787.2523686477175, 871.6623600344531, 936.2618432385874, 988.8027562446167]
p_y=[-2.0, -2.3529411764705888, -5.647058823529411, -6.7058823529411775, -2.3529411764705888, -1.1764705882352935, -5.882352941176469, -7.1764705882352935, -1.0588235294117645, 4.117647058823529, 1.1764705882352935, 0.8235294117647065, 1.764705882352942]
a_x=[24.117140396210164, 75.79672695951766, 127.47631352282515, 188.63049095607235, 242.03273040482344, 356.58914728682174, 439.2764857881137, 528.85443583118, 653.7467700258399, 761.4125753660637, 852.7131782945736, 913.0060292850991, 982.7734711455641]
a_y=[-6.725146198830409, -6.725146198830409, -6.257309941520468, -2.397660818713449, -5.906432748538011, -1.3450292397660828, -5.789473684210527, -6.023391812865498, -0.2923976608187129, -2.0467836257309955, -6.374269005847953, -6.725146198830409, -6.140350877192983]
d_x=[22.39448751076658, 74.07407407407408, 143.8415159345392, 200.6890611541774, 294.57364341085275, 409.130060292851, 544.3583118001723, 693.3677863910423, 794.1429801894918, 881.1369509043928, 944.0137812230836, 994.8320413436692]
d_y=[-2.397660818713449, -2.163742690058479, -1.8128654970760234, -5.438596491228068, -2.0467836257309955, -5.087719298245615, -5.321637426900585, -1.6959064327485365, 1.3450292397660828, -2.397660818713449, -1.6959064327485365, -0.9941520467836256]
p_x_fitting=[ 22.39448751  32.15618719  41.91788688  51.67958656  61.44128625
  71.20298593  80.96468562  90.7263853  100.48808498 110.24978467
 120.01148435 129.77318404 139.53488372 149.29658341 159.05828309
 168.81998277 178.58168246 188.34338214 198.10508183 207.86678151
 217.62848119 227.39018088 237.15188056 246.91358025 256.67527993
 266.43697962 276.1986793  285.96037898 295.72207867 305.48377835
 315.24547804 325.00717772 334.7688774  344.53057709 354.29227677
 364.05397646 373.81567614 383.57737583 393.33907551 403.10077519
 412.86247488 422.62417456 432.38587425 442.14757393 451.90927361
 461.6709733  471.43267298 481.19437267 490.95607235 500.71777204
 510.47947172 520.2411714  530.00287109 539.76457077 549.52627046
 559.28797014 569.04966982 578.81136951 588.57306919 598.33476888
 608.09646856 617.85816825 627.61986793 637.38156761 647.1432673
 656.90496698 666.66666667 676.42836635 686.19006604 695.95176572
 705.7134654  715.47516509 725.23686477 734.99856446 744.76026414
 754.52196382 764.28366351 774.04536319 783.80706288 793.56876256
 803.33046225 813.09216193 822.85386161 832.6155613  842.37726098
 852.13896067 861.90066035 871.66236003 881.42405972 891.1857594
 900.94745909 910.70915877 920.47085846 930.23255814 939.99425782
 949.75595751 959.51765719 969.27935688 979.04105656 988.80275624]
p_y_fitting=[-2.         -1.411785   -1.01288779 -0.78629231 -0.7149825  -0.78194232
 -0.97015569 -1.26260657 -1.6422789  -2.09215662 -2.59522367 -3.134464
 -3.69286155 -4.25340026 -4.79906408 -5.31283695 -5.77776252 -6.18173102
 -6.52097958 -6.79257062 -6.99356653 -7.12102972 -7.17202259 -7.14360754
 -7.03284699 -6.83680334 -6.55289962 -6.18685341 -5.75267682 -5.26474261
 -4.7374235  -4.18509226 -3.62212163 -3.06288435 -2.52175318 -2.01519339
 -1.58315049 -1.28032645 -1.16165216 -1.27801252 -1.62378993 -2.15184758
 -2.81408884 -3.5624171  -4.34873572 -5.12494808 -5.84295755 -6.46146932
 -6.9716583  -7.37437736 -7.67048106 -7.86082393 -7.94626052 -7.92764538
 -7.80583305 -7.58167806 -7.25603497 -6.83082325 -6.31598313 -5.72510953
 -5.0718159  -4.36971569 -3.63242235 -2.87354934 -2.10671012 -1.34551813
 -0.60331513  0.11035165  0.78872323  1.4251051   2.01280273  2.54512161
  3.01536722  3.41684505  3.74286059  3.9867193   4.14172669  4.20118823
  4.1584094   4.00799818  3.76083438  3.43885868  3.06422316  2.65907989
  2.24558092  1.84587834  1.48212421  1.17647059  0.94624368  0.78946616
  0.69933485  0.66904656  0.69179809  0.76078625  0.86920785  1.01025971
  1.17713864  1.36304143  1.56116491  1.76470588]
a_x_fitting=[ 24.1171404   33.80053768  43.48393496  53.16733224  62.85072952
  72.5341268   82.21752408  91.90092136 101.58431864 111.26771592
 120.9511132  130.63451048 140.31790776 150.00130504 159.68470232
 169.3680996  179.05149688 188.73489416 198.41829144 208.10168872
 217.785086   227.46848328 237.15188056 246.83527784 256.51867512
 266.2020724  275.88546968 285.56886696 295.25226424 304.93566152
 314.61905881 324.30245609 333.98585337 343.66925065 353.35264793
 363.03604521 372.71944249 382.40283977 392.08623705 401.76963433
 411.45303161 421.13642889 430.81982617 440.50322345 450.18662073
 459.87001801 469.55341529 479.23681257 488.92020985 498.60360713
 508.28700441 517.97040169 527.65379897 537.33719625 547.02059353
 556.70399081 566.38738809 576.07078537 585.75418265 595.43757993
 605.12097721 614.80437449 624.48777177 634.17116905 643.85456634
 653.53796362 663.2213609  672.90475818 682.58815546 692.27155274
 701.95495002 711.6383473  721.32174458 731.00514186 740.68853914
 750.37193642 760.0553337  769.73873098 779.42212826 789.10552554
 798.78892282 808.4723201  818.15571738 827.83911466 837.52251194
 847.20590922 856.8893065  866.57270378 876.25610106 885.93949834
 895.62289562 905.3062929  914.98969018 924.67308746 934.35648474
 944.03988202 953.7232793  963.40667658 973.09007387 982.77347115]
a_y_fitting=[-6.7251462  -6.44594363 -6.34557621 -6.37902119 -6.50125583 -6.66725737
 -6.83200309 -6.95047022 -6.97763602 -6.86847775 -6.57797266 -6.06201801
 -5.33467975 -4.50193476 -3.67787428 -2.97658958 -2.51217191 -2.39871247
 -2.70561549 -3.32922568 -4.12399998 -4.94439529 -5.64486855 -6.08386348
 -6.21328463 -6.07948837 -5.73301605 -5.22440904 -4.60420871 -3.92295641
 -3.23119351 -2.57946136 -2.01830134 -1.5982548  -1.3698631  -1.37894067
 -1.61617168 -2.03658697 -2.59461929 -3.24470139 -3.94126604 -4.638746
 -5.29157401 -5.85420084 -6.29366385 -6.61160501 -6.81556139 -6.91307007
 -6.91166812 -6.81889261 -6.64228062 -6.38936923 -6.0676955  -5.68518677
 -5.25204224 -4.77928106 -4.27792346 -3.75898968 -3.23349996 -2.71247454
 -2.20693365 -1.72789753 -1.28638643 -0.89342058 -0.56002022 -0.29720559
 -0.11370732 -0.00848539  0.02210601 -0.01828727 -0.12601937 -0.29744446
 -0.52891669 -0.8167902  -1.15741916 -1.54715772 -1.98236003 -2.45834849
 -2.96413133 -3.48632907 -4.01155773 -4.52643337 -5.01757201 -5.47158971
 -5.87510248 -6.21472638 -6.47738778 -6.66011521 -6.77202628 -6.82295029
 -6.82271655 -6.78115438 -6.70809309 -6.61336198 -6.50679039 -6.3982076
 -6.29744295 -6.21432574 -6.15868527 -6.14035088]
d_x_fitting=[ 22.39448751  32.21708906  42.03969062  51.86229217  61.68489373
  71.50749528  81.33009683  91.15269839 100.97529994 110.7979015
 120.62050305 130.4431046  140.26570616 150.08830771 159.91090926
 169.73351082 179.55611237 189.37871393 199.20131548 209.02391703
 218.84651859 228.66912014 238.4917217  248.31432325 258.1369248
 267.95952636 277.78212791 287.60472947 297.42733102 307.24993257
 317.07253413 326.89513568 336.71773723 346.54033879 356.36294034
 366.1855419  376.00814345 385.830745   395.65334656 405.47594811
 415.29854967 425.12115122 434.94375277 444.76635433 454.58895588
 464.41155743 474.23415899 484.05676054 493.8793621  503.70196365
 513.5245652  523.34716676 533.16976831 542.99236987 552.81497142
 562.63757297 572.46017453 582.28277608 592.10537764 601.92797919
 611.75058074 621.5731823  631.39578385 641.2183854  651.04098696
 660.86358851 670.68619007 680.50879162 690.33139317 700.15399473
 709.97659628 719.79919784 729.62179939 739.44440094 749.2670025
 759.08960405 768.9122056  778.73480716 788.55740871 798.38001027
 808.20261182 818.02521337 827.84781493 837.67041648 847.49301804
 857.31561959 867.13822114 876.9608227  886.78342425 896.6060258
 906.42862736 916.25122891 926.07383047 935.89643202 945.71903357
 955.54163513 965.36423668 975.18683824 985.00943979 994.83204134]
d_y_fitting=[-2.39766082 -2.63965226 -2.70884641 -2.64052415 -2.46996637 -2.23245393
 -1.96326773 -1.69768863 -1.47099752 -1.31847528 -1.27540278 -1.37706091
 -1.65873054 -2.15035718 -2.81240555 -3.55669871 -4.29405898 -4.93530867
 -5.39127009 -5.58673075 -5.5350008  -5.28396905 -4.88160372 -4.37587305
 -3.81474526 -3.24618858 -2.71817125 -2.2786615  -1.975348   -1.83253566
 -1.833864   -1.95890139 -2.18721618 -2.49837673 -2.87195141 -3.28750856
 -3.72461656 -4.16284376 -4.58175853 -4.96092921 -5.28096986 -5.53652972
 -5.73229331 -5.87316252 -5.96403927 -6.00982543 -6.01542292 -5.98573363
 -5.92565945 -5.84010229 -5.73396404 -5.6121466  -5.47955187 -5.34108175
 -5.200848   -5.05814334 -4.91044391 -4.75522256 -4.58995208 -4.41210531
 -4.21915506 -4.00857416 -3.77783542 -3.52441167 -3.24577573 -2.93940042
 -2.60275855 -2.23332296 -1.82856645 -1.38715604 -0.92048863 -0.44765797
  0.0121352   0.43969017  0.81580622  1.12128263  1.33691868  1.44351364
  1.42186679  1.25350269  0.94354432  0.52534782  0.03393093 -0.49568865
 -1.02849318 -1.52946496 -1.96358625 -2.29583934 -2.4930933  -2.55346593
 -2.50077305 -2.35959383 -2.15450744 -1.91009305 -1.65092983 -1.40159694
 -1.18667355 -1.03073882 -0.95837193 -0.99415205]