
p_x=[43.927648578811365, 117.14039621016366, 180.87855297157623, 256.6752799310939, 339.36261843238583, 400.5167958656331, 462.5322997416021, 526.2704565030147, 602.0671834625323, 685.6158484065461, 729.5434969853575, 777.7777777777778, 822.566752799311, 852.7131782945736, 918.1739879414298, 981.9121447028424]
p_y=[-1.5294117647058805, -3.647058823529413, -4.352941176470589, -3.4117647058823515, -5.2941176470588225, -4.117647058823531, -5.529411764705882, -3.529411764705884, -4.588235294117647, -4.352941176470589, -1.0588235294117645, 2.9411764705882346, 2.11764705882353, 3.647058823529412, 2.8235294117647056, 2.5882352941176467]
a_x=[24.117140396210164, 55.98621877691645, 122.3083548664944, 149.87080103359173, 192.0757967269595, 235.1421188630491, 291.12833763996554, 366.9250645994832, 416.0206718346253, 468.56158484065463, 515.9345391903531, 567.6141257536607, 614.9870801033591, 660.637381567614, 686.4771748492678, 724.3755383290267, 770.8871662360034, 808.7855297157622, 857.0198105081827, 919.8966408268734, 982.7734711455641]
a_y=[-6.257309941520468, -7.660818713450293, -7.309941520467834, -3.8011695906432745, -4.970760233918128, -3.450292397660819, -6.374269005847953, -6.374269005847953, -3.099415204678362, -5.438596491228068, -3.450292397660819, -3.333333333333332, -3.2163742690058488, -3.6842105263157894, -2.163742690058479, -1.8128654970760234, -1.2280701754385959, -0.9941520467836256, -3.6842105263157894, -5.906432748538011, -5.789473684210527]
d_x=[47.37295434969854, 116.27906976744185, 215.3316106804479, 253.2299741602067, 333.3333333333333, 403.96210163652023, 521.102497846684, 583.1180017226529, 699.3970714900947, 772.609819121447, 876.8303186907838, 984.4961240310078]
d_y=[-1.9298245614035086, -2.514619883040936, -1.1111111111111107, 1.8128654970760234, 2.0467836257309946, 1.9298245614035086, 2.9824561403508776, 2.280701754385966, 2.7485380116959064, 2.8654970760233924, 2.6315789473684212, 2.0467836257309946]
p_x_fitting=[ 43.92764858  53.40223945  62.87683032  72.35142119  81.82601206
  91.30060293 100.7751938  110.24978467 119.72437554 129.19896641
 138.67355728 148.14814815 157.62273902 167.09732989 176.57192076
 186.04651163 195.5211025  204.99569337 214.47028424 223.94487511
 233.41946598 242.89405685 252.36864772 261.84323859 271.31782946
 280.79242033 290.2670112  299.74160207 309.21619294 318.69078381
 328.16537468 337.63996555 347.11455642 356.58914729 366.06373816
 375.53832903 385.0129199  394.48751077 403.96210164 413.43669251
 422.91128338 432.38587425 441.86046512 451.33505599 460.80964686
 470.28423773 479.7588286  489.23341947 498.70801034 508.18260121
 517.65719208 527.13178295 536.60637382 546.08096469 555.55555556
 565.03014643 574.5047373  583.97932817 593.45391904 602.92850991
 612.40310078 621.87769165 631.35228252 640.82687339 650.30146425
 659.77605512 669.25064599 678.72523686 688.19982773 697.6744186
 707.14900947 716.62360034 726.09819121 735.57278208 745.04737295
 754.52196382 763.99655469 773.47114556 782.94573643 792.4203273
 801.89491817 811.36950904 820.84409991 830.31869078 839.79328165
 849.26787252 858.74246339 868.21705426 877.69164513 887.166236
 896.64082687 906.11541774 915.59000861 925.06459948 934.53919035
 944.01378122 953.48837209 962.96296296 972.43755383 981.9121447 ]
p_y_fitting=[-1.52941176 -1.78059444 -2.05142968 -2.3351841  -2.62512432 -2.91451698
 -3.19662868 -3.46472606 -3.71207572 -3.93194431 -4.11759843 -4.26230471
 -4.35932977 -4.40194024 -4.38340272 -4.29779743 -4.15445535 -3.97625198
 -3.78653368 -3.60864676 -3.46593756 -3.38175243 -3.3794377  -3.48088498
 -3.68071648 -3.94933592 -4.25630518 -4.57118612 -4.86354059 -5.10293046
 -5.2589176  -5.30106386 -5.2063488  -5.00348238 -4.74320377 -4.47633351
 -4.25369218 -4.12610032 -4.14351383 -4.31374943 -4.58436712 -4.8982928
 -5.19845239 -5.42777179 -5.52917691 -5.4553541  -5.22705841 -4.89403165
 -4.50612275 -4.11318062 -3.76505418 -3.51158349 -3.387291   -3.37995572
 -3.46847175 -3.63173321 -3.84863419 -4.09806879 -4.35893113 -4.61011657
 -4.83272091 -5.01455473 -5.14470497 -5.21225854 -5.20630237 -5.1159234
 -4.93020855 -4.63824473 -4.22917119 -3.69723353 -3.04599708 -2.28001897
 -1.40385638 -0.42631314  0.58858741  1.53820544  2.31910876  2.82786515
  2.96868985  2.78915242  2.46413832  2.17295862  2.09492439  2.37360043
  2.90325924  3.47201328  3.87834786  4.06072674  4.05550438  3.90104394
  3.63570855  3.29786135  2.92586547  2.55808407  2.23288027  1.98861722
  1.86365806  1.89636593  2.12510396  2.58823529]
a_x_fitting=[ 24.1171404   33.80053768  43.48393496  53.16733224  62.85072952
  72.5341268   82.21752408  91.90092136 101.58431864 111.26771592
 120.9511132  130.63451048 140.31790776 150.00130504 159.68470232
 169.3680996  179.05149688 188.73489416 198.41829144 208.10168872
 217.785086   227.46848328 237.15188056 246.83527784 256.51867512
 266.2020724  275.88546968 285.56886696 295.25226424 304.93566152
 314.61905881 324.30245609 333.98585337 343.66925065 353.35264793
 363.03604521 372.71944249 382.40283977 392.08623705 401.76963433
 411.45303161 421.13642889 430.81982617 440.50322345 450.18662073
 459.87001801 469.55341529 479.23681257 488.92020985 498.60360713
 508.28700441 517.97040169 527.65379897 537.33719625 547.02059353
 556.70399081 566.38738809 576.07078537 585.75418265 595.43757993
 605.12097721 614.80437449 624.48777177 634.17116905 643.85456634
 653.53796362 663.2213609  672.90475818 682.58815546 692.27155274
 701.95495002 711.6383473  721.32174458 731.00514186 740.68853914
 750.37193642 760.0553337  769.73873098 779.42212826 789.10552554
 798.78892282 808.4723201  818.15571738 827.83911466 837.52251194
 847.20590922 856.8893065  866.57270378 876.25610106 885.93949834
 895.62289562 905.3062929  914.98969018 924.67308746 934.35648474
 944.03988202 953.7232793  963.40667658 973.09007387 982.77347115]
a_y_fitting=[-6.25730994 -6.54710588 -6.98635719 -7.50498458 -8.03290881 -8.50005061
 -8.8363307  -8.97166983 -8.83598872 -8.35920811 -7.47124874 -6.1605539
 -4.77371785 -3.79277018 -3.56021448 -3.88158655 -4.43350013 -4.89256892
 -4.9603512  -4.64103074 -4.14021068 -3.66713988 -3.43061562 -3.55229442
 -3.96347404 -4.57031365 -5.27897243 -5.99560958 -6.62749441 -7.11912061
 -7.46016104 -7.64300843 -7.66005548 -7.50369492 -7.16631945 -6.6403218
 -5.92304681 -5.08641482 -4.25999929 -3.57487091 -3.16210039 -3.1455152
 -3.50256277 -4.07473084 -4.69835158 -5.20975716 -5.44533333 -5.30806063
 -4.89739783 -4.34886142 -3.79796791 -3.37992492 -3.17225899 -3.12743732
 -3.18155511 -3.27070757 -3.3309899  -3.31145097 -3.23717827 -3.16091656
 -3.13545016 -3.2135634  -3.42179249 -3.67556562 -3.86091702 -3.86388073
 -3.57168219 -2.99426047 -2.3691407  -1.94553725 -1.77659986 -1.76390377
 -1.80508784 -1.80408055 -1.73335701 -1.60753837 -1.44186048 -1.25155921
 -1.05699833 -0.90790272 -0.86442921 -0.98674714 -1.31643843 -1.81315435
 -2.41397895 -3.05599556 -3.67628755 -4.2227456  -4.68827375 -5.0774935
 -5.39502644 -5.64549411 -5.83351809 -5.96371994 -6.04072121 -6.06914348
 -6.05360829 -5.99873723 -5.90915183 -5.78947368]
d_x_fitting=[ 47.37295435  56.83884495  66.30473556  75.77062616  85.23651676
  94.70240736 104.16829797 113.63418857 123.10007917 132.56596978
 142.03186038 151.49775098 160.96364158 170.42953219 179.89542279
 189.36131339 198.827204   208.2930946  217.7589852  227.2248758
 236.69076641 246.15665701 255.62254761 265.08843822 274.55432882
 284.02021942 293.48611002 302.95200063 312.41789123 321.88378183
 331.34967243 340.81556304 350.28145364 359.74734424 369.21323485
 378.67912545 388.14501605 397.61090665 407.07679726 416.54268786
 426.00857846 435.47446907 444.94035967 454.40625027 463.87214087
 473.33803148 482.80392208 492.26981268 501.73570329 511.20159389
 520.66748449 530.13337509 539.5992657  549.0651563  558.5310469
 567.99693751 577.46282811 586.92871871 596.39460931 605.86049992
 615.32639052 624.79228112 634.25817173 643.72406233 653.18995293
 662.65584353 672.12173414 681.58762474 691.05351534 700.51940595
 709.98529655 719.45118715 728.91707775 738.38296836 747.84885896
 757.31474956 766.78064017 776.24653077 785.71242137 795.17831197
 804.64420258 814.11009318 823.57598378 833.04187439 842.50776499
 851.97365559 861.43954619 870.9054368  880.3713274  889.837218
 899.30310861 908.76899921 918.23488981 927.70078041 937.16667102
 946.63256162 956.09845222 965.56434283 975.03023343 984.49612403]
d_y_fitting=[-1.92982456 -1.85409401 -1.85136597 -1.908403   -2.01196769 -2.14882258
 -2.30573027 -2.46945331 -2.62675427 -2.76439573 -2.86914026 -2.92775042
 -2.92698878 -2.85361792 -2.6944004  -2.43609879 -2.06547567 -1.5692936
 -0.93460216 -0.18106233  0.60943675  1.34800857  1.94608508  2.35260215
  2.58878451  2.6840863   2.66796164  2.56986468  2.41924955  2.24557038
  2.0782813   1.94417866  1.84980191  1.79236518  1.7690331   1.7769703
  1.8133414   1.87531103  1.96002983  2.063783    2.18149882  2.30798703
  2.43805737  2.56651959  2.68818341  2.79785857  2.89035482  2.9604819
  3.00304953  3.01286746  2.98474543  2.91597941  2.81528233  2.69464227
  2.56604757  2.44148657  2.33294764  2.25224539  2.20454261  2.18641946
  2.19388829  2.22296148  2.26965139  2.32997039  2.39993085  2.47554515
  2.55282564  2.62778471  2.69643471  2.75478954  2.8001379   2.83335676
  2.85594985  2.86942092  2.87527369  2.87501191  2.8701393   2.86214496
  2.85189146  2.83939291  2.82460309  2.80747578  2.78796476  2.76602381
  2.74160672  2.71466726  2.68515922  2.65303637  2.6182525   2.58076139
  2.54051681  2.49747255  2.45158239  2.40280011  2.35107949  2.29637431
  2.23863836  2.1778254   2.11388923  2.04678363]