
p_x=[19.810508182601207, 124.03100775193798, 271.3178294573643, 425.495262704565, 593.4539190353145, 704.5650301464254, 826.8733850129198, 923.3419465977606, 992.2480620155038]
p_y=[-2.2352941176470598, -5.411764705882353, -5.2941176470588225, -2.2352941176470598, -2.2352941176470598, -5.1764705882352935, -1.0588235294117645, -7.0588235294117645, -5.647058823529411]
a_x=[16.36520241171404, 129.19896640826872, 271.3178294573643, 375.53832902670115, 572.7820844099914, 739.0180878552973, 857.0198105081827, 984.4961240310078]
a_y=[-8.362573099415204, -4.035087719298245, -3.6842105263157894, -0.5263157894736832, -0.9941520467836256, -1.8128654970760234, -2.163742690058479, -7.777777777777779]
d_x=[19.810508182601207, 291.98966408268734, 532.2997416020671, 968.9922480620155]
d_y=[1.2280701754385976, 4.970760233918129, 2.280701754385966, 2.514619883040936]
p_x_fitting=[ 19.81050818  29.63310974  39.45571129  49.27831284  59.1009144
  68.92351595  78.74611751  88.56871906  98.39132061 108.21392217
 118.03652372 127.85912528 137.68172683 147.50432838 157.32692994
 167.14953149 176.97213304 186.7947346  196.61733615 206.43993771
 216.26253926 226.08514081 235.90774237 245.73034392 255.55294548
 265.37554703 275.19814858 285.02075014 294.84335169 304.66595324
 314.4885548  324.31115635 334.13375791 343.95635946 353.77896101
 363.60156257 373.42416412 383.24676568 393.06936723 402.89196878
 412.71457034 422.53717189 432.35977345 442.182375   452.00497655
 461.82757811 471.65017966 481.47278121 491.29538277 501.11798432
 510.94058588 520.76318743 530.58578898 540.40839054 550.23099209
 560.05359365 569.8761952  579.69879675 589.52139831 599.34399986
 609.16660141 618.98920297 628.81180452 638.63440608 648.45700763
 658.27960918 668.10221074 677.92481229 687.74741385 697.5700154
 707.39261695 717.21521851 727.03782006 736.86042161 746.68302317
 756.50562472 766.32822628 776.15082783 785.97342938 795.79603094
 805.61863249 815.44123405 825.2638356  835.08643715 844.90903871
 854.73164026 864.55424182 874.37684337 884.19944492 894.02204648
 903.84464803 913.66724958 923.48985114 933.31245269 943.13505425
 952.9576558  962.78025735 972.60285891 982.42546046 992.24806202]
p_y_fitting=[-2.23529412 -2.67889205 -3.09037053 -3.47046315 -3.81990353 -4.13942527
 -4.42976199 -4.69164729 -4.92581479 -5.13299809 -5.31393079 -5.46934652
 -5.59997888 -5.70656147 -5.78982791 -5.85051181 -5.88934677 -5.90706641
 -5.90440433 -5.88209415 -5.84086946 -5.78146389 -5.70461103 -5.61104451
 -5.50149792 -5.37670489 -5.23740557 -5.08460296 -4.91964595 -4.74390699
 -4.55875854 -4.36557307 -4.16572303 -3.96058088 -3.75151908 -3.53991008
 -3.32712635 -3.11454035 -2.90352453 -2.69545135 -2.49169328 -2.29362277
 -2.10268443 -1.9210707  -1.75141662 -1.59636296 -1.45855051 -1.34062007
 -1.24521242 -1.17496834 -1.13252863 -1.12053408 -1.14162547 -1.19844358
 -1.29362922 -1.42982317 -1.60966621 -1.83579914 -2.11086273 -2.43679808
 -2.8050618  -3.19903202 -3.60187865 -3.99677157 -4.36688069 -4.69537589
 -4.96542708 -5.16020415 -5.262877   -5.25661551 -5.12476222 -4.86542677
 -4.50258493 -4.06282588 -3.57273886 -3.05891307 -2.54793773 -2.06640205
 -1.64089524 -1.29800652 -1.06432511 -0.9664402  -1.03094102 -1.27864861
 -1.69237367 -2.23954417 -2.88754469 -3.60375979 -4.35557402 -5.11037196
 -5.83553816 -6.49845719 -7.06651361 -7.50709199 -7.78757688 -7.87535285
 -7.73780447 -7.3423163  -6.65627289 -5.64705882]
a_x_fitting=[ 16.36520241  26.14430263  35.92340285  45.70250307  55.48160329
  65.2607035   75.03980372  84.81890394  94.59800416 104.37710438
 114.1562046  123.93530481 133.71440503 143.49350525 153.27260547
 163.05170569 172.83080591 182.60990612 192.38900634 202.16810656
 211.94720678 221.726307   231.50540722 241.28450743 251.06360765
 260.84270787 270.62180809 280.40090831 290.18000853 299.95910874
 309.73820896 319.51730918 329.2964094  339.07550962 348.85460984
 358.63371005 368.41281027 378.19191049 387.97101071 397.75011093
 407.52921115 417.30831137 427.08741158 436.8665118  446.64561202
 456.42471224 466.20381246 475.98291268 485.76201289 495.54111311
 505.32021333 515.09931355 524.87841377 534.65751399 544.4366142
 554.21571442 563.99481464 573.77391486 583.55301508 593.3321153
 603.11121551 612.89031573 622.66941595 632.44851617 642.22761639
 652.00671661 661.78581682 671.56491704 681.34401726 691.12311748
 700.9022177  710.68131792 720.46041813 730.23951835 740.01861857
 749.79771879 759.57681901 769.35591923 779.13501945 788.91411966
 798.69321988 808.4723201  818.25142032 828.03052054 837.80962076
 847.58872097 857.36782119 867.14692141 876.92602163 886.70512185
 896.48422207 906.26332228 916.0424225  925.82152272 935.60062294
 945.37972316 955.15882338 964.93792359 974.71702381 984.49612403]
a_y_fitting=[-8.3625731  -7.59271338 -6.91604611 -6.32682665 -5.81931034 -5.38775256
 -5.02640866 -4.729534   -4.49138393 -4.30621382 -4.16827902 -4.0718349
 -4.01113681 -3.98044011 -3.97400016 -3.98607231 -4.01091193 -4.04277438
 -4.07591501 -4.10458918 -4.12305225 -4.12555959 -4.10636654 -4.05972846
 -3.97990072 -3.86113868 -3.69769769 -3.48577048 -3.23114987 -2.9425968
 -2.62887307 -2.2987405  -1.96096088 -1.62429603 -1.29750776 -0.98935786
 -0.70860815 -0.46398289 -0.26049485 -0.09635747  0.03094279  0.12391946
  0.1850861   0.21695624  0.22204343  0.20286121  0.16192313  0.10174272
  0.02483353 -0.06629089 -0.16911701 -0.28113128 -0.39982016 -0.52267011
 -0.64716758 -0.77079902 -0.89105091 -1.00541015 -1.11194947 -1.21047508
 -1.30111224 -1.38398626 -1.45922242 -1.526946   -1.58728229 -1.64035658
 -1.68629416 -1.72522031 -1.75726032 -1.78253947 -1.80118306 -1.81331636
 -1.81906468 -1.81855329 -1.811908   -1.79990957 -1.7852717  -1.77106292
 -1.7603518  -1.75620688 -1.76169671 -1.77988984 -1.81385483 -1.86666021
 -1.94137455 -2.04106639 -2.16880428 -2.32765678 -2.52069242 -2.75097977
 -3.02158736 -3.33558376 -3.69603751 -4.10601716 -4.56859126 -5.08682836
 -5.66379701 -6.30256577 -7.00620317 -7.77777778]
d_x_fitting=[ 19.81050818  29.39820252  38.98589687  48.57359121  58.16128555
  67.74897989  77.33667424  86.92436858  96.51206292 106.09975726
 115.6874516  125.27514595 134.86284029 144.45053463 154.03822897
 163.62592332 173.21361766 182.801312   192.38900634 201.97670068
 211.56439503 221.15208937 230.73978371 240.32747805 249.9151724
 259.50286674 269.09056108 278.67825542 288.26594976 297.85364411
 307.44133845 317.02903279 326.61672713 336.20442148 345.79211582
 355.37981016 364.9675045  374.55519884 384.14289319 393.73058753
 403.31828187 412.90597621 422.49367056 432.0813649  441.66905924
 451.25675358 460.84444792 470.43214227 480.01983661 489.60753095
 499.19522529 508.78291964 518.37061398 527.95830832 537.54600266
 547.133697   556.72139135 566.30908569 575.89678003 585.48447437
 595.07216872 604.65986306 614.2475574  623.83525174 633.42294608
 643.01064043 652.59833477 662.18602911 671.77372345 681.3614178
 690.94911214 700.53680648 710.12450082 719.71219516 729.29988951
 738.88758385 748.47527819 758.06297253 767.65066688 777.23836122
 786.82605556 796.4137499  806.00144424 815.58913859 825.17683293
 834.76452727 844.35222161 853.93991596 863.5276103  873.11530464
 882.70299898 892.29069332 901.87838767 911.46608201 921.05377635
 930.64147069 940.22916504 949.81685938 959.40455372 968.99224806]
d_y_fitting=[1.22807018 1.57049172 1.89430144 2.19986703 2.48755619 2.75773661
 3.01077598 3.24704201 3.46690239 3.67072482 3.85887699 4.0317266
 4.18964134 4.33298892 4.46213703 4.57745336 4.67930561 4.76806147
 4.84408865 4.90775484 4.95942774 4.99947503 5.02826443 5.04616361
 5.05354029 5.05076216 5.03819691 5.01621224 4.98517584 4.94545542
 4.89741866 4.84143327 4.77786694 4.70708736 4.62946224 4.54535927
 4.45514614 4.35919056 4.25786021 4.1515228  4.04054602 3.92529756
 3.80614513 3.68345641 3.55759912 3.42894093 3.29784955 3.16469268
 3.02983801 2.89365323 2.75650605 2.61876415 2.48079524 2.34296702
 2.20564717 2.06920339 1.93400339 1.80041485 1.66880548 1.53954296
 1.412995   1.2895293  1.16951354 1.05331542 0.94130265 0.83384291
 0.7313039  0.63405333 0.54245888 0.45688825 0.37770914 0.30528924
 0.23999625 0.18219787 0.1322618  0.09055572 0.05744734 0.03330435
 0.01849445 0.01338533 0.01834469 0.03374023 0.05993964 0.09731063
 0.14622087 0.20703808 0.28012995 0.36586417 0.46460844 0.57673046
 0.70259792 0.84257852 0.99703996 1.16634992 1.35087612 1.55098624
 1.76704798 1.99942903 2.2484971  2.51461988]