
p_x=[24.117140396210164, 151.5934539190353, 302.3255813953488, 466.838931955211, 546.0809646856159, 687.3385012919897, 776.916451335056, 920.7579672695952, 987.941429801895]
p_y=[1.764705882352942, 2.7058823529411766, 4.588235294117648, 4.588235294117648, 6.470588235294118, 5.764705882352941, 6.8235294117647065, 6.352941176470589, 6.0]
a_x=[13.781223083548666, 70.62876830318692, 145.56416881998277, 283.3763996554694, 418.60465116279073, 545.2196382428941, 677.8639104220499, 777.7777777777778, 916.4513350559862, 991.3867355727821]
a_y=[-6.725146198830409, -3.8011695906432745, -5.6725146198830405, -5.6725146198830405, -2.280701754385966, -2.280701754385966, -2.7485380116959064, -1.4619883040935662, -3.6842105263157894, -3.333333333333332]
d_x=[11.19724375538329, 144.70284237726096, 406.54608096468564, 571.0594315245479, 807.0628768303187, 990.5254091300602]
d_y=[2.7485380116959064, 1.9298245614035086, 3.0994152046783627, 3.9181286549707606, 5.087719298245615, 4.970760233918129]
p_x_fitting=[ 24.1171404   33.85273928  43.58833816  53.32393704  63.05953593
  72.79513481  82.53073369  92.26633258 102.00193146 111.73753034
 121.47312923 131.20872811 140.94432699 150.67992587 160.41552476
 170.15112364 179.88672252 189.62232141 199.35792029 209.09351917
 218.82911805 228.56471694 238.30031582 248.0359147  257.77151359
 267.50711247 277.24271135 286.97831023 296.71390912 306.449508
 316.18510688 325.92070577 335.65630465 345.39190353 355.12750241
 364.8631013  374.59870018 384.33429906 394.06989795 403.80549683
 413.54109571 423.27669459 433.01229348 442.74789236 452.48349124
 462.21909013 471.95468901 481.69028789 491.42588677 501.16148566
 510.89708454 520.63268342 530.36828231 540.10388119 549.83948007
 559.57507895 569.31067784 579.04627672 588.7818756  598.51747449
 608.25307337 617.98867225 627.72427114 637.45987002 647.1954689
 656.93106778 666.66666667 676.40226555 686.13786443 695.87346332
 705.6090622  715.34466108 725.08025996 734.81585885 744.55145773
 754.28705661 764.0226555  773.75825438 783.49385326 793.22945214
 802.96505103 812.70064991 822.43624879 832.17184768 841.90744656
 851.64304544 861.37864432 871.11424321 880.84984209 890.58544097
 900.32103986 910.05663874 919.79223762 929.5278365  939.26343539
 948.99903427 958.73463315 968.47023204 978.20583092 987.9414298 ]
p_y_fitting=[1.76470588 1.71021395 1.6836285  1.68305442 1.7065966  1.75235993
 1.8184493  1.9029696  2.00402572 2.11972254 2.24816497 2.38745788
 2.53570616 2.69101472 2.85148842 3.01523218 3.18035087 3.34494938
 3.50713261 3.66500544 3.81667277 3.96023948 4.09381046 4.2154906
 4.32338479 4.41559793 4.49023489 4.54540058 4.57919987 4.58981411
 4.57802059 4.54776625 4.50319064 4.4484333  4.3876338  4.32493167
 4.26446648 4.21037777 4.16680509 4.137888   4.12776605 4.14057878
 4.18046575 4.2515665  4.3580206  4.50396758 4.69313472 4.92081132
 5.17439119 5.44096454 5.70762158 5.96145249 6.18954749 6.37899676
 6.51708295 6.59922488 6.63180596 6.62198358 6.5769151  6.50375789
 6.40966932 6.30180677 6.1873276  6.07338919 5.96714891 5.87576412
 5.8063922  5.76619053 5.76231647 5.80023918 5.87562006 5.98058768
 6.10726593 6.24777869 6.39424986 6.5388033  6.67356291 6.79065256
 6.88271229 6.94819165 6.9891998  7.00790306 7.0064677  6.98706002
 6.95184633 6.90299292 6.84266608 6.77303211 6.6962573  6.61450796
 6.52995037 6.44475084 6.36107565 6.28109111 6.20696351 6.14085915
 6.08494433 6.04138533 6.01234845 6.        ]
a_x_fitting=[ 13.78122308  23.65602624  33.5308294   43.40563255  53.28043571
  63.15523887  73.03004202  82.90484518  92.77964834 102.65445149
 112.52925465 122.4040578  132.27886096 142.15366412 152.02846727
 161.90327043 171.77807359 181.65287674 191.5276799  201.40248306
 211.27728621 221.15208937 231.02689253 240.90169568 250.77649884
 260.65130199 270.52610515 280.40090831 290.27571146 300.15051462
 310.02531778 319.90012093 329.77492409 339.64972725 349.5245304
 359.39933356 369.27413672 379.14893987 389.02374303 398.89854619
 408.77334934 418.6481525  428.52295565 438.39775881 448.27256197
 458.14736512 468.02216828 477.89697144 487.77177459 497.64657775
 507.52138091 517.39618406 527.27098722 537.14579038 547.02059353
 556.89539669 566.77019985 576.645003   586.51980616 596.39460931
 606.26941247 616.14421563 626.01901878 635.89382194 645.7686251
 655.64342825 665.51823141 675.39303457 685.26783772 695.14264088
 705.01744404 714.89224719 724.76705035 734.6418535  744.51665666
 754.39145982 764.26626297 774.14106613 784.01586929 793.89067244
 803.7654756  813.64027876 823.51508191 833.38988507 843.26468823
 853.13949138 863.01429454 872.8890977  882.76390085 892.63870401
 902.51350716 912.38831032 922.26311348 932.13791663 942.01271979
 951.88752295 961.7623261  971.63712926 981.51193242 991.38673557]
a_y_fitting=[-6.7251462  -5.72030361 -4.95356394 -4.40163329 -4.04121776 -3.84902347
 -3.80175651 -3.876123   -4.04882904 -4.29658075 -4.59608422 -4.92404556
 -5.25717088 -5.57216629 -5.84691734 -6.07363757 -6.254086   -6.39019486
 -6.48389639 -6.53712282 -6.55180639 -6.52987932 -6.47327385 -6.38392222
 -6.26375666 -6.11470939 -5.93871266 -5.7376987  -5.51371931 -5.27006657
 -5.0107668  -4.73985596 -4.46136996 -4.17934475 -3.89781626 -3.62082043
 -3.35239319 -3.09657047 -2.85738823 -2.63888238 -2.44508886 -2.28004361
 -2.14672752 -2.04395664 -1.9695195  -1.92120465 -1.89680062 -1.89409594
 -1.91087913 -1.94493874 -1.9940633  -2.05604134 -2.1286614  -2.209712
 -2.29698111 -2.38810171 -2.4803435  -2.57092416 -2.65706136 -2.73597279
 -2.80487612 -2.86098905 -2.90152926 -2.92371441 -2.9247622  -2.90189031
 -2.85231642 -2.7732582  -2.6627155  -2.52550069 -2.36993605 -2.20437291
 -2.0371626  -1.87665647 -1.73120583 -1.60916204 -1.51887642 -1.4687003
 -1.46638525 -1.51174576 -1.598977   -1.72215531 -1.87535702 -2.05265846
 -2.24813597 -2.45586589 -2.66992453 -2.88438825 -3.09333336 -3.29083621
 -3.47097312 -3.62782044 -3.75545448 -3.8479516  -3.89938811 -3.90384036
 -3.85538467 -3.74809738 -3.57605482 -3.33333333]
d_x_fitting=[ 11.19724376  21.08944745  30.98165114  40.87385483  50.76605852
  60.65826221  70.5504659   80.44266959  90.33487328 100.22707697
 110.11928066 120.01148435 129.90368804 139.79589173 149.68809542
 159.58029912 169.47250281 179.3647065  189.25691019 199.14911388
 209.04131757 218.93352126 228.82572495 238.71792864 248.61013233
 258.50233602 268.39453971 278.2867434  288.17894709 298.07115078
 307.96335447 317.85555817 327.74776186 337.63996555 347.53216924
 357.42437293 367.31657662 377.20878031 387.100984   396.99318769
 406.88539138 416.77759507 426.66979876 436.56200245 446.45420614
 456.34640983 466.23861353 476.13081722 486.02302091 495.9152246
 505.80742829 515.69963198 525.59183567 535.48403936 545.37624305
 555.26844674 565.16065043 575.05285412 584.94505781 594.8372615
 604.72946519 614.62166889 624.51387258 634.40607627 644.29827996
 654.19048365 664.08268734 673.97489103 683.86709472 693.75929841
 703.6515021  713.54370579 723.43590948 733.32811317 743.22031686
 753.11252055 763.00472425 772.89692794 782.78913163 792.68133532
 802.57353901 812.4657427  822.35794639 832.25015008 842.14235377
 852.03455746 861.92676115 871.81896484 881.71116853 891.60337222
 901.49557591 911.3877796  921.2799833  931.17218699 941.06439068
 950.95659437 960.84879806 970.74100175 980.63320544 990.52540913]
d_y_fitting=[2.74853801 2.62879121 2.51974267 2.42106832 2.33244405 2.2535458
 2.18404947 2.12363099 2.07196625 2.02873119 1.99360171 1.96625373
 1.94636316 1.93360592 1.92765792 1.92819509 1.93489332 1.94742855
 1.96547668 1.98871362 2.0168153  2.04945763 2.08631652 2.12706788
 2.17138764 2.21895171 2.26943599 2.32251642 2.37786889 2.43516934
 2.49409366 2.55431778 2.61551761 2.67736907 2.73954807 2.80173053
 2.86359235 2.92480946 2.98505778 3.0440132  3.10135167 3.15684399
 3.21060358 3.26282111 3.31368724 3.36339264 3.41212798 3.46008392
 3.50745112 3.55442026 3.60118201 3.64792702 3.69484597 3.74212952
 3.78996834 3.8385531  3.88807446 3.93871909 3.99052141 4.04331997
 4.09694043 4.15120846 4.20594972 4.26098986 4.31615455 4.37126945
 4.4261602  4.48065249 4.53457196 4.58774427 4.63999509 4.69115008
 4.74103489 4.78947518 4.83629663 4.88132487 4.92438558 4.96530442
 5.00390704 5.04001911 5.07346628 5.10407421 5.13166857 5.15607502
 5.17711921 5.19462681 5.20842347 5.21833485 5.22418662 5.22580444
 5.22301396 5.21564084 5.20351075 5.18644934 5.16428228 5.13683522
 5.10393383 5.06540376 5.02107067 4.97076023]