
p_x=[16.36520241171404, 134.36692506459949, 256.6752799310939, 321.2747631352282, 384.151593453919, 465.1162790697674, 530.5770887166236, 591.7312661498709, 682.1705426356589, 785.5297157622739, 855.2971576227391, 923.3419465977606, 987.0801033591732]
p_y=[1.5294117647058822, -3.0588235294117645, 1.5294117647058822, -4.23529411764706, -8.588235294117649, -4.9411764705882355, -4.8235294117647065, -7.411764705882355, -7.764705882352942, -8.705882352941178, -8.705882352941178, -8.235294117647058, -8.0]
a_x=[12.919896640826872, 136.95090439276487, 253.2299741602067, 331.61068044788976, 409.130060292851, 478.8975021533161, 539.1903531438415, 608.9577950043066, 661.4987080103359, 715.7622739018088, 786.3910422049956, 879.4142980189492, 957.7950043066322, 992.2480620155038]
a_y=[-7.076023391812864, -7.076023391812864, -0.8771929824561404, -1.2280701754385959, -6.491228070175438, -6.725146198830409, -1.4619883040935662, -7.076023391812864, -1.1111111111111107, -8.362573099415204, -0.6432748538011701, -1.6959064327485365, -1.9298245614035086, -1.9298245614035086]
d_x=[12.058570198105082, 93.88458225667529, 193.79844961240312, 249.78466838931956, 375.53832902670115, 490.0947459086994, 567.6141257536607, 662.3600344530577, 728.6821705426356, 859.603789836348, 987.0801033591732]
d_y=[1.578947368421053, 2.0467836257309946, 1.3450292397660828, 6.842105263157895, 6.608187134502924, 1.461988304093568, 5.672514619883041, 5.555555555555555, 1.461988304093568, 1.6959064327485383, 1.8128654970760234]
p_x_fitting=[ 16.36520241  26.17040343  35.97560445  45.78080547  55.58600649
  65.39120751  75.19640853  85.00160955  94.80681057 104.61201159
 114.41721261 124.22241363 134.02761465 143.83281567 153.63801669
 163.44321771 173.24841873 183.05361975 192.85882077 202.66402179
 212.46922281 222.27442382 232.07962484 241.88482586 251.69002688
 261.4952279  271.30042892 281.10562994 290.91083096 300.71603198
 310.521233   320.32643402 330.13163504 339.93683606 349.74203708
 359.5472381  369.35243912 379.15764014 388.96284116 398.76804218
 408.5732432  418.37844422 428.18364524 437.98884626 447.79404728
 457.5992483  467.40444932 477.20965034 487.01485136 496.82005238
 506.6252534  516.43045441 526.23565543 536.04085645 545.84605747
 555.65125849 565.45645951 575.26166053 585.06686155 594.87206257
 604.67726359 614.48246461 624.28766563 634.09286665 643.89806767
 653.70326869 663.50846971 673.31367073 683.11887175 692.92407277
 702.72927379 712.53447481 722.33967583 732.14487685 741.95007787
 751.75527889 761.56047991 771.36568093 781.17088195 790.97608297
 800.78128399 810.58648501 820.39168602 830.19688704 840.00208806
 849.80728908 859.6124901  869.41769112 879.22289214 889.02809316
 898.83329418 908.6384952  918.44369622 928.24889724 938.05409826
 947.85929928 957.6645003  967.46970132 977.27490234 987.08010336]
p_y_fitting=[ 1.52941176 -0.18645674 -1.583268   -2.68409049 -3.51199266 -4.09004295
 -4.44130984 -4.58886177 -4.5557672  -4.36509458 -4.03991237 -3.60328903
 -3.07829301 -2.48799277 -1.85545677 -1.20375345 -0.55595127  0.0648813
  0.63567582  1.13336383  1.53487687  1.81714649  1.95710424  1.93168164
  1.71781026  1.29366297  0.66712594 -0.12354071 -1.03870338 -2.03872848
 -3.0839824  -4.13483154 -5.15226804 -6.10063465 -6.945391   -7.6519975
 -8.18591454 -8.5126025  -8.59914655 -8.45168819 -8.11638618 -7.64121629
 -7.07415424 -6.46317577 -5.85625664 -5.30137257 -4.84638284 -4.52241627
 -4.32658449 -4.25186926 -4.29125238 -4.43771562 -4.68424077 -5.02312148
 -5.43438586 -5.88749903 -6.35158092 -6.79575144 -7.1891305  -7.50109089
 -7.7177015  -7.85182732 -7.918749   -7.93374718 -7.91210251 -7.86909564
 -7.82000722 -7.78011788 -7.76470509 -7.78438617 -7.83579791 -7.91296623
 -8.0099171  -8.12067645 -8.23927024 -8.35972441 -8.47606491 -8.58231769
 -8.6725087  -8.74089565 -8.78589884 -8.80953999 -8.81395964 -8.80129832
 -8.77369657 -8.73329491 -8.68223311 -8.62262652 -8.55656197 -8.4861247
 -8.41339991 -8.34047282 -8.26942867 -8.20235266 -8.14133002 -8.08844596
 -8.04578571 -8.01543449 -7.99947751 -8.        ]
a_x_fitting=[ 12.91989664  22.81210033  32.70430402  42.59650771  52.4887114
  62.38091509  72.27311878  82.16532248  92.05752617 101.94972986
 111.84193355 121.73413724 131.62634093 141.51854462 151.41074831
 161.302952   171.19515569 181.08735938 190.97956307 200.87176676
 210.76397045 220.65617414 230.54837784 240.44058153 250.33278522
 260.22498891 270.1171926  280.00939629 289.90159998 299.79380367
 309.68600736 319.57821105 329.47041474 339.36261843 349.25482212
 359.14702581 369.0392295  378.93143319 388.82363689 398.71584058
 408.60804427 418.50024796 428.39245165 438.28465534 448.17685903
 458.06906272 467.96126641 477.8534701  487.74567379 497.63787748
 507.53008117 517.42228486 527.31448855 537.20669225 547.09889594
 556.99109963 566.88330332 576.77550701 586.6677107  596.55991439
 606.45211808 616.34432177 626.23652546 636.12872915 646.02093284
 655.91313653 665.80534022 675.69754391 685.58974761 695.4819513
 705.37415499 715.26635868 725.15856237 735.05076606 744.94296975
 754.83517344 764.72737713 774.61958082 784.51178451 794.4039882
 804.29619189 814.18839558 824.08059927 833.97280297 843.86500666
 853.75721035 863.64941404 873.54161773 883.43382142 893.32602511
 903.2182288  913.11043249 923.00263618 932.89483987 942.78704356
 952.67924725 962.57145094 972.46365463 982.35585832 992.24806202]
a_y_fitting=[-7.07602339 -7.76868461 -8.30660542 -8.69965759 -8.95771284 -9.09064294
 -9.10831963 -9.02061466 -8.83739978 -8.56854673 -8.22392728 -7.81341315
 -7.34687611 -6.8341879  -6.28522028 -5.70984498 -5.11793376 -4.51935836
 -3.92399054 -3.34170205 -2.78236463 -2.25585002 -1.77202999 -1.34077627
 -0.97196062 -0.67520568 -0.45762535 -0.32488179 -0.28261943 -0.33648269
 -0.49211602 -0.75516384 -1.13127058 -1.62360154 -2.21600557 -2.88326902
 -3.60012606 -4.34131088 -5.08155764 -5.79560053 -6.45817372 -7.04219334
 -7.51205378 -7.8296547  -7.95689548 -7.85567547 -7.48789402 -6.8154505
 -5.82534582 -4.64266725 -3.43973333 -2.38890383 -1.66253853 -1.43299721
 -1.83844581 -2.76390787 -3.98077982 -5.25991849 -6.37218073 -7.08842337
 -7.17950326 -6.45905885 -5.11721272 -3.53969955 -2.11392399 -1.22729067
 -1.25662151 -2.24180383 -3.82381803 -5.62055641 -7.24991127 -8.32977492
 -8.56090251 -8.02937742 -6.93320429 -5.47039994 -3.83898117 -2.23696479
 -0.86236764  0.11007285  0.67223536  0.88860235  0.82395656  0.54308073
  0.11075761 -0.40823007 -0.94909955 -1.44706811 -1.83832197 -2.09534458
 -2.23699201 -2.28514237 -2.26167377 -2.18846434 -2.08739218 -1.98033542
 -1.88917216 -1.83578052 -1.84203861 -1.92982456]
d_x_fitting=[ 12.0585702   21.90727255  31.75597491  41.60467726  51.45337962
  61.30208197  71.15078433  80.99948668  90.84818904 100.69689139
 110.54559375 120.3942961  130.24299846 140.09170082 149.94040317
 159.78910553 169.63780788 179.48651024 189.33521259 199.18391495
 209.0326173  218.88131966 228.73002201 238.57872437 248.42742672
 258.27612908 268.12483143 277.97353379 287.82223614 297.6709385
 307.51964085 317.36834321 327.21704556 337.06574792 346.91445027
 356.76315263 366.61185498 376.46055734 386.30925969 396.15796205
 406.0066644  415.85536676 425.70406911 435.55277147 445.40147383
 455.25017618 465.09887854 474.94758089 484.79628325 494.6449856
 504.49368796 514.34239031 524.19109267 534.03979502 543.88849738
 553.73719973 563.58590209 573.43460444 583.2833068  593.13200915
 602.98071151 612.82941386 622.67811622 632.52681857 642.37552093
 652.22422328 662.07292564 671.92162799 681.77033035 691.6190327
 701.46773506 711.31643741 721.16513977 731.01384212 740.86254448
 750.71124684 760.55994919 770.40865155 780.2573539  790.10605626
 799.95475861 809.80346097 819.65216332 829.50086568 839.34956803
 849.19827039 859.04697274 868.8956751  878.74437745 888.59307981
 898.44178216 908.29048452 918.13918687 927.98788923 937.83659158
 947.68529394 957.53399629 967.38269865 977.231401   987.08010336]
d_y_fitting=[1.57894737 2.24644434 2.69114447 2.93945984 3.01780253 2.95258462
 2.77021817 2.49711526 2.15968799 1.78434841 1.39750861 1.02558066
 0.69497664 0.43210864 0.26338871 0.21522895 0.31404143 0.58623822
 1.0582314  1.75371019 2.64562254 3.6620125  4.72937425 5.77420196
 6.72298978 7.51117117 8.12848933 8.58508617 8.89114014 9.05682967
 9.09233319 9.00782914 8.81349595 8.51951205 8.13605589 7.67330588
 7.14144047 6.55063949 5.91329538 5.24849885 4.57660322 3.91796181
 3.29292797 2.72185502 2.22509629 1.82300512 1.53593483 1.38423876
 1.38827024 1.56743126 1.91478332 2.39430242 2.96846248 3.59973742
 4.25060118 4.88352767 5.46099083 5.94678434 6.32517183 6.59655249
 6.76176299 6.82164    6.77702021 6.62874028 6.37763688 6.02454669
 5.5703064  5.02041251 4.40070541 3.74257579 3.07741444 2.43661219
 1.85155985 1.35356005 0.96169742 0.67044561 0.47132356 0.3558502
 0.31554444 0.34192524 0.4265115  0.56082216 0.73637616 0.94469241
 1.17728985 1.4256874  1.681404   1.93595858 2.18087005 2.40765736
 2.60783942 2.77293518 2.89446355 2.96394348 2.97289387 2.91283367
 2.77528181 2.5517572  2.23377879 1.8128655 ]