
p_x=[15.503875968992247, 80.96468561584841, 175.71059431524546, 261.84323858742465, 362.61843238587426, 487.51076658053404, 593.4539190353145, 670.1119724375538, 743.3247200689061, 829.4573643410853, 901.8087855297158, 993.1093884582257]
p_y=[1.6470588235294112, 3.2941176470588243, 2.7058823529411766, 2.0, 2.9411764705882346, 1.882352941176471, 0.47058823529411775, 2.7058823529411766, 0.9411764705882355, -1.1764705882352935, -4.9411764705882355, -6.470588235294116]
a_x=[12.919896640826872, 84.40999138673558, 127.47631352282515, 173.1266149870801, 257.5366063738157, 349.69853574504737, 406.54608096468564, 477.1748492678725, 551.2489233419467, 646.8561584840654, 677.0025839793282, 721.7915590008613, 773.4711455641689, 832.9026701119724, 921.619293712317, 991.3867355727821]
a_y=[-7.660818713450293, -4.152046783625732, -4.970760233918128, -2.8654970760233915, -1.2280701754385959, -4.619883040935672, -5.204678362573098, -0.7602339181286553, -0.9941520467836256, -1.2280701754385959, -5.789473684210527, 0.058479532163742576, -0.058479532163742576, -0.5263157894736832, -5.204678362573098, -0.7602339181286553]
d_x=[21.53316106804479, 86.99397071490095, 184.32385874246341, 274.76313522825154, 369.50904392764863, 482.34280792420327, 570.198105081826, 653.7467700258399, 734.7114556416882, 868.2170542635658, 925.925925925926, 992.2480620155038]
d_y=[2.1637426900584797, 2.397660818713451, 5.2046783625731, 4.853801169590644, 2.280701754385966, 4.385964912280702, 3.5672514619883042, 4.035087719298246, 5.2046783625731, 5.2046783625731, 2.514619883040936, 5.7894736842105265]
p_x_fitting=[ 15.50387597  25.37867913  35.25348228  45.12828544  55.00308859
  64.87789175  74.75269491  84.62749806  94.50230122 104.37710438
 114.25190753 124.12671069 134.00151385 143.876317   153.75112016
 163.62592332 173.50072647 183.37552963 193.25033279 203.12513594
 212.9999391  222.87474225 232.74954541 242.62434857 252.49915172
 262.37395488 272.24875804 282.12356119 291.99836435 301.87316751
 311.74797066 321.62277382 331.49757698 341.37238013 351.24718329
 361.12198644 370.9967896  380.87159276 390.74639591 400.62119907
 410.49600223 420.37080538 430.24560854 440.1204117  449.99521485
 459.87001801 469.74482117 479.61962432 489.49442748 499.36923064
 509.24403379 519.11883695 528.9936401  538.86844326 548.74324642
 558.61804957 568.49285273 578.36765589 588.24245904 598.1172622
 607.99206536 617.86686851 627.74167167 637.61647483 647.49127798
 657.36608114 667.2408843  677.11568745 686.99049061 696.86529376
 706.74009692 716.61490008 726.48970323 736.36450639 746.23930955
 756.1141127  765.98891586 775.86371902 785.73852217 795.61332533
 805.48812849 815.36293164 825.2377348  835.11253795 844.98734111
 854.86214427 864.73694742 874.61175058 884.48655374 894.36135689
 904.23616005 914.11096321 923.98576636 933.86056952 943.73537268
 953.61017583 963.48497899 973.35978215 983.2345853  993.10938846]
p_y_fitting=[ 1.64705882e+00  2.06610762e+00  2.41772833e+00  2.70633963e+00
  2.93636021e+00  3.11220877e+00  3.23830397e+00  3.31906452e+00
  3.35890909e+00  3.36225637e+00  3.33352505e+00  3.27713382e+00
  3.19750135e+00  3.09904634e+00  2.98618746e+00  2.86334342e+00
  2.73493289e+00  2.60533523e+00  2.47861596e+00  2.35869024e+00
  2.24947231e+00  2.15487640e+00  2.07881674e+00  2.02520756e+00
  1.99796310e+00  2.00099734e+00  2.03635171e+00  2.09968958e+00
  2.18531766e+00  2.28754262e+00  2.40067115e+00  2.51900994e+00
  2.63686567e+00  2.74854503e+00  2.84835469e+00  2.93060136e+00
  2.99017444e+00  3.02565812e+00  3.03708018e+00  3.02447170e+00
  2.98786377e+00  2.92728748e+00  2.84277392e+00  2.73435417e+00
  2.60205934e+00  2.44592049e+00  2.26596873e+00  2.06223514e+00
  1.83476699e+00  1.58700241e+00  1.32992635e+00  1.07554202e+00
  8.35852612e-01  6.22861336e-01  4.48571392e-01  3.24985982e-01
  2.64108309e-01  2.77941574e-01  3.78488981e-01  5.76981188e-01
  8.64331393e-01  1.20960944e+00  1.58080694e+00  1.94591552e+00
  2.27292680e+00  2.52983240e+00  2.68462393e+00  2.70876032e+00
  2.60836114e+00  2.40948912e+00  2.13844583e+00  1.82153284e+00
  1.48505175e+00  1.15530412e+00  8.58418010e-01  6.06554731e-01
  3.87889164e-01  1.88233122e-01 -6.60157889e-03 -2.10803124e-01
 -4.38559699e-01 -7.04059489e-01 -1.02149068e+00 -1.40414845e+00
 -1.85040615e+00 -2.34629622e+00 -2.87748016e+00 -3.42961945e+00
 -3.98837556e+00 -4.53940999e+00 -5.06838422e+00 -5.56095974e+00
 -6.00279802e+00 -6.37956056e+00 -6.67690884e+00 -6.88050433e+00
 -6.97600854e+00 -6.94908293e+00 -6.78538900e+00 -6.47058824e+00]
a_x_fitting=[ 12.91989664  22.80340006  32.68690349  42.57040691  52.45391034
  62.33741376  72.22091718  82.10442061  91.98792403 101.87142745
 111.75493088 121.6384343  131.52193772 141.40544115 151.28894457
 161.17244799 171.05595142 180.93945484 190.82295826 200.70646169
 210.58996511 220.47346854 230.35697196 240.24047538 250.12397881
 260.00748223 269.89098565 279.77448908 289.6579925  299.54149592
 309.42499935 319.30850277 329.19200619 339.07550962 348.95901304
 358.84251647 368.72601989 378.60952331 388.49302674 398.37653016
 408.26003358 418.14353701 428.02704043 437.91054385 447.79404728
 457.6775507  467.56105412 477.44455755 487.32806097 497.2115644
 507.09506782 516.97857124 526.86207467 536.74557809 546.62908151
 556.51258494 566.39608836 576.27959178 586.16309521 596.04659863
 605.93010205 615.81360548 625.6971089  635.58061232 645.46411575
 655.34761917 665.2311226  675.11462602 684.99812944 694.88163287
 704.76513629 714.64863971 724.53214314 734.41564656 744.29914998
 754.18265341 764.06615683 773.94966025 783.83316368 793.7166671
 803.60017053 813.48367395 823.36717737 833.2506808  843.13418422
 853.01768764 862.90119107 872.78469449 882.66819791 892.55170134
 902.43520476 912.31870818 922.20221161 932.08571503 941.96921846
 951.85272188 961.7362253  971.61972873 981.50323215 991.38673557]
a_y_fitting=[-7.66081871 -6.06216103 -4.9399759  -4.22594625 -3.85175503 -3.74908519
 -3.84961968 -4.08504144 -4.38703341 -4.68727855 -4.9174598  -5.0092601
 -4.89594353 -4.56898279 -4.09363311 -3.53990066 -2.97779159 -2.47162302
 -2.04235913 -1.69100942 -1.41847747 -1.22566689 -1.11348127 -1.08282418
 -1.13459923 -1.26967459 -1.48463266 -1.76773224 -2.1062758  -2.48756583
 -2.89890479 -3.32759516 -3.76093941 -4.18624002 -4.59079946 -4.95912347
 -5.26170536 -5.46465914 -5.53409738 -5.4361326  -5.13696483 -4.62954923
 -3.9711814  -3.22863145 -2.46866948 -1.75806562 -1.16358997 -0.75201221
 -0.5665961  -0.56396644 -0.68079154 -0.85373972 -1.0194793  -1.11467859
 -1.07600591 -0.84389839 -0.43352982  0.0712789   0.58415878  1.01874079
  1.28865592  1.30753516  0.98900951  0.24670994 -1.00573256 -2.77371121
 -4.56600566 -5.70323026 -5.60977141 -4.45778684 -2.7462411  -0.97546965
  0.35666565  0.98417386  1.05903478  0.77702289  0.33391263 -0.0745265
 -0.30302725 -0.38108497 -0.3759717  -0.35495946 -0.38532025 -0.53432534
 -0.84955649 -1.30772249 -1.86959123 -2.49593064 -3.14750862 -3.78509308
 -4.36945192 -4.86135307 -5.22156441 -5.41085387 -5.38998935 -5.11973877
 -4.56087002 -3.67415103 -2.42034969 -0.76023392]
d_x_fitting=[ 21.53316107  31.33836209  41.14356311  50.94876413  60.75396515
  70.55916617  80.36436719  90.16956821  99.97476923 109.77997025
 119.58517126 129.39037228 139.1955733  149.00077432 158.80597534
 168.61117636 178.41637738 188.2215784  198.02677942 207.83198044
 217.63718146 227.44238248 237.2475835  247.05278452 256.85798554
 266.66318656 276.46838758 286.2735886  296.07878962 305.88399064
 315.68919166 325.49439268 335.2995937  345.10479472 354.90999574
 364.71519676 374.52039778 384.3255988  394.13079982 403.93600084
 413.74120185 423.54640287 433.35160389 443.15680491 452.96200593
 462.76720695 472.57240797 482.37760899 492.18281001 501.98801103
 511.79321205 521.59841307 531.40361409 541.20881511 551.01401613
 560.81921715 570.62441817 580.42961919 590.23482021 600.04002123
 609.84522225 619.65042327 629.45562429 639.26082531 649.06602633
 658.87122735 668.67642837 678.48162939 688.28683041 698.09203143
 707.89723245 717.70243346 727.50763448 737.3128355  747.11803652
 756.92323754 766.72843856 776.53363958 786.3388406  796.14404162
 805.94924264 815.75444366 825.55964468 835.3648457  845.17004672
 854.97524774 864.78044876 874.58564978 884.3908508  894.19605182
 904.00125284 913.80645386 923.61165488 933.4168559  943.22205692
 953.02725794 962.83245896 972.63765998 982.442861   992.24806202]
d_y_fitting=[2.16374269 1.98292709 1.89201803 1.88212999 1.94437745 2.06987487
 2.24973674 2.47507753 2.73701171 3.02665377 3.33511817 3.65351939
 3.97297191 4.2845902  4.57948875 4.84878201 5.08358448 5.27510352
 5.41821187 5.51257489 5.55818139 5.55502021 5.50308017 5.4023501
 5.25281881 5.05447514 4.80732102 4.51534128 4.19208518 3.85250821
 3.51156586 3.18421362 2.88540696 2.63010137 2.43325235 2.30981537
 2.27407963 2.32577929 2.45050859 2.63327852 2.85910006 3.11298421
 3.37994196 3.6449843  3.89312222 4.10936671 4.27872877 4.38621938
 4.42165168 4.393844   4.3163156  4.20258577 4.06617378 3.92059892
 3.77938047 3.6560377  3.56408964 3.51355324 3.50214689 3.52489068
 3.57680473 3.65290914 3.74822402 3.85776949 3.97656565 4.09977325
 4.22546872 4.35447695 4.48773005 4.62616012 4.77069924 4.92227953
 5.08183307 5.25026531 5.42569559 5.60105438 5.76870586 5.92101421
 6.0503436  6.1490582  6.20952221 6.22409979 6.18515513 6.08505239
 5.91615576 5.67082941 5.34143752 4.92249057 4.43506945 3.91819913
 3.4112418  2.95355967 2.58451494 2.34346979 2.26978645 2.4028271
 2.78195395 3.4465292  4.43591504 5.78947368]