
p_x=[34.45305770887167, 111.9724375538329, 192.0757967269595, 257.5366063738157, 344.53057708871665, 414.2980189491817, 493.5400516795866, 541.7743324720069, 610.6804478897502, 693.3677863910423, 731.2661498708011, 797.588285960379, 880.275624461671, 965.5469422911284]
p_y=[-0.8235294117647047, -1.647058823529413, -1.764705882352942, -1.882352941176471, 1.4117647058823533, -1.2941176470588225, 2.5882352941176467, 1.882352941176471, 1.1764705882352935, 1.6470588235294112, 3.0588235294117645, 4.470588235294118, 3.88235294117647, 3.764705882352941]
a_x=[41.343669250645995, 80.1033591731266, 126.61498708010335, 176.57192075796726, 207.57967269595176, 288.5443583118002, 341.08527131782944, 388.458225667528, 446.167097329888, 526.2704565030147, 583.1180017226529, 667.5279931093885, 734.7114556416882, 820.8440999138674, 894.9181739879414, 964.6856158484065]
a_y=[-8.011695906432749, -5.438596491228068, -5.321637426900585, -6.842105263157894, -4.853801169590643, -5.321637426900585, -4.385964912280702, -3.5672514619883025, -2.397660818713449, -4.035087719298245, -3.450292397660819, -5.087719298245615, -4.269005847953215, -5.321637426900585, -6.023391812865498, -5.321637426900585]
d_x=[43.06632213608958, 102.4978466838932, 186.04651162790697, 225.6675279931094, 305.77088716623604, 391.04220499569334, 478.0361757105943, 548.6649440137812, 624.4616709732989, 695.0904392764859, 818.260120585702, 903.5314384151594, 986.2187769164514]
d_y=[1.578947368421053, 2.280701754385966, 2.0467836257309946, 2.1637426900584797, 3.8011695906432754, 4.035087719298246, 3.333333333333334, 2.9824561403508776, 4.853801169590644, 2.8654970760233924, 4.152046783625732, 3.8011695906432754, 2.397660818713451]
p_x_fitting=[ 34.45305771  43.85804644  53.26303518  62.66802391  72.07301264
  81.47800137  90.88299011 100.28797884 109.69296757 119.09795631
 128.50294504 137.90793377 147.31292251 156.71791124 166.12289997
 175.52788871 184.93287744 194.33786617 203.74285491 213.14784364
 222.55283237 231.95782111 241.36280984 250.76779857 260.1727873
 269.57777604 278.98276477 288.3877535  297.79274224 307.19773097
 316.6027197  326.00770844 335.41269717 344.8176859  354.22267464
 363.62766337 373.0326521  382.43764084 391.84262957 401.2476183
 410.65260704 420.05759577 429.4625845  438.86757323 448.27256197
 457.6775507  467.08253943 476.48752817 485.8925169  495.29750563
 504.70249437 514.1074831  523.51247183 532.91746057 542.3224493
 551.72743803 561.13242677 570.5374155  579.94240423 589.34739296
 598.7523817  608.15737043 617.56235916 626.9673479  636.37233663
 645.77732536 655.1823141  664.58730283 673.99229156 683.3972803
 692.80226903 702.20725776 711.6122465  721.01723523 730.42222396
 739.8272127  749.23220143 758.63719016 768.04217889 777.44716763
 786.85215636 796.25714509 805.66213383 815.06712256 824.47211129
 833.87710003 843.28208876 852.68707749 862.09206623 871.49705496
 880.90204369 890.30703243 899.71202116 909.11700989 918.52199863
 927.92698736 937.33197609 946.73696482 956.14195356 965.54694229]
p_y_fitting=[-0.82352941 -1.06403643 -1.25440955 -1.40008363 -1.50649352 -1.5790741
 -1.62326021 -1.64448672 -1.64818847 -1.63980034 -1.62475718 -1.60849384
 -1.59644519 -1.59404608 -1.60673138 -1.63993593 -1.6990946  -1.78957047
 -1.90716478 -2.02861745 -2.12840822 -2.18101688 -2.16092319 -2.04260693
 -1.80078893 -1.43219965 -0.97292119 -0.46311662  0.05705097  0.54741849
  0.96782287  1.27810102  1.43808987  1.40762683  1.16616601  0.76476827
  0.2708287  -0.2482576  -0.72509554 -1.09229003 -1.28244597 -1.23301148
 -0.95046168 -0.49270177  0.08113506  0.71191559  1.34050661  1.90777493
  2.35458733  2.62193567  2.6823547   2.58140297  2.37494341  2.11883896
  1.8689504   1.66834212  1.51707699  1.40619501  1.32673621  1.26974061
  1.22624823  1.18729907  1.14515019  1.10332249  1.07143395  1.05916253
  1.07618617  1.13218283  1.23683048  1.39980706  1.63079053  1.9340167
  2.28763972  2.66200959  3.02747489  3.35808085  3.64725127  3.89473825
  4.10029747  4.26368456  4.38465519  4.46296501  4.49897681  4.4967848
  4.46189986  4.39983554  4.31610544  4.21622313  4.1057022   3.99005621
  3.87479875  3.7654434   3.66750373  3.58649333  3.52792577  3.49731463
  3.50017349  3.54201594  3.62835554  3.76470588]
a_x_fitting=[ 41.34366925  50.67035558  59.99704191  69.32372824  78.65041457
  87.9771009   97.30378723 106.63047356 115.95715988 125.28384621
 134.61053254 143.93721887 153.2639052  162.59059153 171.91727786
 181.24396419 190.57065052 199.89733685 209.22402318 218.55070951
 227.87739584 237.20408217 246.53076849 255.85745482 265.18414115
 274.51082748 283.83751381 293.16420014 302.49088647 311.8175728
 321.14425913 330.47094546 339.79763179 349.12431812 358.45100445
 367.77769078 377.1043771  386.43106343 395.75774976 405.08443609
 414.41112242 423.73780875 433.06449508 442.39118141 451.71786774
 461.04455407 470.3712404  479.69792673 489.02461306 498.35129938
 507.67798571 517.00467204 526.33135837 535.6580447  544.98473103
 554.31141736 563.63810369 572.96479002 582.29147635 591.61816268
 600.94484901 610.27153534 619.59822167 628.92490799 638.25159432
 647.57828065 656.90496698 666.23165331 675.55833964 684.88502597
 694.2117123  703.53839863 712.86508496 722.19177129 731.51845762
 740.84514395 750.17183028 759.4985166  768.82520293 778.15188926
 787.47857559 796.80526192 806.13194825 815.45863458 824.78532091
 834.11200724 843.43869357 852.7653799  862.09206623 871.41875256
 880.74543888 890.07212521 899.39881154 908.72549787 918.0521842
 927.37887053 936.70555686 946.03224319 955.35892952 964.68561585]
a_y_fitting=[-8.01169591 -7.21709292 -6.52861401 -5.95330553 -5.49821382 -5.17038523
 -4.97686609 -4.92470275 -5.02094157 -5.27262887 -5.6748927  -6.14934004
 -6.58957011 -6.88912713 -6.94155531 -6.64688665 -6.0537207  -5.35886348
 -4.76530816 -4.40913325 -4.26681414 -4.29153745 -4.43648977 -4.65485771
 -4.89982787 -5.12458686 -5.28232127 -5.32783957 -5.2540824  -5.09258947
 -4.87661566 -4.63941589 -4.41424504 -4.22866548 -4.07562828 -3.93507508
 -3.78692418 -3.61109383 -3.39135404 -3.1415825  -2.88982132 -2.6641951
 -2.49282843 -2.40384592 -2.42340831 -2.54771893 -2.74962379 -3.0013507
 -3.27512746 -3.54318188 -3.77774178 -3.95103495 -4.03528922 -4.01371747
 -3.91262055 -3.7688623  -3.61930659 -3.50081727 -3.45025822 -3.49694768
 -3.63078199 -3.82882578 -4.06813674 -4.32577256 -4.57879093 -4.80424954
 -4.97920608 -5.08071823 -5.09076253 -5.02130933 -4.89563308 -4.73702894
 -4.56879207 -4.41421762 -4.29660075 -4.23769313 -4.24070316 -4.29658459
 -4.39607343 -4.52990569 -4.68881736 -4.86354447 -5.04482301 -5.223389
 -5.39008478 -5.53938434 -5.6702077  -5.78174621 -5.87319121 -5.94373403
 -5.99256602 -6.01887851 -6.02186286 -6.00071038 -5.95461243 -5.88276034
 -5.78434546 -5.65855912 -5.50459266 -5.32163743]
d_x_fitting=[ 43.06632214  52.59311461  62.11990708  71.64669955  81.17349203
  90.7002845  100.22707697 109.75386944 119.28066192 128.80745439
 138.33424686 147.86103933 157.38783181 166.91462428 176.44141675
 185.96820922 195.4950017  205.02179417 214.54858664 224.07537911
 233.60217159 243.12896406 252.65575653 262.182549   271.70934148
 281.23613395 290.76292642 300.28971889 309.81651137 319.34330384
 328.87009631 338.39688878 347.92368126 357.45047373 366.9772662
 376.50405867 386.03085115 395.55764362 405.08443609 414.61122856
 424.13802104 433.66481351 443.19160598 452.71839845 462.24519093
 471.7719834  481.29877587 490.82556834 500.35236082 509.87915329
 519.40594576 528.93273824 538.45953071 547.98632318 557.51311565
 567.03990813 576.5667006  586.09349307 595.62028554 605.14707802
 614.67387049 624.20066296 633.72745543 643.25424791 652.78104038
 662.30783285 671.83462532 681.3614178  690.88821027 700.41500274
 709.94179521 719.46858769 728.99538016 738.52217263 748.0489651
 757.57575758 767.10255005 776.62934252 786.15613499 795.68292747
 805.20971994 814.73651241 824.26330488 833.79009736 843.31688983
 852.8436823  862.37047477 871.89726725 881.42405972 890.95085219
 900.47764466 910.00443714 919.53122961 929.05802208 938.58481455
 948.11160703 957.6383995  967.16519197 976.69198444 986.21877692]
d_y_fitting=[1.57894737 1.78686757 1.95293983 2.0809955  2.17486592 2.23838245
 2.27537644 2.28967924 2.2851222  2.26553667 2.23475399 2.19660553
 2.15492264 2.11353665 2.07627893 2.04698083 2.03040079 2.03509829
 2.07060675 2.14645961 2.27021549 2.43628554 2.63371056 2.85151539
 3.07872485 3.30436379 3.51745703 3.70702943 3.86229968 3.97903169
 4.06095859 4.11229572 4.13725841 4.14006198 4.12492176 4.09605308
 4.05767127 4.01389277 3.96625586 3.91353943 3.85438723 3.787443
 3.71135049 3.62475343 3.52629557 3.41462066 3.28848281 3.15284299
 3.02205128 2.91123892 2.83553719 2.81007734 2.84999064 2.97040833
 3.18036472 3.45867682 3.77481763 4.09825738 4.39846631 4.64491467
 4.80707268 4.85441058 4.76606735 4.56317138 4.27824691 3.94381835
 3.59241016 3.25654677 2.9687526  2.76029235 2.64013403 2.59812781
 2.62350463 2.7054954  2.83333106 2.99624253 3.18346074 3.38421661
 3.58774107 3.78326505 3.96001947 4.10723526 4.21473548 4.28022624
 4.30701813 4.29854149 4.25822665 4.18950396 4.09580373 3.98055632
 3.84719206 3.69914128 3.53983432 3.37270152 3.20117321 3.02867973
 2.85865141 2.6945186  2.53971162 2.39766082]