
p_x=[23.25581395348837, 88.71662360034453, 152.45478036175712, 233.4194659776055, 290.26701119724373, 409.130060292851, 461.6709732988803, 560.7235142118863, 670.9732988802756, 745.9086993970715, 862.1877691645134, 916.4513350559862, 949.1817398794143, 985.3574504737296]
p_y=[1.5294117647058822, 4.705882352941177, 4.23529411764706, 4.117647058823529, 5.294117647058823, 6.588235294117647, 2.5882352941176467, 1.764705882352942, 5.882352941176471, 6.117647058823529, 7.294117647058824, 2.11764705882353, 2.11764705882353, 2.8235294117647056]
a_x=[12.058570198105082, 74.07407407407408, 121.44702842377261, 213.6089577950043, 308.35486649440134, 391.90353143841514, 440.1378122308355, 486.64944013781223, 562.4461670973299, 651.1627906976745, 836.3479758828596, 923.3419465977606, 991.3867355727821]
a_y=[-6.725146198830409, -4.385964912280702, -7.076023391812864, -6.842105263157894, -2.514619883040936, -1.6959064327485365, -1.4619883040935662, -6.491228070175438, -5.087719298245615, -1.9298245614035086, -1.578947368421053, -6.725146198830409, -7.192982456140349]
d_x=[9.474590869939707, 82.68733850129199, 229.11283376399655, 385.0129198966408, 518.5185185185185, 712.3169681309216, 844.0999138673557, 931.0938845822567, 993.1093884582257]
d_y=[1.6959064327485383, 3.5672514619883042, 3.5672514619883042, 1.3450292397660828, 1.2280701754385976, 3.9181286549707606, 3.5672514619883042, 1.9298245614035086, 2.1637426900584797]
p_x_fitting=[ 23.25581395  32.9740123   42.69221065  52.410409    62.12860735
  71.8468057   81.56500405  91.28320239 101.00140074 110.71959909
 120.43779744 130.15599579 139.87419414 149.59239249 159.31059084
 169.02878918 178.74698753 188.46518588 198.18338423 207.90158258
 217.61978093 227.33797928 237.05617762 246.77437597 256.49257432
 266.21077267 275.92897102 285.64716937 295.36536772 305.08356607
 314.80176441 324.51996276 334.23816111 343.95635946 353.67455781
 363.39275616 373.11095451 382.82915285 392.5473512  402.26554955
 411.9837479  421.70194625 431.4201446  441.13834295 450.8565413
 460.57473964 470.29293799 480.01113634 489.72933469 499.44753304
 509.16573139 518.88392974 528.60212809 538.32032643 548.03852478
 557.75672313 567.47492148 577.19311983 586.91131818 596.62951653
 606.34771487 616.06591322 625.78411157 635.50230992 645.22050827
 654.93870662 664.65690497 674.37510332 684.09330166 693.81150001
 703.52969836 713.24789671 722.96609506 732.68429341 742.40249176
 752.12069011 761.83888845 771.5570868  781.27528515 790.9934835
 800.71168185 810.4298802  820.14807855 829.86627689 839.58447524
 849.30267359 859.02087194 868.73907029 878.45726864 888.17546699
 897.89366534 907.61186368 917.33006203 927.04826038 936.76645873
 946.48465708 956.20285543 965.92105378 975.63925213 985.35745047]
p_y_fitting=[1.52941176 2.4172672  3.1355459  3.69972139 4.12526719 4.42765682
 4.62236379 4.72486164 4.75062388 4.71512403 4.63383562 4.52223216
 4.39578717 4.26997418 4.15943578 4.07039815 4.00419496 3.96209938
 3.94538461 3.95532381 3.99319019 4.06025691 4.15779867 4.28715916
 4.44977794 4.6471017  4.88057709 5.15165079 5.46130392 5.80095351
 6.15304749 6.49968742 6.82297487 7.10501142 7.32789862 7.47373804
 7.52463125 7.46267982 7.26998531 6.92864928 6.42109853 5.75626579
 4.98879119 4.17784153 3.38258361 2.66218423 2.06791499 1.60663871
 1.26970352 1.04844134 0.93418409 0.91826369 0.99201206 1.14676111
 1.37384275 1.66458891 2.01011233 2.39922071 2.8193424  3.25788717
 3.70226478 4.13988499 4.55815756 4.94449224 5.28629881 5.57098702
 5.78596663 5.91892466 5.97234515 5.97064848 5.94002988 5.90668462
 5.89680794 5.9365951  6.05224134 6.26739767 6.57298478 6.93720641
 7.32780881 7.71253822 8.05914089 8.33536307 8.508951   8.54765092
 8.4192091  8.09137176 7.53188517 6.71616412 5.70639938 4.61966053
 3.57388336 2.68700368 2.07693106 1.81570206 1.83516499 2.04048188
 2.33681475 2.62932561 2.82317649 2.82352941]
a_x_fitting=[ 12.0585702   21.95077389  31.84297758  41.73518127  51.62738496
  61.51958865  71.41179234  81.30399603  91.19619972 101.08840341
 110.9806071  120.8728108  130.76501449 140.65721818 150.54942187
 160.44162556 170.33382925 180.22603294 190.11823663 200.01044032
 209.90264401 219.7948477  229.68705139 239.57925508 249.47145877
 259.36366246 269.25586616 279.14806985 289.04027354 298.93247723
 308.82468092 318.71688461 328.6090883  338.50129199 348.39349568
 358.28569937 368.17790306 378.07010675 387.96231044 397.85451413
 407.74671782 417.63892151 427.53112521 437.4233289  447.31553259
 457.20773628 467.09993997 476.99214366 486.88434735 496.77655104
 506.66875473 516.56095842 526.45316211 536.3453658  546.23756949
 556.12977318 566.02197687 575.91418057 585.80638426 595.69858795
 605.59079164 615.48299533 625.37519902 635.26740271 645.1596064
 655.05181009 664.94401378 674.83621747 684.72842116 694.62062485
 704.51282854 714.40503223 724.29723593 734.18943962 744.08164331
 753.973847   763.86605069 773.75825438 783.65045807 793.54266176
 803.43486545 813.32706914 823.21927283 833.11147652 843.00368021
 852.8958839  862.78808759 872.68029128 882.57249498 892.46469867
 902.35690236 912.24910605 922.14130974 932.03351343 941.92571712
 951.81792081 961.7101245  971.60232819 981.49453188 991.38673557]
a_y_fitting=[-6.72514620e+00 -5.40908634e+00 -4.53108255e+00 -4.03481353e+00
 -3.86395795e+00 -3.96219453e+00 -4.27320196e+00 -4.74065893e+00
 -5.30824413e+00 -5.91963627e+00 -6.51851403e+00 -7.04855611e+00
 -7.46228453e+00 -7.75433771e+00 -7.93187849e+00 -8.00207176e+00
 -7.97208241e+00 -7.84907534e+00 -7.64021545e+00 -7.35266763e+00
 -6.99359677e+00 -6.57056772e+00 -6.09656796e+00 -5.58848962e+00
 -5.06331084e+00 -4.53800977e+00 -4.02956456e+00 -3.55495333e+00
 -3.13115424e+00 -2.77514544e+00 -2.50390431e+00 -2.32640267e+00
 -2.22383280e+00 -2.17136547e+00 -2.14417147e+00 -2.11742156e+00
 -2.06628652e+00 -1.96593713e+00 -1.79154415e+00 -1.52355874e+00
 -1.22094865e+00 -1.00287258e+00 -9.90023138e-01 -1.30309291e+00
 -2.04296755e+00 -3.12334919e+00 -4.35491016e+00 -5.54725146e+00
 -6.50997466e+00 -7.09795321e+00 -7.33470390e+00 -7.28300442e+00
 -7.00563245e+00 -6.56536567e+00 -6.02498177e+00 -5.44725842e+00
 -4.89442069e+00 -4.40137700e+00 -3.96375029e+00 -3.57411759e+00
 -3.22505592e+00 -2.90914232e+00 -2.61895379e+00 -2.34706737e+00
 -2.08606008e+00 -1.82862719e+00 -1.57225248e+00 -1.32075358e+00
 -1.07838302e+00 -8.49393305e-01 -6.38036972e-01 -4.48566541e-01
 -2.85234536e-01 -1.52293482e-01 -5.39959008e-02  5.40568290e-03
  2.16587457e-02 -9.48923616e-03 -9.22907863e-02 -2.30998428e-01
 -4.29864686e-01 -6.93142083e-01 -1.02508314e+00 -1.42994039e+00
 -1.91085071e+00 -2.45826731e+00 -3.05459391e+00 -3.68210597e+00
 -4.32307895e+00 -4.95978830e+00 -5.57450948e+00 -6.14951795e+00
 -6.66708915e+00 -7.10949854e+00 -7.45902159e+00 -7.69793373e+00
 -7.80851044e+00 -7.77302716e+00 -7.57375934e+00 -7.19298246e+00]
d_x_fitting=[  9.47459087  19.4102959   29.34600092  39.28170595  49.21741097
  59.153116    69.08882103  79.02452605  88.96023108  98.89593611
 108.83164113 118.76734616 128.70305118 138.63875621 148.57446124
 158.51016626 168.44587129 178.38157631 188.31728134 198.25298637
 208.18869139 218.12439642 228.06010145 237.99580647 247.9315115
 257.86721652 267.80292155 277.73862658 287.6743316  297.61003663
 307.54574165 317.48144668 327.41715171 337.35285673 347.28856176
 357.22426678 367.15997181 377.09567684 387.03138186 396.96708689
 406.90279192 416.83849694 426.77420197 436.70990699 446.64561202
 456.58131705 466.51702207 476.4527271  486.38843212 496.32413715
 506.25984218 516.1955472  526.13125223 536.06695726 546.00266228
 555.93836731 565.87407233 575.80977736 585.74548239 595.68118741
 605.61689244 615.55259746 625.48830249 635.42400752 645.35971254
 655.29541757 665.2311226  675.16682762 685.10253265 695.03823767
 704.9739427  714.90964773 724.84535275 734.78105778 744.7167628
 754.65246783 764.58817286 774.52387788 784.45958291 794.39528794
 804.33099296 814.26669799 824.20240301 834.13810804 844.07381307
 854.00951809 863.94522312 873.88092814 883.81663317 893.7523382
 903.68804322 913.62374825 923.55945328 933.4951583  943.43086333
 953.36656835 963.30227338 973.23797841 983.17368343 993.10938846]
d_y_fitting=[1.69590643 2.04441597 2.36152526 2.64818883 2.9053612  3.13399691
 3.3350505  3.50947648 3.6582294  3.78226378 3.88253416 3.95999506
 4.01560101 4.05030656 4.06506622 4.06083453 4.03856602 3.99921523
 3.94373667 3.87308489 3.78821441 3.69007977 3.57963549 3.45790861
 3.3263255  3.18644927 3.03984317 2.88807043 2.73269431 2.57527804
 2.41738487 2.26057804 2.10642078 1.95647634 1.81230797 1.67547891
 1.54755239 1.43009166 1.32465795 1.2324028  1.15357168 1.08828873
 1.03667805 0.99886379 0.97497006 0.96512098 0.96944068 0.98805328
 1.0210829  1.06865368 1.13088973 1.20791517 1.29973161 1.40532992
 1.5232033  1.65184146 1.78973411 1.93537096 2.08724172 2.2438361
 2.40364382 2.56515458 2.72685809 2.88724407 3.04480223 3.19802228
 3.34539392 3.48540687 3.61655085 3.73731555 3.8461907  3.94166822
 4.02248171 4.08782021 4.13692322 4.16903024 4.18338077 4.1792143
 4.15577033 4.11228836 4.04800789 3.96216842 3.85400943 3.72277043
 3.56769092 3.38927518 3.19312674 2.98613399 2.77518533 2.56716916
 2.36897388 2.1874879  2.02959961 1.90219742 1.81216972 1.76640492
 1.77179141 1.83521761 1.9635719  2.16374269]