
p_x=[23.25581395348837, 203.27304048234282, 366.0637381567614, 521.9638242894057, 734.7114556416882, 925.0645994832042, 979.328165374677]
p_y=[-1.2941176470588225, -4.23529411764706, -3.529411764705884, 4.588235294117648, 1.6470588235294112, 2.7058823529411766, 3.0588235294117645]
a_x=[14.642549526270457, 161.92937123169682, 373.81567614125754, 519.3798449612403, 721.7915590008613, 837.2093023255815, 986.2187769164514]
a_y=[-6.257309941520468, -5.321637426900585, -4.7368421052631575, -2.280701754385966, -4.385964912280702, -4.035087719298245, -1.8128654970760234]
d_x=[5.167958656330749, 200.6890611541774, 403.1007751937984, 538.3290267011197, 757.9672695951766, 991.3867355727821]
d_y=[1.461988304093568, -1.6959064327485365, 0.7602339181286553, 2.7485380116959064, 2.6315789473684212, 3.8011695906432754]
p_x_fitting=[ 23.25581395  32.91311043  42.57040691  52.22770339  61.88499987
  71.54229635  81.19959283  90.85688931 100.51418579 110.17148226
 119.82877874 129.48607522 139.1433717  148.80066818 158.45796466
 168.11526114 177.77255762 187.4298541  197.08715058 206.74444705
 216.40174353 226.05904001 235.71633649 245.37363297 255.03092945
 264.68822593 274.34552241 284.00281889 293.66011537 303.31741184
 312.97470832 322.6320048  332.28930128 341.94659776 351.60389424
 361.26119072 370.9184872  380.57578368 390.23308016 399.89037663
 409.54767311 419.20496959 428.86226607 438.51956255 448.17685903
 457.83415551 467.49145199 477.14874847 486.80604495 496.46334142
 506.1206379  515.77793438 525.43523086 535.09252734 544.74982382
 554.4071203  564.06441678 573.72171326 583.37900974 593.03630621
 602.69360269 612.35089917 622.00819565 631.66549213 641.32278861
 650.98008509 660.63738157 670.29467805 679.95197453 689.609271
 699.26656748 708.92386396 718.58116044 728.23845692 737.8957534
 747.55304988 757.21034636 766.86764284 776.52493932 786.18223579
 795.83953227 805.49682875 815.15412523 824.81142171 834.46871819
 844.12601467 853.78331115 863.44060763 873.09790411 882.75520058
 892.41249706 902.06979354 911.72709002 921.3843865  931.04168298
 940.69897946 950.35627594 960.01357242 969.6708689  979.32816537]
p_y_fitting=[-1.29411765 -1.28964998 -1.31787733 -1.37622171 -1.46210512 -1.57294958
 -1.7061771  -1.85920969 -2.02946935 -2.2143781  -2.41135795 -2.6178309
 -2.83121897 -3.04894417 -3.2684285  -3.48709398 -3.70236262 -3.91165642
 -4.1123974  -4.30200756 -4.47790892 -4.63752349 -4.77827327 -4.89758028
 -4.99286653 -5.06155402 -5.10106477 -5.10882078 -5.08224407 -5.01875664
 -4.91578051 -4.77073769 -4.58105018 -4.34413999 -4.05742914 -3.71833964
 -3.32451619 -2.8786612  -2.38849923 -1.86197042 -1.30701493 -0.7315729
 -0.1435845   0.44901012  1.03827082  1.61625745  2.17502985  2.70664787
  3.20317136  3.65666016  4.05917414  4.40277312  4.67961594  4.88681914
  5.0286675   5.11000582  5.13567888  5.11053148  5.03940839  4.92715442
  4.77861434  4.59863296  4.39205504  4.16372539  3.9184888   3.66119004
  3.39667391  3.1297852   2.8653687   2.60826919  2.36333146  2.13540031
  1.92932051  1.74993687  1.60205165  1.4878494   1.40541785  1.3524877
  1.32678966  1.32605444  1.34801273  1.39039525  1.45093268  1.52735574
  1.61739513  1.71878155  1.8292457   1.9465183   2.06833003  2.19241161
  2.31649373  2.43830711  2.55558244  2.66605043  2.76744178  2.85748719
  2.93391737  2.99446301  3.03685483  3.05882353]
a_x_fitting=[ 14.64254953  24.45645081  34.2703521   44.08425339  53.89815467
  63.71205596  73.52595725  83.33985853  93.15375982 102.96766111
 112.78156239 122.59546368 132.40936497 142.22326625 152.03716754
 161.85106883 171.66497011 181.4788714  191.29277269 201.10667397
 210.92057526 220.73447655 230.54837784 240.36227912 250.17618041
 259.9900817  269.80398298 279.61788427 289.43178556 299.24568684
 309.05958813 318.87348942 328.6873907  338.50129199 348.31519328
 358.12909456 367.94299585 377.75689714 387.57079842 397.38469971
 407.198601   417.01250228 426.82640357 436.64030486 446.45420614
 456.26810743 466.08200872 475.89591    485.70981129 495.52371258
 505.33761386 515.15151515 524.96541644 534.77931773 544.59321901
 554.4071203  564.22102159 574.03492287 583.84882416 593.66272545
 603.47662673 613.29052802 623.10442931 632.91833059 642.73223188
 652.54613317 662.36003445 672.17393574 681.98783703 691.80173831
 701.6156396  711.42954089 721.24344217 731.05734346 740.87124475
 750.68514603 760.49904732 770.31294861 780.12684989 789.94075118
 799.75465247 809.56855375 819.38245504 829.19635633 839.01025761
 848.8241589  858.63806019 868.45196148 878.26586276 888.07976405
 897.89366534 907.70756662 917.52146791 927.3353692  937.14927048
 946.96317177 956.77707306 966.59097434 976.40487563 986.21877692]
a_y_fitting=[-6.25730994 -6.09023233 -5.94286799 -5.81411913 -5.70288797 -5.60807672
 -5.52858759 -5.46332281 -5.41118458 -5.37107512 -5.34189665 -5.32255138
 -5.31194153 -5.3089693  -5.31253693 -5.32154661 -5.33490057 -5.35150102
 -5.37025018 -5.39005026 -5.40980347 -5.42841204 -5.44477817 -5.45780408
 -5.46639198 -5.4694441  -5.46586264 -5.45454982 -5.43440786 -5.40433897
 -5.36324536 -5.31002925 -5.24359286 -5.1628384  -5.06666808 -4.95398412
 -4.82368874 -4.67473394 -4.50798944 -4.32680565 -4.13469775 -3.9351809
 -3.73177028 -3.52798105 -3.32732837 -3.13332743 -2.94949339 -2.77934142
 -2.62638669 -2.49414436 -2.38612961 -2.3058576  -2.25665555 -2.23866363
 -2.24936166 -2.28614795 -2.34642077 -2.42757842 -2.52701919 -2.64214137
 -2.77034325 -2.90902312 -3.05557927 -3.20740999 -3.36191357 -3.5164883
 -3.66853247 -3.81544437 -3.9546223  -4.08346453 -4.19936937 -4.2997351
 -4.38196002 -4.44394042 -4.48592872 -4.50887343 -4.51372316 -4.50142653
 -4.47293216 -4.42918865 -4.37114462 -4.29974869 -4.21594946 -4.12069556
 -4.01493559 -3.89961816 -3.7756919  -3.64410542 -3.50580732 -3.36174623
 -3.21287075 -3.06012951 -2.90447111 -2.74684416 -2.58819729 -2.42947911
 -2.27163822 -2.11562325 -1.9623828  -1.8128655 ]
d_x_fitting=[  5.16795866  15.12976448  25.09157031  35.05337614  45.01518197
  54.97698779  64.93879362  74.90059945  84.86240528  94.8242111
 104.78601693 114.74782276 124.70962859 134.67143441 144.63324024
 154.59504607 164.5568519  174.51865772 184.48046355 194.44226938
 204.40407521 214.36588103 224.32768686 234.28949269 244.25129851
 254.21310434 264.17491017 274.136716   284.09852182 294.06032765
 304.02213348 313.98393931 323.94574513 333.90755096 343.86935679
 353.83116262 363.79296844 373.75477427 383.7165801  393.67838593
 403.64019175 413.60199758 423.56380341 433.52560924 443.48741506
 453.44922089 463.41102672 473.37283255 483.33463837 493.2964442
 503.25825003 513.22005586 523.18186168 533.14366751 543.10547334
 553.06727917 563.02908499 572.99089082 582.95269665 592.91450248
 602.8763083  612.83811413 622.79991996 632.76172578 642.72353161
 652.68533744 662.64714327 672.60894909 682.57075492 692.53256075
 702.49436658 712.4561724  722.41797823 732.37978406 742.34158989
 752.30339571 762.26520154 772.22700737 782.1888132  792.15061902
 802.11242485 812.07423068 822.03603651 831.99784233 841.95964816
 851.92145399 861.88325982 871.84506564 881.80687147 891.7686773
 901.73048313 911.69228895 921.65409478 931.61590061 941.57770644
 951.53951226 961.50131809 971.46312392 981.42492975 991.38673557]
d_y_fitting=[ 1.4619883   1.08904241  0.74278421  0.4225466   0.1276625  -0.14253519
 -0.38871357 -0.61153973 -0.81168077 -0.98980379 -1.14657586 -1.28266411
 -1.3987356  -1.49545745 -1.57349675 -1.63352058 -1.67619606 -1.70219026
 -1.71217029 -1.70680324 -1.68675621 -1.65269629 -1.60529057 -1.54520616
 -1.47311014 -1.38966961 -1.29555166 -1.1914234  -1.07795191 -0.95580429
 -0.82564764 -0.68814905 -0.54397561 -0.39379442 -0.23827257 -0.07807717
  0.0861247   0.25366594  0.42387946  0.59609816  0.76965493  0.94380766
  1.11755906  1.28985761  1.4596518   1.62589013  1.78752108  1.94349313
  2.09275479  2.23425453  2.36694085  2.48976223  2.60166717  2.70160416
  2.78855405  2.86231927  2.92356902  2.9730139   3.0113645   3.03933145
  3.05762535  3.0669568   3.06803641  3.06157478  3.04828253  3.02887025
  3.00404856  2.97452806  2.94101936  2.90423307  2.86487978  2.82367011
  2.78131467  2.73852405  2.69600887  2.65447973  2.61464724  2.577222
  2.54291463  2.51243572  2.48649589  2.46580574  2.45107587  2.4430169
  2.44233943  2.44975406  2.46597141  2.49170207  2.52765666  2.57454578
  2.63308004  2.70397004  2.78792639  2.8856597   2.99788057  3.12529961
  3.26862742  3.42857462  3.60585181  3.80116959]