
p_x=[18.949181739879414, 69.76744186046511, 222.2222222222222, 310.93884582256675, 456.50301464254954, 638.2428940568475, 811.3695090439277, 948.3204134366924]
p_y=[2.0, 4.588235294117648, 4.470588235294118, 2.11764705882353, 4.823529411764706, 4.0, 4.588235294117648, 5.176470588235294]
a_x=[17.226528854435834, 75.79672695951766, 160.2067183462532, 297.15762273901805, 447.0284237726098, 658.9147286821704, 866.4944013781222, 988.8027562446167]
a_y=[-6.959064327485379, -3.450292397660819, -1.6959064327485365, -5.906432748538011, -6.6081871345029235, -3.2163742690058488, -2.6315789473684212, -1.9298245614035086]
d_x=[12.058570198105082, 176.57192075796726, 392.76485788113695, 664.0826873385013, 885.4435831180017, 991.3867355727821]
d_y=[4.502923976608187, 5.43859649122807, 3.5672514619883042, 4.502923976608187, 6.023391812865498, 5.672514619883041]
p_x_fitting=[ 18.94918174  28.33676994  37.72435814  47.11194634  56.49953454
  65.88712273  75.27471093  84.66229913  94.04988733 103.43747553
 112.82506373 122.21265193 131.60024013 140.98782833 150.37541653
 159.76300472 169.15059292 178.53818112 187.92576932 197.31335752
 206.70094572 216.08853392 225.47612212 234.86371032 244.25129851
 253.63888671 263.02647491 272.41406311 281.80165131 291.18923951
 300.57682771 309.96441591 319.35200411 328.73959231 338.1271805
 347.5147687  356.9023569  366.2899451  375.6775333  385.0651215
 394.4527097  403.8402979  413.2278861  422.6154743  432.00306249
 441.39065069 450.77823889 460.16582709 469.55341529 478.94100349
 488.32859169 497.71617989 507.10376809 516.49135628 525.87894448
 535.26653268 544.65412088 554.04170908 563.42929728 572.81688548
 582.20447368 591.59206188 600.97965008 610.36723827 619.75482647
 629.14241467 638.53000287 647.91759107 657.30517927 666.69276747
 676.08035567 685.46794387 694.85553206 704.24312026 713.63070846
 723.01829666 732.40588486 741.79347306 751.18106126 760.56864946
 769.95623766 779.34382586 788.73141405 798.11900225 807.50659045
 816.89417865 826.28176685 835.66935505 845.05694325 854.44453145
 863.83211965 873.21970785 882.60729604 891.99488424 901.38247244
 910.77006064 920.15764884 929.54523704 938.93282524 948.32041344]
p_y_fitting=[2.         2.60134349 3.14502656 3.63264852 4.06580865 4.44610626
 4.77514066 5.05451112 5.28581697 5.4706575  5.610632   5.70733978
 5.76238013 5.77735235 5.75385576 5.69348963 5.59785328 5.468546
 5.30716709 5.11531586 4.89459159 4.6465936  4.37297765 4.07848561
 3.77247624 3.46468668 3.16485402 2.88271539 2.62800789 2.41046863
 2.23983473 2.12584329 2.07624753 2.08794491 2.15413863 2.26802879
 2.4228155  2.61169888 2.82787903 3.06455607 3.31493009 3.57220122
 3.82956956 4.08023523 4.31739832 4.53425895 4.72401724 4.87996814
 4.99931761 5.08448529 5.13825294 5.16340237 5.16271535 5.13897368
 5.09495913 5.03345351 4.95723858 4.86909615 4.77180799 4.66815589
 4.56092165 4.45288704 4.34683385 4.24554387 4.15179889 4.06838069
 3.99807104 3.94298167 3.90277886 3.87657116 3.86346712 3.86257529
 3.87300422 3.89386246 3.92425856 3.96330106 4.01009852 4.06375948
 4.1233925  4.18810612 4.25700889 4.32920936 4.40381608 4.47993759
 4.55668246 4.63315922 4.70847643 4.78174264 4.85206639 4.91855623
 4.98032071 5.03646839 5.08610781 5.12834752 5.16229606 5.18706199
 5.20175386 5.20548022 5.19734961 5.17647059]
a_x_fitting=[ 17.22652885  27.04043014  36.85433143  46.66823271  56.482134
  66.29603529  76.10993658  85.92383786  95.73773915 105.55164044
 115.36554172 125.17944301 134.9933443  144.80724558 154.62114687
 164.43504816 174.24894944 184.06285073 193.87675202 203.6906533
 213.50455459 223.31845588 233.13235716 242.94625845 252.76015974
 262.57406102 272.38796231 282.2018636  292.01576488 301.82966617
 311.64356746 321.45746874 331.27137003 341.08527132 350.8991726
 360.71307389 370.52697518 380.34087646 390.15477775 399.96867904
 409.78258033 419.59648161 429.4103829  439.22428419 449.03818547
 458.85208676 468.66598805 478.47988933 488.29379062 498.10769191
 507.92159319 517.73549448 527.54939577 537.36329705 547.17719834
 556.99109963 566.80500091 576.6189022  586.43280349 596.24670477
 606.06060606 615.87450735 625.68840863 635.50230992 645.31621121
 655.13011249 664.94401378 674.75791507 684.57181635 694.38571764
 704.19961893 714.01352022 723.8274215  733.64132279 743.45522408
 753.26912536 763.08302665 772.89692794 782.71082922 792.52473051
 802.3386318  812.15253308 821.96643437 831.78033566 841.59423694
 851.40813823 861.22203952 871.0359408  880.84984209 890.66374338
 900.47764466 910.29154595 920.10544724 929.91934852 939.73324981
 949.5471511  959.36105238 969.17495367 978.98885496 988.80275624]
a_y_fitting=[-6.95906433 -6.26520231 -5.61104663 -4.9988213  -4.43075028 -3.90905756
 -3.43596712 -3.01370295 -2.64448903 -2.33054934 -2.07410786 -1.87738858
 -1.74261549 -1.67201255 -1.66780376 -1.73207872 -1.86254236 -2.05164692
 -2.29153484 -2.57434855 -2.89223051 -3.23732315 -3.60176892 -3.97771026
 -4.35728961 -4.73264942 -5.09593214 -5.43928019 -5.75483603 -6.03491593
 -6.2763221  -6.4806318  -6.64965401 -6.78519768 -6.8890718  -6.96308534
 -7.00904727 -7.02876657 -7.02405219 -6.99671313 -6.94855834 -6.88139681
 -6.79703749 -6.69728938 -6.58396051 -6.4586769  -6.32266371 -6.17709272
 -6.0231357  -5.86196444 -5.6947507  -5.52266627 -5.34688291 -5.1685724
 -4.98890652 -4.80905705 -4.63019575 -4.45349441 -4.28012479 -4.11125868
 -3.94806785 -3.79172408 -3.64339913 -3.50426479 -3.37549283 -3.25825503
 -3.15364641 -3.06167641 -2.98154986 -2.91245256 -2.85357036 -2.80408905
 -2.76319448 -2.73007247 -2.70390883 -2.6838894  -2.66919999 -2.65902643
 -2.65255454 -2.64897015 -2.64745907 -2.64720714 -2.64740018 -2.647224
 -2.64586444 -2.64250732 -2.63633845 -2.62654367 -2.6123088  -2.59281965
 -2.56726206 -2.53482185 -2.49468484 -2.44603685 -2.38806371 -2.31995125
 -2.24088527 -2.15005162 -2.04663611 -1.92982456]
d_x_fitting=[ 12.0585702   21.95077389  31.84297758  41.73518127  51.62738496
  61.51958865  71.41179234  81.30399603  91.19619972 101.08840341
 110.9806071  120.8728108  130.76501449 140.65721818 150.54942187
 160.44162556 170.33382925 180.22603294 190.11823663 200.01044032
 209.90264401 219.7948477  229.68705139 239.57925508 249.47145877
 259.36366246 269.25586616 279.14806985 289.04027354 298.93247723
 308.82468092 318.71688461 328.6090883  338.50129199 348.39349568
 358.28569937 368.17790306 378.07010675 387.96231044 397.85451413
 407.74671782 417.63892151 427.53112521 437.4233289  447.31553259
 457.20773628 467.09993997 476.99214366 486.88434735 496.77655104
 506.66875473 516.56095842 526.45316211 536.3453658  546.23756949
 556.12977318 566.02197687 575.91418057 585.80638426 595.69858795
 605.59079164 615.48299533 625.37519902 635.26740271 645.1596064
 655.05181009 664.94401378 674.83621747 684.72842116 694.62062485
 704.51282854 714.40503223 724.29723593 734.18943962 744.08164331
 753.973847   763.86605069 773.75825438 783.65045807 793.54266176
 803.43486545 813.32706914 823.21927283 833.11147652 843.00368021
 852.8958839  862.78808759 872.68029128 882.57249498 892.46469867
 902.35690236 912.24910605 922.14130974 932.03351343 941.92571712
 951.81792081 961.7101245  971.60232819 981.49453188 991.38673557]
d_y_fitting=[4.50292398 4.69568043 4.86703318 5.01778985 5.14875808 5.26074548
 5.35455969 5.43100833 5.49089903 5.53503941 5.5642371  5.57929973
 5.58103493 5.57025032 5.54775352 5.51435217 5.4708539  5.41806632
 5.35679706 5.28785375 5.21204403 5.1301755  5.04305581 4.95149258
 4.85629343 4.75826599 4.65821789 4.55695675 4.45529021 4.35402588
 4.25397139 4.15593438 4.06072247 3.96914328 3.88200443 3.80011357
 3.72427831 3.65530628 3.59400511 3.54115784 3.4970187  3.46133281
 3.43382459 3.41421849 3.40223894 3.3976104  3.4000573  3.40930407
 3.42507516 3.44709501 3.47508806 3.50877875 3.54789152 3.59215081
 3.64128105 3.69500669 3.75305218 3.81514194 3.88100042 3.95035206
 4.0229213  4.09843258 4.17661034 4.25717901 4.33986305 4.42438688
 4.51047495 4.59782501 4.68605263 4.77475754 4.86353946 4.95199814
 5.0397333  5.12634467 5.21143199 5.29459498 5.37543339 5.45354694
 5.52853537 5.59999841 5.66753579 5.73074724 5.78923249 5.84259129
 5.89042335 5.93232842 5.96790622 5.99675648 6.01847895 6.03267334
 6.0389394  6.03687686 6.02608544 6.00616488 5.97671492 5.93733528
 5.8876257  5.82718591 5.75561564 5.67251462]