
p_x=[37.03703703703704, 142.9801894918174, 251.50732127476317, 329.88802756244615, 482.34280792420327, 565.8914728682171, 674.4186046511628, 819.1214470284239, 937.984496124031, 991.3867355727821]
p_y=[2.11764705882353, 5.411764705882353, 6.352941176470589, 6.0, 2.8235294117647056, 6.705882352941177, 6.470588235294118, 5.176470588235294, 4.588235294117648, 3.764705882352941]
a_x=[8.613264427217917, 43.06632213608958, 125.75366063738159, 208.44099913867356, 321.2747631352282, 446.167097329888, 621.8776916451335, 761.4125753660637, 926.7872523686477, 987.0801033591732]
a_y=[-7.192982456140349, -4.502923976608187, -4.853801169590643, -2.280701754385966, -2.397660818713449, -8.011695906432749, -2.7485380116959064, -2.7485380116959064, -4.269005847953215, -3.5672514619883025]
d_x=[6.029285099052541, 195.52110249784667, 453.0577088716624, 633.0749354005169, 858.7424633936262, 999.1386735572783]
d_y=[1.461988304093568, 4.619883040935672, 1.461988304093568, 4.385964912280702, 4.152046783625732, 3.9181286549707606]
p_x_fitting=[ 37.03703704  46.67693298  56.31682893  65.95672487  75.59662082
  85.23651676  94.87641271 104.51630865 114.1562046  123.79610054
 133.43599649 143.07589243 152.71578837 162.35568432 171.99558026
 181.63547621 191.27537215 200.9152681  210.55516404 220.19505999
 229.83495593 239.47485188 249.11474782 258.75464377 268.39453971
 278.03443566 287.6743316  297.31422755 306.95412349 316.59401944
 326.23391538 335.87381133 345.51370727 355.15360322 364.79349916
 374.43339511 384.07329105 393.71318699 403.35308294 412.99297888
 422.63287483 432.27277077 441.91266672 451.55256266 461.19245861
 470.83235455 480.4722505  490.11214644 499.75204239 509.39193833
 519.03183428 528.67173022 538.31162617 547.95152211 557.59141806
 567.231314   576.87120995 586.51110589 596.15100184 605.79089778
 615.43079373 625.07068967 634.71058561 644.35048156 653.9903775
 663.63027345 673.27016939 682.91006534 692.54996128 702.18985723
 711.82975317 721.46964912 731.10954506 740.74944101 750.38933695
 760.0292329  769.66912884 779.30902479 788.94892073 798.58881668
 808.22871262 817.86860857 827.50850451 837.14840046 846.7882964
 856.42819235 866.06808829 875.70798424 885.34788018 894.98777612
 904.62767207 914.26756801 923.90746396 933.5473599  943.18725585
 952.82715179 962.46704774 972.10694368 981.74683963 991.38673557]
p_y_fitting=[2.11764706 2.56999059 2.98707638 3.37047479 3.72175617 4.04249085
 4.3342492  4.59860156 4.83711827 5.05136968 5.24292615 5.41335802
 5.56423564 5.69712935 5.81360951 5.91524646 6.00361056 6.08027214
 6.14680156 6.20476917 6.25574531 6.30130033 6.34300458 6.38183188
 6.4135952  6.43146334 6.42858367 6.39810353 6.33317028 6.22693127
 6.07253386 5.86383607 5.60449563 5.3053089  4.97723395 4.63122883
 4.27825162 3.92926036 3.59521312 3.28706796 3.01578295 2.79231613
 2.62762557 2.53266933 2.51840547 2.59579206 2.77578715 3.06622794
 3.45232267 3.90930535 4.41236644 4.93669641 5.45748572 5.94992484
 6.38920421 6.75052988 7.0176052  7.19668025 7.2977027  7.33062022
 7.30538047 7.23193111 7.12021981 6.98019425 6.82180207 6.65499096
 6.48970858 6.33470425 6.19185468 6.0605909  5.94034102 5.83053311
 5.73059527 5.63995557 5.55804212 5.48428299 5.41810627 5.35894005
 5.30621242 5.25935147 5.21778527 5.18094192 5.14814464 5.1180948
 5.08926543 5.06012921 5.02915882 4.99482696 4.9556063  4.90996953
 4.85638932 4.79333837 4.71928936 4.63271497 4.53208788 4.41588077
 4.28256634 4.13061725 3.95850621 3.76470588]
a_x_fitting=[  8.61326443  18.49676785  28.38027127  38.2637747   48.14727812
  58.03078154  67.91428497  77.79778839  87.68129182  97.56479524
 107.44829866 117.33180209 127.21530551 137.09880893 146.98231236
 156.86581578 166.7493192  176.63282263 186.51632605 196.39982947
 206.2833329  216.16683632 226.05033975 235.93384317 245.81734659
 255.70085002 265.58435344 275.46785686 285.35136029 295.23486371
 305.11836713 315.00187056 324.88537398 334.7688774  344.65238083
 354.53588425 364.41938768 374.3028911  384.18639452 394.06989795
 403.95340137 413.83690479 423.72040822 433.60391164 443.48741506
 453.37091849 463.25442191 473.13792533 483.02142876 492.90493218
 502.7884356  512.67193903 522.55544245 532.43894588 542.3224493
 552.20595272 562.08945615 571.97295957 581.85646299 591.73996642
 601.62346984 611.50697326 621.39047669 631.27398011 641.15748353
 651.04098696 660.92449038 670.80799381 680.69149723 690.57500065
 700.45850408 710.3420075  720.22551092 730.10901435 739.99251777
 749.87602119 759.75952462 769.64302804 779.52653146 789.41003489
 799.29353831 809.17704174 819.06054516 828.94404858 838.82755201
 848.71105543 858.59455885 868.47806228 878.3615657  888.24506912
 898.12857255 908.01207597 917.89557939 927.77908282 937.66258624
 947.54608966 957.42959309 967.31309651 977.19659994 987.08010336]
a_y_fitting=[-7.19298246 -6.07447473 -5.25439597 -4.69356698 -4.35280856 -4.19294151
 -4.17478664 -4.25916474 -4.40689662 -4.57880308 -4.73570492 -4.83842295
 -4.84781081 -4.73995285 -4.530326   -4.24069126 -3.89280968 -3.50844226
 -3.10935005 -2.71729405 -2.35403529 -2.03969256 -1.78150756 -1.58064771
 -1.43824464 -1.35543    -1.33333543 -1.37309256 -1.47583303 -1.64268849
 -1.87479057 -2.17327092 -2.53914147 -2.96764429 -3.44580753 -3.96003162
 -4.49671699 -5.04226407 -5.5830733  -6.10554511 -6.59607993 -7.04107819
 -7.42694033 -7.74006679 -7.96685798 -8.09517219 -8.12649191 -8.06973201
 -7.9338824  -7.72793298 -7.46087368 -7.14169439 -6.77938502 -6.38293549
 -5.9613357  -5.52357556 -5.07864499 -4.63553388 -4.20323215 -3.7907297
 -3.40701646 -3.06108231 -2.76191718 -2.51667725 -2.32401299 -2.18011049
 -2.08115555 -2.02333401 -2.00283168 -2.01583439 -2.05852795 -2.12709819
 -2.21773092 -2.32661197 -2.44992716 -2.5838623  -2.72460323 -2.86855406
 -3.01357287 -3.15811187 -3.30062504 -3.43956635 -3.57338977 -3.70054927
 -3.81949883 -3.92869243 -4.02658403 -4.11162761 -4.18227715 -4.23698661
 -4.27420998 -4.29240122 -4.2900143  -4.26550321 -4.21732192 -4.14392439
 -4.04376461 -3.91529655 -3.75697417 -3.56725146]
d_x_fitting=[  6.0292851   16.06069306  26.09210103  36.12350899  46.15491696
  56.18632492  66.21773288  76.24914085  86.28054881  96.31195678
 106.34336474 116.37477271 126.40618067 136.43758863 146.4689966
 156.50040456 166.53181253 176.56322049 186.59462846 196.62603642
 206.65744438 216.68885235 226.72026031 236.75166828 246.78307624
 256.8144842  266.84589217 276.87730013 286.9087081  296.94011606
 306.97152403 317.00293199 327.03433995 337.06574792 347.09715588
 357.12856385 367.15997181 377.19137978 387.22278774 397.2541957
 407.28560367 417.31701163 427.3484196  437.37982756 447.41123552
 457.44264349 467.47405145 477.50545942 487.53686738 497.56827535
 507.59968331 517.63109127 527.66249924 537.6939072  547.72531517
 557.75672313 567.7881311  577.81953906 587.85094702 597.88235499
 607.91376295 617.94517092 627.97657888 638.00798685 648.03939481
 658.07080277 668.10221074 678.1336187  688.16502667 698.19643463
 708.22784259 718.25925056 728.29065852 738.32206649 748.35347445
 758.38488242 768.41629038 778.44769834 788.47910631 798.51051427
 808.54192224 818.5733302  828.60473817 838.63614613 848.66755409
 858.69896206 868.73037002 878.76177799 888.79318595 898.82459392
 908.85600188 918.88740984 928.91881781 938.95022577 948.98163374
 959.0130417  969.04444966 979.07585763 989.10726559 999.13867356]
d_y_fitting=[1.4619883  1.97762484 2.44425038 2.86365081 3.23761205 3.56792001
 3.8563606  4.10471972 4.31478328 4.4883372  4.62716737 4.73305971
 4.80780013 4.85317453 4.87096882 4.86296891 4.83096072 4.77673014
 4.70206308 4.60874546 4.49856318 4.37330215 4.23474828 4.08468748
 3.92490565 3.75718871 3.58332256 3.40509311 3.22428626 3.04268794
 2.86208404 2.68426047 2.51100314 2.34409797 2.18533085 2.0364877
 1.89935442 1.77571693 1.66736112 1.57607292 1.50363823 1.45184295
 1.42247299 1.41731427 1.43815269 1.48671151 1.56273803 1.663651
 1.78673535 1.92927604 2.088558   2.26186619 2.44648554 2.63970101
 2.83879754 3.04106008 3.24377357 3.44422296 3.63969319 3.82746921
 4.00483597 4.16907841 4.31748147 4.44740367 4.55796264 4.65007341
 4.72473218 4.78293517 4.82567859 4.85395866 4.8687716  4.87111361
 4.86198092 4.84236974 4.81327628 4.77569676 4.7306274  4.6790644
 4.62200399 4.56044237 4.49537577 4.4278004  4.35871246 4.28910819
 4.21998379 4.15233548 4.08715947 4.02545197 3.96820921 3.9164274
 3.87110275 3.83323148 3.8038098  3.78383392 3.77430007 3.77620445
 3.79054329 3.81831279 3.86050917 3.91812865]