
p_x=[31.007751937984494, 95.60723514211885, 159.34539190353144, 235.1421188630491, 323.85874246339364, 409.130060292851, 505.59862187769164, 545.2196382428941, 628.7683031869078, 670.1119724375538, 724.3755383290267, 764.8578811369508, 831.1800172265289, 926.7872523686477, 985.3574504737296]
p_y=[1.2941176470588225, 2.9411764705882346, 2.5882352941176467, -1.1764705882352935, 2.0, 2.0, 1.764705882352942, 2.4705882352941178, 2.7058823529411766, -1.5294117647058805, 1.6470588235294112, 2.8235294117647056, 2.5882352941176467, 3.5294117647058822, 5.294117647058823]
a_x=[18.949181739879414, 40.482342807924205, 94.74590869939708, 141.25753660637383, 222.2222222222222, 274.76313522825154, 330.74935400516796, 361.75710594315245, 391.90353143841514, 436.69250645994833, 465.9776055124892, 537.4677002583979, 585.7019810508183, 614.9870801033591, 660.637381567614, 751.937984496124, 782.0844099913867, 833.7639965546942, 887.1662360034453, 925.925925925926, 951.7657192075797, 993.1093884582257]
a_y=[-7.309941520467834, -2.514619883040936, -2.163742690058479, -2.514619883040936, -0.7602339181286553, -2.514619883040936, -2.7485380116959064, 0.058479532163742576, -0.1754385964912295, -0.058479532163742576, -0.1754385964912295, -0.9941520467836256, -5.906432748538011, -4.970760233918128, -4.7368421052631575, -3.8011695906432745, -2.397660818713449, -1.9298245614035086, -0.7602339181286553, -0.1754385964912295, -1.3450292397660828, -0.8771929824561404]
d_x=[8.613264427217917, 160.2067183462532, 251.50732127476317, 381.56761412575366, 546.9422911283376, 713.1782945736435, 819.1214470284239, 979.328165374677]
d_y=[2.6315789473684212, 4.385964912280702, 5.7894736842105265, 4.502923976608187, 3.8011695906432754, 2.1637426900584797, 3.8011695906432754, 2.8654970760233924]
p_x_fitting=[ 31.00775194  40.64764788  50.28754383  59.92743977  69.56733572
  79.20723166  88.84712761  98.48702355 108.1269195  117.76681544
 127.40671139 137.04660733 146.68650328 156.32639922 165.96629517
 175.60619111 185.24608705 194.885983   204.52587894 214.16577489
 223.80567083 233.44556678 243.08546272 252.72535867 262.36525461
 272.00515056 281.6450465  291.28494245 300.92483839 310.56473434
 320.20463028 329.84452623 339.48442217 349.12431812 358.76421406
 368.40411001 378.04400595 387.6839019  397.32379784 406.96369379
 416.60358973 426.24348568 435.88338162 445.52327756 455.16317351
 464.80306945 474.4429654  484.08286134 493.72275729 503.36265323
 513.00254918 522.64244512 532.28234107 541.92223701 551.56213296
 561.2020289  570.84192485 580.48182079 590.12171674 599.76161268
 609.40150863 619.04140457 628.68130052 638.32119646 647.96109241
 657.60098835 667.2408843  676.88078024 686.52067618 696.16057213
 705.80046807 715.44036402 725.08025996 734.72015591 744.36005185
 753.9999478  763.63984374 773.27973969 782.91963563 792.55953158
 802.19942752 811.83932347 821.47921941 831.11911536 840.7590113
 850.39890725 860.03880319 869.67869914 879.31859508 888.95849103
 898.59838697 908.23828292 917.87817886 927.5180748  937.15797075
 946.79786669 956.43776264 966.07765858 975.71755453 985.35745047]
p_y_fitting=[ 1.29411765  1.5113162   1.75953019  2.02536668  2.29543272  2.55633538
  2.7946817   2.99707874  3.15013355  3.2404532   3.25464472  3.17931519
  3.00107166  2.70652118  2.2853315   1.76026891  1.17433121  0.57080638
 -0.00701762 -0.51585282 -0.91241125 -1.15340494 -1.20283131 -1.07456664
 -0.80338075 -0.42411444  0.02839152  0.51929631  1.01375916  1.47693926
  1.87399583  2.1720699   2.36563013  2.46905227  2.49716293  2.46478872
  2.38675628  2.2778922   2.15302311  2.02697562  1.91347039  1.81737259
  1.73929503  1.67982355  1.63954399  1.61904221  1.61890405  1.63971536
  1.68206198  1.74652978  1.83483489  1.95796059  2.1314301   2.37079779
  2.68839558  3.05788271  3.42738082  3.74455875  3.95708532  4.01262936
  3.85885969  3.44344513  2.71405452  1.66420394  0.47583201 -0.6207243
 -1.39512799 -1.63931316 -1.37339895 -0.7513367   0.07122262  0.93862805
  1.69524204  2.22775662  2.55899582  2.73909605  2.8181937   2.84197606
  2.83004046  2.79250373  2.73946921  2.68104027  2.62732026  2.58841254
  2.57275831  2.58202305  2.61614584  2.6750658   2.75872203  2.86705363
  2.9999997   3.15749935  3.33949167  3.54591578  3.77671078  4.03181576
  4.31116984  4.61471211  4.94238168  5.29411765]
a_x_fitting=[ 18.94918174  28.78918383  38.62918592  48.469188    58.30919009
  68.14919218  77.98919427  87.82919636  97.66919844 107.50920053
 117.34920262 127.18920471 137.0292068  146.86920888 156.70921097
 166.54921306 176.38921515 186.22921724 196.06921933 205.90922141
 215.7492235  225.58922559 235.42922768 245.26922977 255.10923185
 264.94923394 274.78923603 284.62923812 294.46924021 304.30924229
 314.14924438 323.98924647 333.82924856 343.66925065 353.50925273
 363.34925482 373.18925691 383.029259   392.86926109 402.70926317
 412.54926526 422.38926735 432.22926944 442.06927153 451.90927361
 461.7492757  471.58927779 481.42927988 491.26928197 501.10928406
 510.94928614 520.78928823 530.62929032 540.46929241 550.3092945
 560.14929658 569.98929867 579.82930076 589.66930285 599.50930494
 609.34930702 619.18930911 629.0293112  638.86931329 648.70931538
 658.54931746 668.38931955 678.22932164 688.06932373 697.90932582
 707.7493279  717.58932999 727.42933208 737.26933417 747.10933626
 756.94933834 766.78934043 776.62934252 786.46934461 796.3093467
 806.14934879 815.98935087 825.82935296 835.66935505 845.50935714
 855.34935923 865.18936131 875.0293634  884.86936549 894.70936758
 904.54936967 914.38937175 924.22937384 934.06937593 943.90937802
 953.74938011 963.58938219 973.42938428 983.26938637 993.10938846]
a_y_fitting=[-7.30994152e+00 -4.58344170e+00 -2.76746012e+00 -1.70611165e+00
 -1.24351120e+00 -1.22377364e+00 -1.49101386e+00 -1.88934676e+00
 -2.26361046e+00 -2.51594461e+00 -2.64638685e+00 -2.66455489e+00
 -2.58006642e+00 -2.40313016e+00 -2.15392870e+00 -1.86094536e+00
 -1.55291626e+00 -1.25857752e+00 -1.00666530e+00 -8.25915701e-01
 -7.45064871e-01 -7.92467582e-01 -9.74989009e-01 -1.26696193e+00
 -1.64000947e+00 -2.06575475e+00 -2.51582087e+00 -2.95413270e+00
 -3.31406604e+00 -3.52141999e+00 -3.50199365e+00 -3.18158610e+00
 -2.48807888e+00 -1.49474718e+00 -5.12843615e-01  1.24783985e-01
  2.40947173e-01  4.53497729e-02 -1.93265050e-01 -2.80411185e-01
 -2.43449944e-01 -1.50991819e-01 -7.16473029e-02 -6.98988523e-02
 -1.33168773e-01 -1.80612972e-01 -1.33849833e-01  4.09757999e-03
  1.62457769e-01  2.68395726e-01  2.49076443e-01  3.16649097e-02
 -4.56673881e-01 -1.28740381e+00 -2.43010438e+00 -3.68398436e+00
 -4.83203868e+00 -5.65726224e+00 -5.94835754e+00 -5.71179299e+00
 -5.23456385e+00 -4.81749428e+00 -4.60537305e+00 -4.55419341e+00
 -4.60863806e+00 -4.71338973e+00 -4.81688747e+00 -4.89644612e+00
 -4.94277184e+00 -4.94664420e+00 -4.89884280e+00 -4.79014721e+00
 -4.61133702e+00 -4.35319180e+00 -4.00649113e+00 -3.56421228e+00
 -3.06774176e+00 -2.60571704e+00 -2.26670587e+00 -2.07792132e+00
 -1.99586240e+00 -1.97310875e+00 -1.96223999e+00 -1.91590533e+00
 -1.80277359e+00 -1.62789992e+00 -1.40136422e+00 -1.13324640e+00
 -8.33626353e-01 -5.17803204e-01 -2.44074613e-01 -9.18893386e-02
 -1.40843493e-01 -4.49297258e-01 -9.31855051e-01 -1.44351199e+00
 -1.83907115e+00 -1.97333565e+00 -1.70110856e+00 -8.77192982e-01]
d_x_fitting=[  8.61326443  18.41846545  28.22366647  38.02886749  47.83406851
  57.63926953  67.44447055  77.24967156  87.05487258  96.8600736
 106.66527462 116.47047564 126.27567666 136.08087768 145.8860787
 155.69127972 165.49648074 175.30168176 185.10688278 194.9120838
 204.71728482 214.52248584 224.32768686 234.13288788 243.9380889
 253.74328992 263.54849094 273.35369196 283.15889298 292.964094
 302.76929502 312.57449604 322.37969706 332.18489808 341.9900991
 351.79530012 361.60050114 371.40570216 381.21090317 391.01610419
 400.82130521 410.62650623 420.43170725 430.23690827 440.04210929
 449.84731031 459.65251133 469.45771235 479.26291337 489.06811439
 498.87331541 508.67851643 518.48371745 528.28891847 538.09411949
 547.89932051 557.70452153 567.50972255 577.31492357 587.12012459
 596.92532561 606.73052663 616.53572765 626.34092867 636.14612969
 645.95133071 655.75653173 665.56173275 675.36693376 685.17213478
 694.9773358  704.78253682 714.58773784 724.39293886 734.19813988
 744.0033409  753.80854192 763.61374294 773.41894396 783.22414498
 793.029346   802.83454702 812.63974804 822.44494906 832.25015008
 842.0553511  851.86055212 861.66575314 871.47095416 881.27615518
 891.0813562  900.88655722 910.69175824 920.49695926 930.30216028
 940.1073613  949.91256232 959.71776334 969.52296436 979.32816537]
d_y_fitting=[2.63157895 2.51870457 2.45315947 2.43137244 2.4497723  2.50478784
 2.59284786 2.71038118 2.85381658 3.01958288 3.20410887 3.40382336
 3.61515515 3.83453304 4.05838584 4.28314234 4.50523136 4.72108168
 4.92712213 5.11978148 5.29548856 5.45067216 5.58176108 5.68518414
 5.75737011 5.79476329 5.796161   5.76521601 5.70618096 5.62330846
 5.52085116 5.40306167 5.27419264 5.13849669 5.00022644 4.86363454
 4.7329736  4.61249627 4.50645516 4.41814224 4.34656323 4.28952895
 4.24485016 4.21033762 4.18380209 4.16305433 4.14590509 4.13016514
 4.11364524 4.09415613 4.06950859 4.03751337 3.99598124 3.94272294
 3.87554924 3.79227172 3.69185728 3.57672996 3.44995764 3.31460819
 3.1737495  3.03044945 2.88777591 2.74879677 2.61657991 2.4941932
 2.38470453 2.29118178 2.21669283 2.16430556 2.13708785 2.13810757
 2.17042917 2.23539362 2.32983104 2.44984265 2.59152963 2.7509932
 2.92433455 3.10765488 3.2970554  3.4886373  3.67850178 3.86275005
 4.03748331 4.19880275 4.34280959 4.46560501 4.56329022 4.63196642
 4.66773481 4.6666966  4.62495298 4.53860515 4.40375431 4.21650167
 3.97294843 3.66919578 3.30134493 2.86549708]