
p_x=[12.919896640826872, 61.1541774332472, 130.92161929371233, 261.84323858742465, 368.64771748492683, 427.2179155900086, 492.6787252368648, 558.1395348837209, 604.6511627906976, 693.3677863910423, 745.9086993970715, 826.8733850129198, 982.7734711455641]
p_y=[-4.9411764705882355, -7.529411764705884, -7.1764705882352935, -8.588235294117649, -3.529411764705884, 2.3529411764705888, -4.8235294117647065, -6.235294117647058, -3.1764705882352935, 2.5882352941176467, 5.176470588235294, 4.823529411764706, 1.0588235294117645]
a_x=[10.335917312661499, 60.29285099052541, 122.3083548664944, 258.39793281653743, 366.9250645994832, 464.2549526270456, 552.1102497846684, 610.6804478897502, 745.9086993970715, 823.4280792420327, 902.6701119724376, 981.0508182601206]
a_y=[-5.906432748538011, -4.269005847953215, -4.619883040935672, -5.204678362573098, -0.8771929824561404, -1.2280701754385959, -6.374269005847953, -0.7602339181286553, -0.9941520467836256, -0.4093567251461998, -1.3450292397660828, -1.4619883040935662]
d_x=[18.08785529715762, 67.18346253229974, 161.06804478897502, 260.98191214470285, 354.00516795865633, 447.8897502153316, 555.5555555555555, 603.7898363479759, 682.1705426356589, 769.1645133505599, 829.4573643410853, 940.5684754521964, 981.9121447028424]
d_y=[-3.333333333333332, -5.555555555555555, -3.5672514619883025, -5.438596491228068, 2.514619883040936, 1.9298245614035086, -2.9824561403508767, 1.578947368421053, 2.9824561403508776, 4.152046783625732, 4.502923976608187, 2.397660818713451, 1.578947368421053]
p_x_fitting=[ 12.91989664  22.71639739  32.51289815  42.3093989   52.10589965
  61.9024004   71.69890116  81.49540191  91.29190266 101.08840341
 110.88490417 120.68140492 130.47790567 140.27440642 150.07090718
 159.86740793 169.66390868 179.46040943 189.25691019 199.05341094
 208.84991169 218.64641244 228.4429132  238.23941395 248.0359147
 257.83241546 267.62891621 277.42541696 287.22191771 297.01841847
 306.81491922 316.61141997 326.40792072 336.20442148 346.00092223
 355.79742298 365.59392373 375.39042449 385.18692524 394.98342599
 404.77992674 414.5764275  424.37292825 434.169429   443.96592975
 453.76243051 463.55893126 473.35543201 483.15193276 492.94843352
 502.74493427 512.54143502 522.33793577 532.13443653 541.93093728
 551.72743803 561.52393878 571.32043954 581.11694029 590.91344104
 600.7099418  610.50644255 620.3029433  630.09944405 639.89594481
 649.69244556 659.48894631 669.28544706 679.08194782 688.87844857
 698.67494932 708.47145007 718.26795083 728.06445158 737.86095233
 747.65745308 757.45395384 767.25045459 777.04695534 786.84345609
 796.63995685 806.4364576  816.23295835 826.0294591  835.82595986
 845.62246061 855.41896136 865.21546211 875.01196287 884.80846362
 894.60496437 904.40146512 914.19796588 923.99446663 933.79096738
 943.58746814 953.38396889 963.18046964 972.97697039 982.77347115]
p_y_fitting=[-4.94117647e+00 -5.82634783e+00 -6.50505038e+00 -7.00111346e+00
 -7.33836640e+00 -7.54063856e+00 -7.63175928e+00 -7.63555790e+00
 -7.57586376e+00 -7.47650620e+00 -7.36131457e+00 -7.25411821e+00
 -7.17874647e+00 -7.15447895e+00 -7.17974426e+00 -7.24700138e+00
 -7.34870879e+00 -7.47732496e+00 -7.62530838e+00 -7.78511754e+00
 -7.94921091e+00 -8.11004697e+00 -8.26008422e+00 -8.39178113e+00
 -8.49759618e+00 -8.56998785e+00 -8.60122358e+00 -8.58060268e+00
 -8.49508235e+00 -8.33155614e+00 -8.07691761e+00 -7.71806029e+00
 -7.24187775e+00 -6.63526353e+00 -5.88511119e+00 -4.97831427e+00
 -3.90176633e+00 -2.65035578e+00 -1.30498345e+00  1.07968547e-03
  1.13381993e+00  1.95922359e+00  2.34327697e+00  2.16820797e+00
  1.47841128e+00  4.11503586e-01 -8.93785071e-01 -2.29872466e+00
 -3.66458513e+00 -4.85263704e+00 -5.75395935e+00 -6.36942054e+00
 -6.72515962e+00 -6.84731562e+00 -6.76202758e+00 -6.49543452e+00
 -6.07372991e+00 -5.52610527e+00 -4.88625111e+00 -4.18822817e+00
 -3.46609716e+00 -2.75263486e+00 -2.06122943e+00 -1.39025269e+00
 -7.37684896e-01 -1.01506317e-01  5.20302787e-01  1.12976216e+00
  1.72889153e+00  2.31971064e+00  2.90370102e+00  3.47209130e+00
  4.00691557e+00  4.48988214e+00  4.90269930e+00  5.22710037e+00
  5.45191416e+00  5.58278831e+00  5.62780757e+00  5.59505669e+00
  5.49262042e+00  5.32858350e+00  5.11103069e+00  4.84804674e+00
  4.54771639e+00  4.21812440e+00  3.86735552e+00  3.50349448e+00
  3.13462605e+00  2.76883498e+00  2.41420601e+00  2.07882389e+00
  1.77077337e+00  1.49813920e+00  1.26900613e+00  1.09145891e+00
  9.73582294e-01  9.23461024e-01  9.49179853e-01  1.05882353e+00]
a_x_fitting=[ 10.33591731  20.14111833  29.94631935  39.75152037  49.55672139
  59.36192241  69.16712343  78.97232445  88.77752547  98.58272649
 108.38792751 118.19312853 127.99832955 137.80353057 147.60873159
 157.41393261 167.21913363 177.02433465 186.82953567 196.63473669
 206.43993771 216.24513873 226.05033975 235.85554077 245.66074178
 255.4659428  265.27114382 275.07634484 284.88154586 294.68674688
 304.4919479  314.29714892 324.10234994 333.90755096 343.71275198
 353.517953   363.32315402 373.12835504 382.93355606 392.73875708
 402.5439581  412.34915912 422.15436014 431.95956116 441.76476218
 451.5699632  461.37516422 471.18036524 480.98556626 490.79076728
 500.5959683  510.40116932 520.20637034 530.01157136 539.81677237
 549.62197339 559.42717441 569.23237543 579.03757645 588.84277747
 598.64797849 608.45317951 618.25838053 628.06358155 637.86878257
 647.67398359 657.47918461 667.28438563 677.08958665 686.89478767
 696.69998869 706.50518971 716.31039073 726.11559175 735.92079277
 745.72599379 755.53119481 765.33639583 775.14159685 784.94679787
 794.75199889 804.55719991 814.36240093 824.16760195 833.97280297
 843.77800398 853.583205   863.38840602 873.19360704 882.99880806
 892.80400908 902.6092101  912.41441112 922.21961214 932.02481316
 941.83001418 951.6352152  961.44041622 971.24561724 981.05081826]
a_y_fitting=[-5.90643275 -5.38087558 -4.96505404 -4.64925999 -4.42378531 -4.27892187
 -4.20496155 -4.19219621 -4.23091775 -4.31141801 -4.42398889 -4.55892225
 -4.70665904 -4.86005447 -5.01392093 -5.16312725 -5.30254224 -5.42703471
 -5.53147346 -5.61072731 -5.65966507 -5.67315554 -5.64606754 -5.57326988
 -5.44963137 -5.27002081 -5.03011743 -4.73393832 -4.39040652 -4.00850799
 -3.59722868 -3.16555455 -2.72247154 -2.27696562 -1.83802273 -1.41462884
 -1.0157699  -0.6506264  -0.33094425 -0.07028113  0.1177672   0.21960499
  0.22163648  0.11026589 -0.12810252 -0.50706453 -1.04021588 -1.73658017
 -2.55900508 -3.44355654 -4.32597174 -5.14198787 -5.82734211 -6.31777164
 -6.54901366 -6.45680535 -5.98881893 -5.19792302 -4.19171464 -3.07826025
 -1.96562627 -0.96187914 -0.16486067  0.410107    0.78759495  0.99243387
  1.04945444  0.98348736  0.81936331  0.58191298  0.29596705 -0.01364379
 -0.32208885 -0.60453744 -0.83615888 -0.99212248 -1.05479186 -1.03696272
 -0.95947598 -0.84317262 -0.70889361 -0.57747993 -0.46977256 -0.40661031
 -0.40255367 -0.45210988 -0.54579098 -0.674109   -0.827576   -0.996704
 -1.17200505 -1.34399119 -1.50317446 -1.64006689 -1.74518054 -1.80902743
 -1.82211962 -1.77496913 -1.65808801 -1.4619883 ]
d_x_fitting=[ 18.0878553   27.82345418  37.55905306  47.29465195  57.03025083
  66.76584971  76.50144859  86.23704748  95.97264636 105.70824524
 115.44384413 125.17944301 134.91504189 144.65064077 154.38623966
 164.12183854 173.85743742 183.59303631 193.32863519 203.06423407
 212.79983295 222.53543184 232.27103072 242.0066296  251.74222849
 261.47782737 271.21342625 280.94902514 290.68462402 300.4202229
 310.15582178 319.89142067 329.62701955 339.36261843 349.09821732
 358.8338162  368.56941508 378.30501396 388.04061285 397.77621173
 407.51181061 417.2474095  426.98300838 436.71860726 446.45420614
 456.18980503 465.92540391 475.66100279 485.39660168 495.13220056
 504.86779944 514.60339832 524.33899721 534.07459609 543.81019497
 553.54579386 563.28139274 573.01699162 582.7525905  592.48818939
 602.22378827 611.95938715 621.69498604 631.43058492 641.1661838
 650.90178268 660.63738157 670.37298045 680.10857933 689.84417822
 699.5797771  709.31537598 719.05097486 728.78657375 738.52217263
 748.25777151 757.9933704  767.72896928 777.46456816 787.20016705
 796.93576593 806.67136481 816.40696369 826.14256258 835.87816146
 845.61376034 855.34935923 865.08495811 874.82055699 884.55615587
 894.29175476 904.02735364 913.76295252 923.49855141 933.23415029
 942.96974917 952.70534805 962.44094694 972.17654582 981.9121447 ]
d_y_fitting=[-3.33333333 -4.22417759 -4.86239111 -5.2774808  -5.49895355 -5.55631629
 -5.4790759  -5.2967393  -5.03881338 -4.73480506 -4.41422124 -4.10656882
 -3.8413547  -3.6480858  -3.55626901 -3.59506632 -3.76968254 -4.046181
 -4.38701189 -4.75462541 -5.11147174 -5.42000107 -5.6426636  -5.74190952
 -5.68018901 -5.41995404 -4.93913103 -4.268795   -3.45142254 -2.52949027
 -1.54547477 -0.54185265  0.43889948  1.35430502  2.16188738  2.82017661
  3.31129904  3.64122615  3.81698584  3.84560601  3.73411454  3.48953935
  3.11890833  2.62924938  2.0275904   1.32429311  0.5505894  -0.25422966
 -1.05085576 -1.79998058 -2.4622958  -2.99849312 -3.36926421 -3.53530077
 -3.45729447 -3.09593701 -2.42501349 -1.51710213 -0.48986531  0.53880409
  1.45101319  2.14429537  2.61688399  2.90741826  3.05464602  3.09731512
  3.07417342  3.02396877  2.98544902  2.99344599  3.05272772  3.15413567
  3.28843533  3.4463922   3.61877176  3.79633951  3.96986094  4.13010155
  4.2685138   4.38085072  4.46452604  4.51695705  4.53556103  4.51775526
  4.46128611  4.36782667  4.24163217  4.08700313  3.90824006  3.70964347
  3.49551388  3.2701518   3.03785775  2.80293225  2.56967579  2.34238891
  2.12537211  1.92292591  1.73935083  1.57894737]