
p_x=[18.08785529715762, 86.99397071490095, 163.6520241171404, 250.64599483204137, 347.9758828596038, 424.63393626184325, 488.3720930232558, 534.8837209302325, 626.1843238587425, 693.3677863910423, 745.0473729543497, 824.2894056847545, 885.4435831180017, 966.4082687338502]
p_y=[-1.2941176470588225, -6.352941176470587, -7.647058823529413, -6.117647058823529, -3.882352941176471, -8.235294117647058, -6.5882352941176485, -8.352941176470587, -6.117647058823529, -4.23529411764706, -4.352941176470589, -7.529411764705884, -8.0, -9.058823529411764]
a_x=[14.642549526270457, 81.8260120585702, 146.42549526270457, 180.01722652885442, 257.5366063738157, 316.9681309216193, 383.2902670111972, 483.2041343669251, 570.198105081826, 674.4186046511628, 791.5590008613265, 864.7717484926786, 954.349698535745]
a_y=[-6.6081871345029235, -6.374269005847953, -2.280701754385966, -5.555555555555555, -6.257309941520468, -3.333333333333332, -1.9298245614035086, -2.163742690058479, -5.906432748538011, -0.5263157894736832, -0.4093567251461998, -0.1754385964912295, -1.578947368421053]
d_x=[13.781223083548666, 112.8337639965547, 156.76141257536608, 231.69681309216193, 373.81567614125754, 471.14556416882, 596.8992248062015, 691.6451335055987, 807.9242032730405, 884.58225667528, 973.2988802756245]
d_y=[-2.514619883040936, -3.450292397660819, -6.6081871345029235, -4.502923976608187, -2.397660818713449, -6.959064327485379, -3.099415204678362, -8.011695906432749, -6.491228070175438, -6.374269005847953, -6.140350877192983]
p_x_fitting=[ 18.0878553   27.66684937  37.24584345  46.82483752  56.4038316
  65.98282567  75.56181975  85.14081382  94.7198079  104.29880197
 113.87779605 123.45679012 133.0357842  142.61477827 152.19377235
 161.77276642 171.3517605  180.93075457 190.50974865 200.08874272
 209.6677368  219.24673087 228.82572495 238.40471902 247.9837131
 257.56270718 267.14170125 276.72069533 286.2996894  295.87868348
 305.45767755 315.03667163 324.6156657  334.19465978 343.77365385
 353.35264793 362.931642   372.51063608 382.08963015 391.66862423
 401.2476183  410.82661238 420.40560645 429.98460053 439.5635946
 449.14258868 458.72158275 468.30057683 477.8795709  487.45856498
 497.03755905 506.61655313 516.1955472  525.77454128 535.35353535
 544.93252943 554.5115235  564.09051758 573.66951165 583.24850573
 592.8274998  602.40649388 611.98548795 621.56448203 631.1434761
 640.72247018 650.30146425 659.88045833 669.45945241 679.03844648
 688.61744056 698.19643463 707.77542871 717.35442278 726.93341686
 736.51241093 746.09140501 755.67039908 765.24939316 774.82838723
 784.40738131 793.98637538 803.56536946 813.14436353 822.72335761
 832.30235168 841.88134576 851.46033983 861.03933391 870.61832798
 880.19732206 889.77631613 899.35531021 908.93430428 918.51329836
 928.09229243 937.67128651 947.25028058 956.82927466 966.40826873]
p_y_fitting=[-1.29411765 -2.30366134 -3.20418777 -4.00153671 -4.7015479  -5.31006113
 -5.83291615 -6.27595272 -6.64501062 -6.94592961 -7.18454944 -7.3667099
 -7.49825073 -7.5850117  -7.63283258 -7.64755314 -7.63422615 -7.5921589
 -7.51811091 -7.40883026 -7.26106504 -7.07156333 -6.83707322 -6.55434279
 -6.22012013 -5.83295862 -5.40867914 -4.9726984  -4.55053611 -4.16771195
 -3.8497456  -3.62215675 -3.51046509 -3.5401903  -3.73685207 -4.12343274
 -4.67845771 -5.34257277 -6.05521238 -6.75581103 -7.38380316 -7.87862327
 -8.17970581 -8.23069144 -8.04976875 -7.71909951 -7.32292128 -6.94547159
 -6.67098797 -6.58370798 -6.74567715 -7.10059295 -7.55286009 -8.00685731
 -8.36696565 -8.56047723 -8.59381886 -8.49049063 -8.2739926  -7.96782487
 -7.59548752 -7.18048062 -6.74630425 -6.31645849 -5.91389421 -5.54992185
 -5.22473705 -4.93809145 -4.68973668 -4.47942436 -4.30690614 -4.17218524
 -4.08094257 -4.04447644 -4.07432471 -4.18202529 -4.37910859 -4.66927083
 -5.03353352 -5.4488396  -5.89213203 -6.34035373 -6.77044767 -7.15935678
 -7.48402401 -7.7249936  -7.88651318 -7.9824129  -8.02654981 -8.03278094
 -8.01496334 -7.98695404 -7.96261009 -7.95578853 -7.98034639 -8.05014072
 -8.17902856 -8.38086695 -8.66951293 -9.05882353]
a_x_fitting=[ 14.64254953  24.13454093  33.62653233  43.11852374  52.61051514
  62.10250655  71.59449795  81.08648936  90.57848076 100.07047216
 109.56246357 119.05445497 128.54644638 138.03843778 147.53042918
 157.02242059 166.51441199 176.0064034  185.4983948  194.9903862
 204.48237761 213.97436901 223.46636042 232.95835182 242.45034323
 251.94233463 261.43432603 270.92631744 280.41830884 289.91030025
 299.40229165 308.89428305 318.38627446 327.87826586 337.37025727
 346.86224867 356.35424008 365.84623148 375.33822288 384.83021429
 394.32220569 403.8141971  413.3061885  422.7981799  432.29017131
 441.78216271 451.27415412 460.76614552 470.25813692 479.75012833
 489.24211973 498.73411114 508.22610254 517.71809395 527.21008535
 536.70207675 546.19406816 555.68605956 565.17805097 574.67004237
 584.16203377 593.65402518 603.14601658 612.63800799 622.12999939
 631.6219908  641.1139822  650.6059736  660.09796501 669.58995641
 679.08194782 688.57393922 698.06593062 707.55792203 717.04991343
 726.54190484 736.03389624 745.52588764 755.01787905 764.50987045
 774.00186186 783.49385326 792.98584467 802.47783607 811.96982747
 821.46181888 830.95381028 840.44580169 849.93779309 859.42978449
 868.9217759  878.4137673  887.90575871 897.39775011 906.88974152
 916.38173292 925.87372432 935.36571573 944.85770713 954.34969854]
a_y_fitting=[-6.60818713e+00 -7.95173550e+00 -8.69603686e+00 -8.92750267e+00
 -8.73254439e+00 -8.19757349e+00 -7.40900144e+00 -6.45323970e+00
 -5.41669973e+00 -4.38579299e+00 -3.44693095e+00 -2.68652508e+00
 -2.19098683e+00 -2.04672767e+00 -2.34007780e+00 -3.08600531e+00
 -4.09734417e+00 -5.15138729e+00 -6.03344076e+00 -6.66011084e+00
 -7.05524577e+00 -7.24583349e+00 -7.25886194e+00 -7.12131907e+00
 -6.86019281e+00 -6.50247109e+00 -6.07506794e+00 -5.60219640e+00
 -5.10465753e+00 -4.60303385e+00 -4.11790789e+00 -3.66986217e+00
 -3.27946111e+00 -2.95910497e+00 -2.70016986e+00 -2.49069382e+00
 -2.31871487e+00 -2.17227107e+00 -2.03940043e+00 -1.90815721e+00
 -1.77248618e+00 -1.64095508e+00 -1.52436207e+00 -1.43350531e+00
 -1.37918297e+00 -1.37219321e+00 -1.42333420e+00 -1.54340408e+00
 -1.74320103e+00 -2.03352320e+00 -2.42332436e+00 -2.89755295e+00
 -3.42435874e+00 -3.97154624e+00 -4.50691995e+00 -4.99828437e+00
 -5.41344401e+00 -5.72020337e+00 -5.88636695e+00 -5.88078860e+00
 -5.70007336e+00 -5.37074893e+00 -4.92082745e+00 -4.37832103e+00
 -3.77124182e+00 -3.12760192e+00 -2.47541346e+00 -1.84268858e+00
 -1.25743939e+00 -7.47678022e-01 -3.40606308e-01 -4.40046574e-02
  1.54214174e-01  2.67036979e-01  3.07450553e-01  2.88441690e-01
  2.22997183e-01  1.24103827e-01  4.74841515e-03 -1.22082257e-01
 -2.43401397e-01 -3.46222209e-01 -4.17569583e-01 -4.49656986e-01
 -4.48024313e-01 -4.20321302e-01 -3.74197692e-01 -3.17303222e-01
 -2.57287631e-01 -2.01800656e-01 -1.58492038e-01 -1.35011513e-01
 -1.39008823e-01 -1.78133704e-01 -2.60035895e-01 -3.92365137e-01
 -5.82771166e-01 -8.38903722e-01 -1.16841254e+00 -1.57894737e+00]
d_x_fitting=[ 13.78122308  23.47332063  33.16541818  42.85751573  52.54961327
  62.24171082  71.93380837  81.62590592  91.31800346 101.01010101
 110.70219856 120.3942961  130.08639365 139.7784912  149.47058875
 159.16268629 168.85478384 178.54688139 188.23897894 197.93107648
 207.62317403 217.31527158 227.00736913 236.69946667 246.39156422
 256.08366177 265.77575932 275.46785686 285.15995441 294.85205196
 304.54414951 314.23624705 323.9283446  333.62044215 343.31253969
 353.00463724 362.69673479 372.38883234 382.08092988 391.77302743
 401.46512498 411.15722253 420.84932007 430.54141762 440.23351517
 449.92561272 459.61771026 469.30980781 479.00190536 488.69400291
 498.38610045 508.078198   517.77029555 527.4623931  537.15449064
 546.84658819 556.53868574 566.23078329 575.92288083 585.61497838
 595.30707593 604.99917347 614.69127102 624.38336857 634.07546612
 643.76756366 653.45966121 663.15175876 672.84385631 682.53595385
 692.2280514  701.92014895 711.6122465  721.30434404 730.99644159
 740.68853914 750.38063669 760.07273423 769.76483178 779.45692933
 789.14902688 798.84112442 808.53322197 818.22531952 827.91741706
 837.60951461 847.30161216 856.99370971 866.68580725 876.3779048
 886.07000235 895.7620999  905.45419744 915.14629499 924.83839254
 934.53049009 944.22258763 953.91468518 963.60678273 973.29888028]
d_y_fitting=[-2.51461988 -1.15979472 -0.25721224  0.24367254  0.39340465  0.2425291
 -0.15840911 -0.75886496 -1.50829344 -2.35614954 -3.25188826 -4.14496458
 -4.98483349 -5.72094998 -6.30276905 -6.6799621  -6.82898112 -6.77861162
 -6.56369704 -6.21908082 -5.7796064  -5.28011723 -4.75545674 -4.23978415
 -3.75265392 -3.29961865 -2.88566734 -2.51578899 -2.1949726  -1.92820718
 -1.72048171 -1.57678521 -1.50210667 -1.50143509 -1.57975947 -1.74206881
 -1.99335211 -2.33859837 -2.77948386 -3.29696194 -3.86398908 -4.45350469
 -5.03844821 -5.59175904 -6.08637661 -6.49524034 -6.79128966 -6.94746399
 -6.94155249 -6.78599262 -6.50829591 -6.13603579 -5.69678566 -5.21811894
 -4.72760905 -4.2528294  -3.8213534  -3.46075447 -3.19860602 -3.06248147
 -3.07995424 -3.27262449 -3.62267992 -4.09633937 -4.65977631 -5.27916422
 -5.92067657 -6.55048682 -7.13476847 -7.63969496 -8.03144164 -8.2862899
 -8.41429457 -8.43255725 -8.35817955 -8.20826306 -7.99990939 -7.75022015
 -7.47629693 -7.19524134 -6.92415498 -6.68013946 -6.48029536 -6.33682782
 -6.24571215 -6.19956475 -6.19100201 -6.21264033 -6.2570961  -6.31698573
 -6.3849256  -6.45353211 -6.51542166 -6.56321064 -6.58951546 -6.5869525
 -6.54813817 -6.46568886 -6.33222096 -6.14035088]