
p_x=[24.117140396210164, 108.52713178294573, 196.38242894056847, 289.40568475452193, 383.2902670111972, 433.2472006890611, 460.8096468561585, 483.2041343669251, 517.6571920757967, 536.6063738156761, 567.6141257536607, 619.2937123169681, 710.594315245478, 856.1584840654608, 922.4806201550388, 981.0508182601206]
p_y=[-1.5294117647058805, -6.117647058823529, -6.352941176470587, -3.4117647058823515, -8.352941176470587, -8.117647058823529, -8.235294117647058, -7.764705882352942, -2.5882352941176467, -2.9411764705882355, -3.4117647058823515, -3.764705882352942, -3.764705882352942, -8.823529411764707, -8.705882352941178, -8.588235294117649]
a_x=[17.226528854435834, 100.7751937984496, 225.6675279931094, 311.80017226528855, 400.5167958656331, 448.7510766580534, 493.5400516795866, 535.7450473729543, 576.2273901808785, 620.1550387596899, 717.4849267872524, 860.4651162790698, 937.984496124031, 989.6640826873385]
a_y=[-7.894736842105264, -3.333333333333332, -4.269005847953215, -6.959064327485379, -1.6959064327485365, -1.6959064327485365, -1.578947368421053, -5.906432748538011, -6.725146198830409, -6.491228070175438, -6.023391812865498, -1.1111111111111107, -1.2280701754385959, -1.4619883040935662]
d_x=[12.058570198105082, 118.00172265288545, 235.1421188630491, 399.6554694229113, 533.161068044789, 651.1627906976745, 737.2954349698537, 863.0490956072352, 987.941429801895]
d_y=[1.8128654970760234, 6.257309941520468, 4.970760233918129, 5.906432748538012, 1.2280701754385976, 1.1111111111111107, 1.2280701754385976, 4.970760233918129, 4.853801169590644]
p_x_fitting=[ 24.1171404   33.78313714  43.44913389  53.11513063  62.78112738
  72.44712413  82.11312087  91.77911762 101.44511437 111.11111111
 120.77710786 130.4431046  140.10910135 149.7750981  159.44109484
 169.10709159 178.77308833 188.43908508 198.10508183 207.77107857
 217.43707532 227.10307206 236.76906881 246.43506556 256.1010623
 265.76705905 275.43305579 285.09905254 294.76504929 304.43104603
 314.09704278 323.76303953 333.42903627 343.09503302 352.76102976
 362.42702651 372.09302326 381.75902    391.42501675 401.09101349
 410.75701024 420.42300699 430.08900373 439.75500048 449.42099722
 459.08699397 468.75299072 478.41898746 488.08498421 497.75098096
 507.4169777  517.08297445 526.74897119 536.41496794 546.08096469
 555.74696143 565.41295818 575.07895492 584.74495167 594.41094842
 604.07694516 613.74294191 623.40893865 633.0749354  642.74093215
 652.40692889 662.07292564 671.73892238 681.40491913 691.07091588
 700.73691262 710.40290937 720.06890612 729.73490286 739.40089961
 749.06689635 758.7328931  768.39888985 778.06488659 787.73088334
 797.39688008 807.06287683 816.72887358 826.39487032 836.06086707
 845.72686381 855.39286056 865.05885731 874.72485405 884.3908508
 894.05684755 903.72284429 913.38884104 923.05483778 932.72083453
 942.38683128 952.05282802 961.71882477 971.38482151 981.05081826]
p_y_fitting=[-1.52941176 -2.18910712 -2.82260586 -3.42610477 -3.99580063 -4.52789021
 -5.0185703  -5.46403767 -5.8604891  -6.20412137 -6.49113126 -6.71771555
 -6.88007102 -6.97439444 -6.9968826  -6.94373227 -6.81114024 -6.59530327
 -6.29244985 -5.90783903 -5.46815315 -5.00318167 -4.54271409 -4.11653988
 -3.75444853 -3.48622951 -3.34167232 -3.35056643 -3.5407244  -3.90430292
 -4.4025284  -4.99560148 -5.64372277 -6.30709289 -6.94591248 -7.52038215
 -7.99070252 -8.31707422 -8.46887512 -8.47493404 -8.38776884 -8.25995859
 -8.14408237 -8.08979277 -8.11352428 -8.21065526 -8.33267692 -8.1307937
 -7.153705   -5.49074135 -3.7653659  -2.62372875 -2.51346109 -2.93286076
 -3.23504018 -3.35997727 -3.40335524 -3.45238222 -3.52572932 -3.60888171
 -3.68710727 -3.74567385 -3.77019511 -3.75788833 -3.72005904 -3.66886136
 -3.61644941 -3.57497732 -3.55659919 -3.57346916 -3.63774135 -3.76156987
 -3.95368571 -4.20828908 -4.51572527 -4.86633952 -5.25047708 -5.6584832
 -6.08070313 -6.50748211 -6.92916541 -7.33609825 -7.71862591 -8.06709362
 -8.37184663 -8.6232302  -8.81158957 -8.92996852 -8.98511211 -8.98810321
 -8.95002639 -8.88196623 -8.79500734 -8.70023428 -8.60873165 -8.53158402
 -8.47987599 -8.46469213 -8.49711704 -8.58823529]
a_x_fitting=[ 17.22652885  27.04913041  36.87173196  46.69433352  56.51693507
  66.33953662  76.16213818  85.98473973  95.80734129 105.62994284
 115.45254439 125.27514595 135.0977475  144.92034905 154.74295061
 164.56555216 174.38815372 184.21075527 194.03335682 203.85595838
 213.67855993 223.50116149 233.32376304 243.14636459 252.96896615
 262.7915677  272.61416925 282.43677081 292.25937236 302.08197392
 311.90457547 321.72717702 331.54977858 341.37238013 351.19498169
 361.01758324 370.84018479 380.66278635 390.4853879  400.30798946
 410.13059101 419.95319256 429.77579412 439.59839567 449.42099722
 459.24359878 469.06620033 478.88880189 488.71140344 498.53400499
 508.35660655 518.1792081  528.00180966 537.82441121 547.64701276
 557.46961432 567.29221587 577.11481742 586.93741898 596.76002053
 606.58262209 616.40522364 626.22782519 636.05042675 645.8730283
 655.69562986 665.51823141 675.34083296 685.16343452 694.98603607
 704.80863763 714.63123918 724.45384073 734.27644229 744.09904384
 753.92164539 763.74424695 773.5668485  783.38945006 793.21205161
 803.03465316 812.85725472 822.67985627 832.50245783 842.32505938
 852.14766093 861.97026249 871.79286404 881.61546559 891.43806715
 901.2606687  911.08327026 920.90587181 930.72847336 940.55107492
 950.37367647 960.19627803 970.01887958 979.84148113 989.66408269]
a_y_fitting=[-7.89473684 -7.15136767 -6.46244353 -5.82830492 -5.24929234 -4.72574627
 -4.25800722 -3.84641566 -3.49131211 -3.19303704 -2.95193096 -2.76833436
 -2.64258773 -2.57503157 -2.56600636 -2.61585261 -2.72491081 -2.89352145
 -3.12202502 -3.41076201 -3.76007293 -4.17029827 -4.63918697 -5.14401877
 -5.65235745 -6.13170807 -6.54957572 -6.87346546 -7.07088237 -7.10933151
 -6.95631798 -6.59359594 -6.0581273  -5.40024275 -4.67027299 -3.91854868
 -3.19540052 -2.55115919 -2.03615538 -1.70071977 -1.57397734 -1.59464312
 -1.67734209 -1.73669899 -1.68735106 -1.49187306 -1.26925939 -1.17035617
 -1.34600954 -1.93908755 -2.91601383 -4.07059866 -5.18944051 -6.05963814
 -6.56010293 -6.76800358 -6.78634196 -6.71810767 -6.64473285 -6.58175548
 -6.53216699 -6.49895881 -6.48468581 -6.48582007 -6.49437099 -6.50224519
 -6.50134929 -6.4835899  -6.44087364 -6.36510714 -6.24819699 -6.08204983
 -5.85957204 -5.58365626 -5.26293754 -4.90611957 -4.52190605 -4.11900066
 -3.70610711 -3.29192909 -2.88517028 -2.49453439 -2.12872511 -1.79644613
 -1.50640114 -1.26729385 -1.08781737 -0.97220462 -0.91332789 -0.90227714
 -0.93014232 -0.98801339 -1.0669803  -1.158133   -1.25256145 -1.3413556
 -1.41560541 -1.46640083 -1.48483181 -1.4619883 ]
d_x_fitting=[ 12.0585702   21.91597282  31.77337544  41.63077806  51.48818069
  61.34558331  71.20298593  81.06038855  90.91779118 100.7751938
 110.63259642 120.48999904 130.34740167 140.20480429 150.06220691
 159.91960953 169.77701215 179.63441478 189.4918174  199.34922002
 209.20662264 219.06402527 228.92142789 238.77883051 248.63623313
 258.49363575 268.35103838 278.208441   288.06584362 297.92324624
 307.78064887 317.63805149 327.49545411 337.35285673 347.21025935
 357.06766198 366.9250646  376.78246722 386.63986984 396.49727247
 406.35467509 416.21207771 426.06948033 435.92688296 445.78428558
 455.6416882  465.49909082 475.35649344 485.21389607 495.07129869
 504.92870131 514.78610393 524.64350656 534.50090918 544.3583118
 554.21571442 564.07311704 573.93051967 583.78792229 593.64532491
 603.50272753 613.36013016 623.21753278 633.0749354  642.93233802
 652.78974065 662.64714327 672.50454589 682.36194851 692.21935113
 702.07675376 711.93415638 721.791559   731.64896162 741.50636425
 751.36376687 761.22116949 771.07857211 780.93597473 790.79337736
 800.65077998 810.5081826  820.36558522 830.22298785 840.08039047
 849.93779309 859.79519571 869.65259833 879.51000096 889.36740358
 899.2248062  909.08220882 918.93961145 928.79701407 938.65441669
 948.51181931 958.36922194 968.22662456 978.08402718 987.9414298 ]
d_y_fitting=[1.8128655  2.73570539 3.53043393 4.20514873 4.76794744 5.22692767
 5.59018705 5.86582322 6.06193381 6.18661644 6.24796875 6.25408835
 6.21307289 6.13301999 6.02202728 5.88819239 5.73961295 5.58438659
 5.43061093 5.28638361 5.15980226 5.0589645  4.99196797 4.96678532
 4.985505   5.04191851 5.12919194 5.24049137 5.36898288 5.50783254
 5.65020645 5.78927067 5.9181913  6.0301344  6.11826607 6.17575238
 6.19575941 6.17145325 6.09599997 5.96256565 5.76517724 5.50741317
 5.19880437 4.84897194 4.46753701 4.06412068 3.64834406 3.22982826
 2.81819439 2.42306357 2.05405691 1.72079552 1.4329005  1.19998583
 1.02752568 0.9099123  0.83970319 0.80945583 0.81172773 0.83907637
 0.88405927 0.9392339  0.99715776 1.05038835 1.09148317 1.1130119
 1.11178639 1.09506532 1.07168684 1.05048907 1.04031016 1.04998824
 1.08836145 1.16426792 1.28635416 1.45688732 1.67041844 1.92103653
 2.2028306  2.50988966 2.83630273 3.17615883 3.52354696 3.87255615
 4.21727539 4.55179372 4.87020014 5.16658366 5.4350333  5.66963808
 5.864487   6.01366908 6.11127334 6.15138878 6.12810443 6.03550929
 5.86769238 5.61874272 5.28274931 4.85380117]