
p_x=[19.810508182601207, 84.40999138673558, 155.90008613264428, 238.58742463393625, 299.74160206718346, 396.2101636520241, 483.2041343669251, 557.2782084409992, 645.1335055986219, 714.0396210163652, 775.1937984496125, 849.2678725236865, 945.7364341085272]
p_y=[-2.5882352941176467, -5.76470588235294, -5.882352941176469, -5.529411764705882, -2.4705882352941178, 1.4117647058823533, -2.9411764705882355, -5.2941176470588225, -7.882352941176471, 3.1764705882352935, 3.4117647058823533, 2.7058823529411766, 1.6470588235294112]
a_x=[24.117140396210164, 77.51937984496124, 148.14814814814815, 218.77691645133507, 282.51507321274767, 372.09302325581393, 453.91903531438413, 527.1317829457365, 621.0163652024117, 714.0396210163652, 788.1136950904393, 873.3850129198967, 947.4590869939708, 993.9707149009474]
a_y=[-7.426900584795323, -6.842105263157894, -4.152046783625732, -1.4619883040935662, -1.4619883040935662, -0.6432748538011701, -4.7368421052631575, -5.906432748538011, -3.099415204678362, -0.7602339181286553, -0.5263157894736832, -0.9941520467836256, -4.853801169590643, -1.4619883040935662]
d_x=[18.08785529715762, 80.1033591731266, 224.8062015503876, 294.57364341085275, 380.70628768303186, 481.48148148148147, 590.869939707149, 663.2213608957795, 739.0180878552973, 832.9026701119724, 916.4513350559862, 988.8027562446167]
d_y=[-2.280701754385966, -2.6315789473684212, 2.8654970760233924, 3.0994152046783627, 4.619883040935672, 2.0467836257309946, 1.578947368421053, 5.43859649122807, 4.970760233918129, 3.6842105263157894, 1.8128654970760234, 4.269005847953217]
p_x_fitting=[ 19.81050818  29.16329531  38.51608244  47.86886957  57.2216567
  66.57444384  75.92723097  85.2800181   94.63280523 103.98559236
 113.33837949 122.69116662 132.04395375 141.39674088 150.74952801
 160.10231514 169.45510227 178.8078894  188.16067653 197.51346366
 206.86625079 216.21903792 225.57182506 234.92461219 244.27739932
 253.63018645 262.98297358 272.33576071 281.68854784 291.04133497
 300.3941221  309.74690923 319.09969636 328.45248349 337.80527062
 347.15805775 356.51084488 365.86363201 375.21641914 384.56920627
 393.92199341 403.27478054 412.62756767 421.9803548  431.33314193
 440.68592906 450.03871619 459.39150332 468.74429045 478.09707758
 487.44986471 496.80265184 506.15543897 515.5082261  524.86101323
 534.21380036 543.56658749 552.91937462 562.27216176 571.62494889
 580.97773602 590.33052315 599.68331028 609.03609741 618.38888454
 627.74167167 637.0944588  646.44724593 655.80003306 665.15282019
 674.50560732 683.85839445 693.21118158 702.56396871 711.91675584
 721.26954297 730.62233011 739.97511724 749.32790437 758.6806915
 768.03347863 777.38626576 786.73905289 796.09184002 805.44462715
 814.79741428 824.15020141 833.50298854 842.85577567 852.2085628
 861.56134993 870.91413706 880.26692419 889.61971133 898.97249846
 908.32528559 917.67807272 927.03085985 936.38364698 945.73643411]
p_y_fitting=[-2.58823529 -3.39016972 -4.05648245 -4.59928627 -5.030694   -5.36281845
 -5.60777241 -5.77766869 -5.88462011 -5.94073946 -5.95813955 -5.94893319
 -5.92523319 -5.89915235 -5.88280348 -5.88791622 -5.91489286 -5.95120538
 -5.98362025 -5.99890394 -5.98382292 -5.92514366 -5.80963262 -5.62405629
 -5.35609972 -5.00674729 -4.58699797 -4.10809579 -3.58128477 -3.01780892
 -2.42891259 -1.82696923 -1.22801959 -0.64884765 -0.1062374   0.38302718
  0.80216209  1.13438335  1.36290697  1.47094897  1.44172535  1.261696
  0.94505619  0.5200735   0.01512571 -0.54140936 -1.12115392 -1.69573018
 -2.23676033 -2.71586657 -3.10560705 -3.40554761 -3.64571108 -3.85774925
 -4.07331391 -4.32405685 -4.64162984 -5.05768466 -5.60143985 -6.25415519
 -6.9531982  -7.63431849 -8.23326563 -8.68578923 -8.92763886 -8.89456411
 -8.52231458 -7.74672683 -6.54984301 -5.03578633 -3.32860953 -1.55236531
  0.16889358  1.71111443  2.9502445   3.77803124  4.21366717  4.33792688
  4.23198492  3.97701584  3.65419419  3.34450128  3.1014761   2.92302291
  2.80031511  2.7245261   2.68682928  2.67839807  2.69040586  2.71402605
  2.74043205  2.76079726  2.76629508  2.74809892  2.69738217  2.60531825
  2.46308055  2.26184248  1.99277744  1.64705882]
a_x_fitting=[ 24.1171404   33.91364115  43.7101419   53.50664265  63.30314341
  73.09964416  82.89614491  92.69264566 102.48914642 112.28564717
 122.08214792 131.87864867 141.67514943 151.47165018 161.26815093
 171.06465168 180.86115244 190.65765319 200.45415394 210.2506547
 220.04715545 229.8436562  239.64015695 249.43665771 259.23315846
 269.02965921 278.82615996 288.62266072 298.41916147 308.21566222
 318.01216297 327.80866373 337.60516448 347.40166523 357.19816598
 366.99466674 376.79116749 386.58766824 396.38416899 406.18066975
 415.9771705  425.77367125 435.570172   445.36667276 455.16317351
 464.95967426 474.75617501 484.55267577 494.34917652 504.14567727
 513.94217802 523.73867878 533.53517953 543.33168028 553.12818104
 562.92468179 572.72118254 582.51768329 592.31418405 602.1106848
 611.90718555 621.7036863  631.50018706 641.29668781 651.09318856
 660.88968931 670.68619007 680.48269082 690.27919157 700.07569232
 709.87219308 719.66869383 729.46519458 739.26169533 749.05819609
 758.85469684 768.65119759 778.44769834 788.2441991  798.04069985
 807.8372006  817.63370135 827.43020211 837.22670286 847.02320361
 856.81970436 866.61620512 876.41270587 886.20920662 896.00570738
 905.80220813 915.59870888 925.39520963 935.19171039 944.98821114
 954.78471189 964.58121264 974.3777134  984.17421415 993.9707149 ]
a_y_fitting=[-7.42690058 -7.44829162 -7.40718636 -7.30765475 -7.1537667  -6.94959215
 -6.69920103 -6.40666325 -6.07604875 -5.71142745 -5.31686928 -4.89644418
 -4.45422205 -3.99435428 -3.52567678 -3.0641727  -2.62642686 -2.22902411
 -1.8885493  -1.62158724 -1.44470647 -1.36374238 -1.35527476 -1.3909451
 -1.44239491 -1.48126567 -1.47919888 -1.40995573 -1.27624617 -1.10172896
 -0.91052986 -0.72677467 -0.57458917 -0.47809915 -0.4614304  -0.54870869
 -0.76311923 -1.10398809 -1.54547624 -2.06054264 -2.62214624 -3.20324597
 -3.7768008  -4.31576966 -4.7931217  -5.18891403 -5.50267309 -5.73723883
 -5.89545122 -5.98015021 -5.99417577 -5.94036786 -5.82180805 -5.64452389
 -5.41651064 -5.14579958 -4.84042193 -4.50840895 -4.15779188 -3.79660197
 -3.43287046 -3.0746283  -2.72889081 -2.39937836 -2.08914431 -1.80124207
 -1.53872502 -1.30464654 -1.10206002 -0.93401885 -0.8035764  -0.71336937
 -0.65912626 -0.63089084 -0.61853779 -0.61194178 -0.6009775  -0.57551962
 -0.52544284 -0.4460812  -0.35375085 -0.26980792 -0.21560857 -0.21250892
 -0.28186513 -0.44503334 -0.72336969 -1.13786504 -1.68321365 -2.31060985
 -2.96716635 -3.59999588 -4.15621117 -4.58292495 -4.82724993 -4.83629884
 -4.55718441 -3.93701936 -2.92291642 -1.4619883 ]
d_x_fitting=[ 18.0878553   27.89305632  37.69825734  47.50345836  57.30865938
  67.1138604   76.91906142  86.72426243  96.52946345 106.33466447
 116.13986549 125.94506651 135.75026753 145.55546855 155.36066957
 165.16587059 174.97107161 184.77627263 194.58147365 204.38667467
 214.19187569 223.99707671 233.80227773 243.60747875 253.41267977
 263.21788079 273.02308181 282.82828283 292.63348385 302.43868487
 312.24388589 322.04908691 331.85428793 341.65948895 351.46468997
 361.26989099 371.07509201 380.88029302 390.68549404 400.49069506
 410.29589608 420.1010971  429.90629812 439.71149914 449.51670016
 459.32190118 469.1271022  478.93230322 488.73750424 498.54270526
 508.34790628 518.1531073  527.95830832 537.76350934 547.56871036
 557.37391138 567.1791124  576.98431342 586.78951444 596.59471546
 606.39991648 616.2051175  626.01031852 635.81551954 645.62072056
 655.42592158 665.2311226  675.03632362 684.84152463 694.64672565
 704.45192667 714.25712769 724.06232871 733.86752973 743.67273075
 753.47793177 763.28313279 773.08833381 782.89353483 792.69873585
 802.50393687 812.30913789 822.11433891 831.91953993 841.72474095
 851.52994197 861.33514299 871.14034401 880.94554503 890.75074605
 900.55594707 910.36114809 920.16634911 929.97155013 939.77675115
 949.58195217 959.38715319 969.19235421 978.99755522 988.80275624]
d_y_fitting=[-2.28070175 -2.6258914  -2.84757293 -2.95593708 -2.96117454 -2.87347604
 -2.70303228 -2.46003398 -2.15467185 -1.79713661 -1.39761895 -0.96630961
 -0.51339929 -0.04907869  0.41646145  0.87303044  1.31043756  1.71849209
  2.08700333  2.40578056  2.66463307  2.85337015  2.96582733  3.01648904
  3.02644128  3.01677299  3.00857312  3.02293059  3.08093435  3.20032339
  3.37424716  3.58489959  3.81442434  4.04496508  4.25866546  4.43766914
  4.56411979  4.62016109  4.59292174  4.48843705  4.31722387  4.08979907
  3.81667949  3.508382    3.17542345  2.82832071  2.47759062  2.13375004
  1.80718421  1.50709369  1.24205216  1.02062761  0.851388    0.74290131
  0.70373553  0.74245861  0.86763855  1.0878433   1.41164086  1.84610958
  2.37454853  2.96115785  3.56959829  4.16353059  4.70661552  5.16251381
  5.49497268  5.6849605   5.75133739  5.71800918  5.6088817   5.4478608
  5.2588523   5.06576204  4.89193433  4.74612538  4.62150822  4.51049511
  4.4054983   4.29893005  4.18320262  4.05072825  3.89391921  3.70518776
  3.47950414  3.22568558  2.95721302  2.68757098  2.43024395  2.19871645
  2.00647297  1.86699801  1.79377609  1.80029171  1.90002936  2.10647356
  2.4331088   2.8934196   3.50089044  4.26900585]