
p_x=[17.226528854435834, 68.04478897502153, 134.36692506459949, 206.71834625322995, 295.4349698535745, 361.75710594315245, 440.1378122308355, 507.32127476313525, 611.5417743324721, 694.229112833764, 782.0844099913867, 869.0783807062877, 925.925925925926, 986.2187769164514]
p_y=[-2.7058823529411757, -4.352941176470589, -5.1764705882352935, -6.7058823529411775, -9.058823529411764, -4.8235294117647065, -4.9411764705882355, -2.117647058823529, -2.5882352941176467, -5.0588235294117645, -7.1764705882352935, -6.9411764705882355, -4.0, -4.470588235294118]
a_x=[12.919896640826872, 80.96468561584841, 142.1188630490956, 224.8062015503876, 295.4349698535745, 361.75710594315245, 447.8897502153316, 540.0516795865633, 621.0163652024117, 670.9732988802756, 732.1274763135228, 829.4573643410853, 902.6701119724376, 974.1602067183462]
a_y=[-8.128654970760234, -5.204678362573098, -6.023391812865498, -4.385964912280702, -6.140350877192983, -3.099415204678362, -1.1111111111111107, -5.6725146198830405, -5.6725146198830405, -7.660818713450293, -2.397660818713449, -1.2280701754385959, -2.0467836257309955, -3.450292397660819]
d_x=[16.36520241171404, 87.85529715762273, 188.63049095607235, 284.2377260981912, 377.2609819121447, 486.64944013781223, 624.4616709732989, 730.4048234280792, 842.3772609819122, 886.3049095607234, 959.5176571920758, 990.5254091300602]
d_y=[-2.514619883040936, -3.450292397660819, -2.397660818713449, -1.2280701754385959, -1.3450292397660828, 1.2280701754385976, 1.461988304093568, -1.1111111111111107, 2.6315789473684212, -1.9298245614035086, 1.6959064327485383, 3.0994152046783627]
p_x_fitting=[ 17.22652885  27.01432934  36.80212983  46.58993031  56.3777308
  66.16553128  75.95333177  85.74113225  95.52893274 105.31673322
 115.10453371 124.89233419 134.68013468 144.46793517 154.25573565
 164.04353614 173.83133662 183.61913711 193.40693759 203.19473808
 212.98253856 222.77033905 232.55813953 242.34594002 252.13374051
 261.92154099 271.70934148 281.49714196 291.28494245 301.07274293
 310.86054342 320.6483439  330.43614439 340.22394488 350.01174536
 359.79954585 369.58734633 379.37514682 389.1629473  398.95074779
 408.73854827 418.52634876 428.31414924 438.10194973 447.88975022
 457.6775507  467.46535119 477.25315167 487.04095216 496.82875264
 506.61655313 516.40435361 526.1921541  535.97995458 545.76775507
 555.55555556 565.34335604 575.13115653 584.91895701 594.7067575
 604.49455798 614.28235847 624.07015895 633.85795944 643.64575992
 653.43356041 663.2213609  673.00916138 682.79696187 692.58476235
 702.37256284 712.16036332 721.94816381 731.73596429 741.52376478
 751.31156527 761.09936575 770.88716624 780.67496672 790.46276721
 800.25056769 810.03836818 819.82616866 829.61396915 839.40176963
 849.18957012 858.97737061 868.76517109 878.55297158 888.34077206
 898.12857255 907.91637303 917.70417352 927.491974   937.27977449
 947.06757497 956.85537546 966.64317595 976.43097643 986.21877692]
p_y_fitting=[-2.70588235 -3.14101872 -3.51304836 -3.82841276 -4.09355343 -4.31491186
 -4.49892955 -4.65204801 -4.78070872 -4.89135319 -4.99042291 -5.08435939
 -5.17960414 -5.28305232 -5.40324781 -5.54910888 -5.72955384 -5.95350096
 -6.22986855 -6.56757489 -6.9736471  -7.43085519 -7.90516832 -8.36221907
 -8.76764001 -9.08706371 -9.28612274 -9.33044967 -9.18567708 -8.82073831
 -8.25897464 -7.56833559 -6.81808724 -6.07749567 -5.41582699 -4.90234726
 -4.59610014 -4.48057894 -4.50541508 -4.62008027 -4.77404623 -4.91678466
 -4.99776727 -4.96646577 -4.77993856 -4.45277757 -4.02594521 -3.54054133
 -3.03766577 -2.55841837 -2.14389899 -1.82850481 -1.61333688 -1.48917668
 -1.4468026  -1.47699299 -1.57052623 -1.71818068 -1.91073472 -2.13896672
 -2.39365504 -2.66560344 -2.94793899 -3.23794604 -3.53334051 -3.83183833
 -4.13115542 -4.42900771 -4.72311111 -5.01118155 -5.29109779 -5.56182569
 -5.82277628 -6.07336193 -6.31299498 -6.54108782 -6.75705281 -6.96030229
 -7.15024866 -7.32521076 -7.47673516 -7.59377907 -7.66529446 -7.68023331
 -7.62754761 -7.49618934 -7.27511049 -6.95326304 -6.52661571 -6.02203392
 -5.4748846  -4.92053494 -4.39435214 -3.93170338 -3.56795585 -3.33847673
 -3.27863323 -3.42379251 -3.80932179 -4.47058824]
a_x_fitting=[ 12.91989664  22.62939472  32.3388928   42.04839089  51.75788897
  61.46738705  71.17688513  80.88638321  90.59588129 100.30537938
 110.01487746 119.72437554 129.43387362 139.1433717  148.85286978
 158.56236786 168.27186595 177.98136403 187.69086211 197.40036019
 207.10985827 216.81935635 226.52885444 236.23835252 245.9478506
 255.65734868 265.36684676 275.07634484 284.78584293 294.49534101
 304.20483909 313.91433717 323.62383525 333.33333333 343.04283141
 352.7523295  362.46182758 372.17132566 381.88082374 391.59032182
 401.2998199  411.00931799 420.71881607 430.42831415 440.13781223
 449.84731031 459.55680839 469.26630648 478.97580456 488.68530264
 498.39480072 508.1042988  517.81379688 527.52329497 537.23279305
 546.94229113 556.65178921 566.36128729 576.07078537 585.78028345
 595.48978154 605.19927962 614.9087777  624.61827578 634.32777386
 644.03727194 653.74677003 663.45626811 673.16576619 682.87526427
 692.58476235 702.29426043 712.00375852 721.7132566  731.42275468
 741.13225276 750.84175084 760.55124892 770.260747   779.97024509
 789.67974317 799.38924125 809.09873933 818.80823741 828.51773549
 838.22723358 847.93673166 857.64622974 867.35572782 877.0652259
 886.77472398 896.48422207 906.19372015 915.90321823 925.61271631
 935.32221439 945.03171247 954.74121056 964.45070864 974.16020672]
a_y_fitting=[-8.12865497 -7.06818755 -6.27551118 -5.71847783 -5.36493948 -5.18274809
 -5.13975564 -5.20381409 -5.34277543 -5.52449162 -5.71681463 -5.88759644
 -6.00468902 -6.03594434 -5.95289748 -5.76597724 -5.50896009 -5.21594025
 -4.92101192 -4.65826932 -4.46180665 -4.36571813 -4.40402006 -4.58826906
 -4.87662019 -5.21946374 -5.56718996 -5.87018912 -6.0788515  -6.14356736
 -6.02516302 -5.7403584  -5.32450733 -4.81297644 -4.24113241 -3.64434188
 -3.05797002 -2.51257272 -2.02321525 -1.60185005 -1.26042955 -1.01090619
 -0.8652324  -0.83536063 -0.9332433  -1.17077025 -1.5468263  -2.03141128
 -2.59063689 -3.19061483 -3.7974568  -4.3772745  -4.89617963 -5.32028388
 -5.61569896 -5.75337072 -5.75249804 -5.66001171 -5.52317352 -5.38924522
 -5.30548858 -5.31916538 -5.47753737 -5.82638341 -6.34256483 -6.90628954
 -7.3905357  -7.66828147 -7.61294857 -7.16714582 -6.4171312  -5.46704011
 -4.42100796 -3.38317016 -2.4576621  -1.73143385 -1.20591494 -0.85598389
 -0.65651099 -0.58236652 -0.60842075 -0.70954397 -0.86060646 -1.03647851
 -1.21203038 -1.36585702 -1.49650195 -1.60915918 -1.70902729 -1.80130489
 -1.89119056 -1.98388289 -2.08458048 -2.19848191 -2.33078578 -2.48669068
 -2.6713952  -2.89009793 -3.14799747 -3.4502924 ]
d_x_fitting=[ 16.36520241  26.2052045   36.04520659  45.88520868  55.72521076
  65.56521285  75.40521494  85.24521703  95.08521912 104.9252212
 114.76522329 124.60522538 134.44522747 144.28522956 154.12523164
 163.96523373 173.80523582 183.64523791 193.48524    203.32524208
 213.16524417 223.00524626 232.84524835 242.68525044 252.52525253
 262.36525461 272.2052567  282.04525879 291.88526088 301.72526297
 311.56526505 321.40526714 331.24526923 341.08527132 350.92527341
 360.76527549 370.60527758 380.44527967 390.28528176 400.12528385
 409.96528593 419.80528802 429.64529011 439.4852922  449.32529429
 459.16529637 469.00529846 478.84530055 488.68530264 498.52530473
 508.36530681 518.2053089  528.04531099 537.88531308 547.72531517
 557.56531726 567.40531934 577.24532143 587.08532352 596.92532561
 606.7653277  616.60532978 626.44533187 636.28533396 646.12533605
 655.96533814 665.80534022 675.64534231 685.4853444  695.32534649
 705.16534858 715.00535066 724.84535275 734.68535484 744.52535693
 754.36535902 764.2053611  774.04536319 783.88536528 793.72536737
 803.56536946 813.40537154 823.24537363 833.08537572 842.92537781
 852.7653799  862.60538199 872.44538407 882.28538616 892.12538825
 901.96539034 911.80539243 921.64539451 931.4853966  941.32539869
 951.16540078 961.00540287 970.84540495 980.68540704 990.52540913]
d_y_fitting=[-2.51461988 -2.76932167 -2.97944634 -3.14749097 -3.27595263 -3.36732842
 -3.42411541 -3.44881069 -3.44391133 -3.41191442 -3.35531704 -3.27661627
 -3.17830919 -3.06289289 -2.93286444 -2.79072093 -2.63895943 -2.48007704
 -2.31659663 -2.15165349 -1.989006   -1.83244047 -1.68574321 -1.55270055
 -1.4370988  -1.34272427 -1.27336327 -1.23280214 -1.22385806 -1.24163702
 -1.27756175 -1.3230321  -1.36944794 -1.40820915 -1.43071559 -1.42836713
 -1.39256365 -1.31478662 -1.19177479 -1.02863048 -0.83120114 -0.60533423
 -0.3568772  -0.09167751  0.18441739  0.46556004  0.74590298  1.01959876
  1.28080313  1.52429678  1.746228    1.94292605  2.11072023  2.24593981
  2.34491407  2.40397228  2.41944373  2.38765769  2.30494345  2.16763027
  1.97204745  1.71452425  1.39142842  1.00711822  0.58370057  0.14567159
 -0.28247255 -0.67623573 -1.01112177 -1.26263455 -1.4062779  -1.41755569
 -1.27197176 -0.94607825 -0.44986433  0.16705809  0.85278057  1.55539461
  2.22299176  2.80366354  3.24550148  3.4965971   3.50504194  3.21892752
  2.58635261  1.60464962  0.43786897 -0.71468412 -1.65370444 -2.18964338
 -2.28396274 -2.01699608 -1.47229023 -0.733392    0.11615178  0.99279429
  1.81298871  2.49318822  2.94984599  3.0994152 ]