
p_x=[13.781223083548666, 65.46080964685616, 122.3083548664944, 223.083548664944, 295.4349698535745, 349.69853574504737, 416.0206718346253, 495.2627045650301, 602.0671834625323, 684.7545219638242, 741.6020671834625, 849.2678725236865, 966.4082687338502, 992.2480620155038]
p_y=[-1.764705882352942, -4.117647058823531, -6.0, -4.23529411764706, -2.8235294117647065, -4.23529411764706, -5.1764705882352935, -4.7058823529411775, -4.352941176470589, -1.4117647058823515, 2.235294117647059, -0.8235294117647047, 2.11764705882353, 2.9411764705882346]
a_x=[15.503875968992247, 64.59948320413436, 118.00172265288545, 173.9879414298019, 257.5366063738157, 360.03445305770884, 420.3273040482343, 503.01464254952634, 599.4832041343669, 664.944013781223, 756.244616709733, 862.1877691645134, 939.7071490094746, 1000.0]
a_y=[-7.309941520467834, -3.8011695906432745, -2.397660818713449, -4.970760233918128, -3.5672514619883025, -1.578947368421053, -1.3450292397660828, -6.725146198830409, -5.6725146198830405, -1.2280701754385959, -1.1111111111111107, -0.5263157894736832, -3.2163742690058488, -1.1111111111111107]
d_x=[15.503875968992247, 128.33763996554694, 239.44875107665806, 354.86649440137813, 508.182601205857, 625.3229974160207, 763.1352282515073, 870.8010335917312, 983.634797588286]
d_y=[1.578947368421053, 1.2280701754385976, 2.9824561403508776, 3.9181286549707606, 2.0467836257309946, 2.397660818713451, 4.385964912280702, 5.087719298245615, 2.514619883040936]
p_x_fitting=[ 13.78122308  23.66472651  33.54822993  43.43173335  53.31523678
  63.1987402   73.08224362  82.96574705  92.84925047 102.7327539
 112.61625732 122.49976074 132.38326417 142.26676759 152.15027101
 162.03377444 171.91727786 181.80078128 191.68428471 201.56778813
 211.45129155 221.33479498 231.2182984  241.10180183 250.98530525
 260.86880867 270.7523121  280.63581552 290.51931894 300.40282237
 310.28632579 320.16982921 330.05333264 339.93683606 349.82033948
 359.70384291 369.58734633 379.47084976 389.35435318 399.2378566
 409.12136003 419.00486345 428.88836687 438.7718703  448.65537372
 458.53887714 468.42238057 478.30588399 488.18938741 498.07289084
 507.95639426 517.83989768 527.72340111 537.60690453 547.49040796
 557.37391138 567.2574148  577.14091823 587.02442165 596.90792507
 606.7914285  616.67493192 626.55843534 636.44193877 646.32544219
 656.20894561 666.09244904 675.97595246 685.85945589 695.74295931
 705.62646273 715.50996616 725.39346958 735.276973   745.16047643
 755.04397985 764.92748327 774.8109867  784.69449012 794.57799354
 804.46149697 814.34500039 824.22850382 834.11200724 843.99551066
 853.87901409 863.76251751 873.64602093 883.52952436 893.41302778
 903.2965312  913.18003463 923.06353805 932.94704147 942.8305449
 952.71404832 962.59755174 972.48105517 982.36455859 992.24806202]
p_y_fitting=[-1.76470588 -2.17656141 -2.61951843 -3.08143696 -3.550177   -4.01359858
 -4.45956171 -4.87592642 -5.2505527  -5.57130059 -5.8260301  -6.00260127
 -6.09255455 -6.10132146 -6.03761022 -5.91012906 -5.7275862  -5.49868987
 -5.23214829 -4.93666969 -4.62096229 -4.29373432 -3.9643648  -3.64683907
 -3.35707714 -3.11100569 -2.92455139 -2.81364093 -2.79420098 -2.88120429
 -3.06795273 -3.32622611 -3.62688005 -3.94077017 -4.2387521  -4.49693596
 -4.71168704 -4.88425061 -5.01587195 -5.10779631 -5.16126898 -5.17756291
 -5.16005944 -5.11569519 -5.05174882 -4.97549901 -4.89422441 -4.8152037
 -4.74571555 -4.69299041 -4.66000866 -4.64223456 -4.63436365 -4.63109147
 -4.62711357 -4.61712547 -4.59582271 -4.55790085 -4.4980554  -4.41098192
 -4.29134185 -4.13292532 -3.92859963 -3.67118769 -3.3535124  -2.96839667
 -2.5086634  -1.96713551 -1.33665053 -0.62437611  0.12138155  0.84497987
  1.49077625  2.00312809  2.32708061  2.44200265  2.37681492  2.16430085
  1.8372439   1.42842752  0.97063516  0.49665027  0.0392563  -0.3687633
 -0.69462508 -0.90633814 -0.9933576  -0.96854082 -0.84592986 -0.63956678
 -0.36349364 -0.03175252  0.34161453  0.74256545  1.15705816  1.57105061
  1.97050073  2.34136645  2.66960572  2.94117647]
a_x_fitting=[  15.50387597   25.44828126   35.39268656   45.33709185   55.28149714
   65.22590244   75.17030773   85.11471302   95.05911831  105.00352361
  114.9479289   124.89233419  134.83673949  144.78114478  154.72555007
  164.66995537  174.61436066  184.55876595  194.50317125  204.44757654
  214.39198183  224.33638713  234.28079242  244.22519771  254.16960301
  264.1140083   274.05841359  284.00281889  293.94722418  303.89162947
  313.83603477  323.78044006  333.72484535  343.66925065  353.61365594
  363.55806123  373.50246653  383.44687182  393.39127711  403.33568241
  413.2800877   423.22449299  433.16889829  443.11330358  453.05770887
  463.00211416  472.94651946  482.89092475  492.83533004  502.77973534
  512.72414063  522.66854592  532.61295122  542.55735651  552.5017618
  562.4461671   572.39057239  582.33497768  592.27938298  602.22378827
  612.16819356  622.11259886  632.05700415  642.00140944  651.94581474
  661.89022003  671.83462532  681.77903062  691.72343591  701.6678412
  711.6122465   721.55665179  731.50105708  741.44546238  751.38986767
  761.33427296  771.27867826  781.22308355  791.16748884  801.11189414
  811.05629943  821.00070472  830.94511001  840.88951531  850.8339206
  860.77832589  870.72273119  880.66713648  890.61154177  900.55594707
  910.50035236  920.44475765  930.38916295  940.33356824  950.27797353
  960.22237883  970.16678412  980.11118941  990.05559471 1000.        ]
a_y_fitting=[-7.30994152 -6.58825998 -5.84639692 -5.11066072 -4.40735979 -3.76280251
 -3.20329728 -2.7551525  -2.44467655 -2.29817784 -2.34196475 -2.59678441
 -3.02452513 -3.5516822  -4.10426682 -4.60829018 -4.98976774 -5.19514578
 -5.23857334 -5.14820461 -4.95219375 -4.67869495 -4.35586238 -4.01185021
 -3.67481263 -3.37123988 -3.10790597 -2.87868527 -2.67722895 -2.49718816
 -2.33221408 -2.17595787 -2.0220707  -1.86420372 -1.69600811 -1.51143863
 -1.32018861 -1.15501928 -1.05052885 -1.04131554 -1.16197754 -1.44680556
 -1.90454286 -2.49960265 -3.19197261 -3.94164042 -4.70859376 -5.45282033
 -6.1343078  -6.71304384 -7.15599383 -7.46008419 -7.6302813  -7.67155165
 -7.58886175 -7.38717807 -7.07146711 -6.64669536 -6.11782931 -5.48995773
 -4.77980573 -4.02517115 -3.26607271 -2.54252909 -1.89455899 -1.36218111
 -0.98172727 -0.75050859 -0.64237223 -0.63084444 -0.68945144 -0.79171947
 -0.91117476 -1.02134355 -1.09575208 -1.10890946 -1.05672521 -0.95585985
 -0.82382692 -0.67813993 -0.53631239 -0.41585784 -0.33428978 -0.30912174
 -0.35786725 -0.49803981 -0.74222233 -1.07267555 -1.46014186 -1.87534146
 -2.28899454 -2.6718213  -2.99454193 -3.22787663 -3.34254558 -3.309269
 -3.09876706 -2.68175997 -2.02896793 -1.11111111]
d_x_fitting=[ 15.50387597  25.28297619  35.06207641  44.84117662  54.62027684
  64.39937706  74.17847728  83.9575775   93.73667772 103.51577793
 113.29487815 123.07397837 132.85307859 142.63217881 152.41127903
 162.19037924 171.96947946 181.74857968 191.5276799  201.30678012
 211.08588034 220.86498055 230.64408077 240.42318099 250.20228121
 259.98138143 269.76048165 279.53958187 289.31868208 299.0977823
 308.87688252 318.65598274 328.43508296 338.21418318 347.99328339
 357.77238361 367.55148383 377.33058405 387.10968427 396.88878449
 406.6678847  416.44698492 426.22608514 436.00518536 445.78428558
 455.5633858  465.34248601 475.12158623 484.90068645 494.67978667
 504.45888689 514.23798711 524.01708732 533.79618754 543.57528776
 553.35438798 563.1334882  572.91258842 582.69168863 592.47078885
 602.24988907 612.02898929 621.80808951 631.58718973 641.36628995
 651.14539016 660.92449038 670.7035906  680.48269082 690.26179104
 700.04089126 709.81999147 719.59909169 729.37819191 739.15729213
 748.93639235 758.71549257 768.49459278 778.273693   788.05279322
 797.83189344 807.61099366 817.39009388 827.16919409 836.94829431
 846.72739453 856.50649475 866.28559497 876.06469519 885.8437954
 895.62289562 905.40199584 915.18109606 924.96019628 934.7392965
 944.51839671 954.29749693 964.07659715 973.85569737 983.63479759]
d_y_fitting=[1.57894737 1.3857068  1.22979822 1.10919949 1.02188848 0.96584305
 0.93904106 0.93946039 0.9650789  1.01387444 1.0838249  1.17290813
 1.27910199 1.40038436 1.5347331  1.68012608 1.83454115 1.99595619
 2.16234906 2.33169763 2.50197976 2.67117331 2.83725615 2.99820622
 3.15208562 3.29720691 3.43192898 3.55461071 3.66361101 3.75728877
 3.83400288 3.89211224 3.92997573 3.94595226 3.93840071 3.9057005
 3.84785536 3.76764365 3.66811514 3.55231963 3.42330692 3.28412678
 3.13782902 2.98746342 2.83607978 2.68672788 2.54245751 2.40631847
 2.28136055 2.17063353 2.07718721 2.00391164 1.95147958 1.91894123
 1.90530962 1.90959781 1.93081885 1.96798577 2.02011162 2.08620946
 2.16529233 2.25637326 2.35846532 2.47057467 2.59161971 2.72045807
 2.85594619 2.99694049 3.14229743 3.29087341 3.44152489 3.5931083
 3.74448006 3.89449662 4.0420144  4.18588984 4.32497937 4.45812423
 4.58388396 4.70056962 4.80648373 4.89992882 4.97920742 5.04262205
 5.08847525 5.11506954 5.12070744 5.1036915  5.06232423 4.99490817
 4.89974583 4.77513976 4.61939247 4.4308065  4.20768438 3.94832862
 3.65104177 3.31412634 2.93588487 2.51461988]