
p_x=[27.56244616709733, 130.06029285099052, 250.64599483204137, 354.86649440137813, 470.2842377260982, 543.4969853574505, 652.885443583118, 757.9672695951766, 850.99052540913, 926.7872523686477, 981.9121447028424]
p_y=[1.5294117647058822, 3.647058823529412, 1.4117647058823533, 2.11764705882353, 1.1764705882352935, 1.2941176470588225, 5.882352941176471, 5.411764705882353, 5.764705882352941, 2.11764705882353, 1.764705882352942]
a_x=[17.226528854435834, 107.66580534022395, 241.17140396210164, 329.02670111972435, 431.5245478036176, 502.1533161068045, 552.9715762273901, 667.5279931093885, 765.7192075796727, 863.0490956072352, 919.8966408268734, 985.3574504737296]
a_y=[-7.426900584795323, -5.321637426900585, -6.959064327485379, -4.385964912280702, -3.9181286549707615, -4.853801169590643, -6.6081871345029235, -1.6959064327485365, -1.3450292397660828, -2.0467836257309955, -6.959064327485379, -7.426900584795323]
d_x=[13.781223083548666, 169.68130921619291, 336.77863910422053, 537.4677002583979, 661.4987080103359, 813.953488372093, 942.29112833764]
d_y=[1.6959064327485383, 4.853801169590644, 1.2280701754385976, 1.3450292397660828, 5.672514619883041, 5.321637426900585, 5.672514619883041]
p_x_fitting=[ 27.56244617  37.20234211  46.84223806  56.482134    66.12202995
  75.76192589  85.40182184  95.04171778 104.68161373 114.32150967
 123.96140562 133.60130156 143.2411975  152.88109345 162.52098939
 172.16088534 181.80078128 191.44067723 201.08057317 210.72046912
 220.36036506 230.00026101 239.64015695 249.2800529  258.91994884
 268.55984479 278.19974073 287.83963668 297.47953262 307.11942857
 316.75932451 326.39922046 336.0391164  345.67901235 355.31890829
 364.95880424 374.59870018 384.23859612 393.87849207 403.51838801
 413.15828396 422.7981799  432.43807585 442.07797179 451.71786774
 461.35776368 470.99765963 480.63755557 490.27745152 499.91734746
 509.55724341 519.19713935 528.8370353  538.47693124 548.11682719
 557.75672313 567.39661908 577.03651502 586.67641097 596.31630691
 605.95620286 615.5960988  625.23599475 634.87589069 644.51578663
 654.15568258 663.79557852 673.43547447 683.07537041 692.71526636
 702.3551623  711.99505825 721.63495419 731.27485014 740.91474608
 750.55464203 760.19453797 769.83443392 779.47432986 789.11422581
 798.75412175 808.3940177  818.03391364 827.67380959 837.31370553
 846.95360148 856.59349742 866.23339337 875.87328931 885.51318525
 895.1530812  904.79297714 914.43287309 924.07276903 933.71266498
 943.35256092 952.99245687 962.63235281 972.27224876 981.9121447 ]
p_y_fitting=[1.52941176 2.12947721 2.62658388 3.02758514 3.33933436 3.5686849
 3.72249013 3.80760343 3.83087815 3.79916768 3.71932536 3.59820458
 3.4426587  3.25954108 3.0557051  2.83800413 2.61329152 2.38842066
 2.1702449  1.96561761 1.78139217 1.62442194 1.50156028 1.41966057
 1.38406338 1.39080694 1.43239621 1.50132936 1.59010453 1.6912199
 1.79717361 1.90046382 1.9935887  2.06904639 2.11933525 2.13901308
 2.1297961  2.09495479 2.03775965 1.96148115 1.86938979 1.76475606
 1.65085044 1.53094342 1.40830551 1.28620717 1.16791942 1.05829819
 0.96728294 0.90583025 0.88489672 0.91543894 1.0084135  1.17477698
 1.42497836 1.75656943 2.15348701 2.59901666 3.0764439  3.56905429
 4.06013335 4.53296663 4.97083967 5.357038   5.67484717 5.9075649
 6.04616203 6.10239739 6.09151601 6.02876295 5.92938323 5.8086219
 5.68172401 5.56393459 5.47049869 5.41666135 5.41759622 5.47796524
 5.58091993 5.70698043 5.83666686 5.95049934 6.028998   6.05268297
 6.00207435 5.85769229 5.60152136 5.23917458 4.79537381 4.29538865
 3.76448869 3.22794351 2.71102273 2.23899592 1.83713269 1.53070262
 1.34497532 1.30522036 1.43670735 1.76470588]
a_x_fitting=[ 17.22652885  27.00562907  36.78472929  46.56382951  56.34292973
  66.12202995  75.90113016  85.68023038  95.4593306  105.23843082
 115.01753104 124.79663126 134.57573147 144.35483169 154.13393191
 163.91303213 173.69213235 183.47123257 193.25033279 203.029433
 212.80853322 222.58763344 232.36673366 242.14583388 251.9249341
 261.70403431 271.48313453 281.26223475 291.04133497 300.82043519
 310.59953541 320.37863562 330.15773584 339.93683606 349.71593628
 359.4950365  369.27413672 379.05323693 388.83233715 398.61143737
 408.39053759 418.16963781 427.94873803 437.72783824 447.50693846
 457.28603868 467.0651389  476.84423912 486.62333934 496.40243955
 506.18153977 515.96063999 525.73974021 535.51884043 545.29794065
 555.07704087 564.85614108 574.6352413  584.41434152 594.19344174
 603.97254196 613.75164218 623.53074239 633.30984261 643.08894283
 652.86804305 662.64714327 672.42624349 682.2053437  691.98444392
 701.76354414 711.54264436 721.32174458 731.1008448  740.87994501
 750.65904523 760.43814545 770.21724567 779.99634589 789.77544611
 799.55454632 809.33364654 819.11274676 828.89184698 838.6709472
 848.45004742 858.22914763 868.00824785 877.78734807 887.56644829
 897.34554851 907.12464873 916.90374895 926.68284916 936.46194938
 946.2410496  956.02014982 965.79925004 975.57835026 985.35745047]
a_y_fitting=[-7.42690058 -6.80570116 -6.30146757 -5.90528582 -5.60824193 -5.40142189
 -5.27591171 -5.22279742 -5.233165   -5.29810048 -5.40868986 -5.55601915
 -5.73117435 -5.92524149 -6.12930655 -6.33445556 -6.53177452 -6.71234944
 -6.86726632 -6.98761119 -7.06447003 -7.08892888 -7.05207372 -6.94499452
 -6.76407596 -6.52145165 -6.23217007 -5.91127974 -5.57382916 -5.23486682
 -4.90944123 -4.61260089 -4.35938888 -4.15999682 -4.01084469 -3.90592539
 -3.83923186 -3.804757   -3.79649375 -3.80843503 -3.83457374 -3.86890283
 -3.90541519 -3.93893424 -3.97516456 -4.02746117 -4.10933815 -4.23430958
 -4.41588953 -4.66759209 -5.00214457 -5.40373802 -5.82063757 -6.19881903
 -6.48425821 -6.62306437 -6.58481434 -6.38925254 -6.06258427 -5.6310148
 -5.12074942 -4.55799341 -3.96895207 -3.37983067 -2.8168345  -2.30616885
 -1.87403899 -1.54573008 -1.32545195 -1.19638806 -1.14081146 -1.14099522
 -1.17921239 -1.23773604 -1.29883923 -1.34479502 -1.35787646 -1.32104607
 -1.2365556  -1.12807065 -1.02037263 -0.93824294 -0.90646299 -0.9498142
 -1.09307798 -1.36103572 -1.77846885 -2.36851523 -3.11774567 -3.97683655
 -4.89495527 -5.82126927 -6.70494594 -7.49515271 -8.141057   -8.5918262
 -8.79662775 -8.70462906 -8.26499753 -7.42690058]
d_x_fitting=[ 13.78122308  23.16011102  32.53899895  41.91788688  51.29677481
  60.67566274  70.05455067  79.43343861  88.81232654  98.19121447
 107.5701024  116.94899033 126.32787827 135.7067662  145.08565413
 154.46454206 163.84342999 173.22231793 182.60120586 191.98009379
 201.35898172 210.73786965 220.11675758 229.49564552 238.87453345
 248.25342138 257.63230931 267.01119724 276.39008518 285.76897311
 295.14786104 304.52674897 313.9056369  323.28452483 332.66341277
 342.0423007  351.42118863 360.80007656 370.17896449 379.55785243
 388.93674036 398.31562829 407.69451622 417.07340415 426.45229209
 435.83118002 445.21006795 454.58895588 463.96784381 473.34673174
 482.72561968 492.10450761 501.48339554 510.86228347 520.2411714
 529.62005934 538.99894727 548.3778352  557.75672313 567.13561106
 576.514499   585.89338693 595.27227486 604.65116279 614.03005072
 623.40893865 632.78782659 642.16671452 651.54560245 660.92449038
 670.30337831 679.68226625 689.06115418 698.44004211 707.81893004
 717.19781797 726.5767059  735.95559384 745.33448177 754.7133697
 764.09225763 773.47114556 782.8500335  792.22892143 801.60780936
 810.98669729 820.36558522 829.74447316 839.12336109 848.50224902
 857.88113695 867.26002488 876.63891281 886.01780075 895.39668868
 904.77557661 914.15446454 923.53335247 932.91224041 942.29112834]
d_y_fitting=[ 1.69590643e+00  2.24105998e+00  2.73085265e+00  3.16731371e+00
  3.55247243e+00  3.88835806e+00  4.17699988e+00  4.42042715e+00
  4.62066914e+00  4.77975512e+00  4.89971434e+00  4.98257609e+00
  5.03036961e+00  5.04512418e+00  5.02886907e+00  4.98363354e+00
  4.91144686e+00  4.81433828e+00  4.69433709e+00  4.55347255e+00
  4.39377391e+00  4.21727045e+00  4.02599144e+00  3.82196613e+00
  3.60722380e+00  3.38379371e+00  3.15370513e+00  2.91898733e+00
  2.68166956e+00  2.44378110e+00  2.20735121e+00  1.97440916e+00
  1.74698422e+00  1.52710564e+00  1.31680270e+00  1.11807241e+00
  9.32346602e-01  7.60575390e-01  6.03693500e-01  4.62635649e-01
  3.38336558e-01  2.31730946e-01  1.43753533e-01  7.53390367e-02
  2.74221777e-02  9.37675087e-04 -3.17975175e-03  1.60046166e-02
  5.94254994e-02  1.28017616e-01  2.22715686e-01  3.44454429e-01
  4.94168563e-01  6.72792809e-01  8.81261886e-01  1.12051051e+00
  1.39146851e+00  1.69331485e+00  2.02089476e+00  2.36839463e+00
  2.73000081e+00  3.09989967e+00  3.47227758e+00  3.84132090e+00
  4.20121601e+00  4.54614925e+00  4.87030702e+00  5.16787565e+00
  5.43304154e+00  5.65999103e+00  5.84413788e+00  5.98679756e+00
  6.09105722e+00  6.16000433e+00  6.19672637e+00  6.20431083e+00
  6.18584519e+00  6.14441693e+00  6.08311354e+00  6.00502248e+00
  5.91323125e+00  5.81082732e+00  5.70089818e+00  5.58653131e+00
  5.47081419e+00  5.35683430e+00  5.24767912e+00  5.14643614e+00
  5.05619282e+00  4.98003667e+00  4.92105515e+00  4.88233576e+00
  4.86696596e+00  4.87803324e+00  4.91862509e+00  4.99182898e+00
  5.10073240e+00  5.24842282e+00  5.43798774e+00  5.67251462e+00]