
p_x=[18.949181739879414, 94.74590869939708, 198.96640826873386, 288.5443583118002, 389.3195521102498, 491.817398794143, 591.7312661498709, 635.6589147286821, 711.4556416881999, 763.9965546942291, 808.7855297157622, 904.3927648578812, 975.0215331610681]
p_y=[1.764705882352942, 3.4117647058823533, 4.117647058823529, -2.9411764705882355, -5.529411764705882, 2.4705882352941178, 3.4117647058823533, -5.882352941176469, -6.9411764705882355, -7.1764705882352935, -8.823529411764707, -7.647058823529413, -8.235294117647058]
a_x=[20.671834625322997, 98.19121447028424, 211.88630490956072, 293.71231696813095, 355.72782084409994, 397.0714900947459, 458.2256675279931, 569.3367786391043, 639.9655469422911, 749.3540051679587, 773.4711455641689, 831.1800172265289, 911.2833763996555, 965.5469422911284]
a_y=[-7.076023391812864, -4.853801169590643, -0.5263157894736832, -1.4619883040935662, -0.5263157894736832, -0.6432748538011701, -6.023391812865498, -6.842105263157894, -0.4093567251461998, -0.8771929824561404, -0.8771929824561404, -0.2923976608187129, -0.2923976608187129, -0.4093567251461998]
d_x=[19.810508182601207, 111.1111111111111, 234.28079242032732, 354.86649440137813, 511.6279069767442, 634.7975882859604, 720.0689061154177, 826.0120585701981, 991.3867355727821]
d_y=[1.1111111111111107, 2.397660818713451, 3.333333333333334, 4.152046783625732, 1.9298245614035086, 5.321637426900585, 5.43859649122807, 5.321637426900585, 4.736842105263158]
p_x_fitting=[ 18.94918174  28.60647822  38.2637747   47.92107118  57.57836766
  67.23566413  76.89296061  86.55025709  96.20755357 105.86485005
 115.52214653 125.17944301 134.83673949 144.49403597 154.15133245
 163.80862892 173.4659254  183.12322188 192.78051836 202.43781484
 212.09511132 221.7524078  231.40970428 241.06700076 250.72429724
 260.38159371 270.03889019 279.69618667 289.35348315 299.01077963
 308.66807611 318.32537259 327.98266907 337.63996555 347.29726203
 356.9545585  366.61185498 376.26915146 385.92644794 395.58374442
 405.2410409  414.89833738 424.55563386 434.21293034 443.87022682
 453.52752329 463.18481977 472.84211625 482.49941273 492.15670921
 501.81400569 511.47130217 521.12859865 530.78589513 540.44319161
 550.10048808 559.75778456 569.41508104 579.07237752 588.729674
 598.38697048 608.04426696 617.70156344 627.35885992 637.0161564
 646.67345288 656.33074935 665.98804583 675.64534231 685.30263879
 694.95993527 704.61723175 714.27452823 723.93182471 733.58912119
 743.24641767 752.90371414 762.56101062 772.2183071  781.87560358
 791.53290006 801.19019654 810.84749302 820.5047895  830.16208598
 839.81938246 849.47667893 859.13397541 868.79127189 878.44856837
 888.10586485 897.76316133 907.42045781 917.07775429 926.73505077
 936.39234725 946.04964372 955.7069402  965.36423668 975.02153316]
p_y_fitting=[ 1.76470588  1.77010818  1.86014903  2.0220392   2.24298942  2.51021044
  2.81091302  3.13230789  3.46160581  3.78601753  4.09275378  4.36902533
  4.60204291  4.77901728  4.88715918  4.91367935  4.84578856  4.67069754
  4.37561705  3.94804026  3.38960898  2.72242207  1.97017656  1.15656946
  0.30529778 -0.55994144 -1.41545119 -2.23753446 -3.00249613 -3.69077469
 -4.29568986 -4.81306345 -5.23871725 -5.56847303 -5.7981526  -5.92357774
 -5.94057025 -5.8449519  -5.6325445  -5.29987092 -4.85216111 -4.30053875
 -3.65623894 -2.93049679 -2.13454739 -1.27962586 -0.37696728  0.56219323
  1.52662057  2.50507935  3.47901207  4.4034989   5.22768924  5.90073247
  6.37177798  6.58997516  6.5044734   6.06442207  5.21897058  3.91726831
  2.1247322  -0.01877087 -2.2674174  -4.37389176 -6.09103649 -7.2555949
 -7.92593867 -8.19661151 -8.16215708 -7.91711907 -7.55604116 -7.17346704
 -6.86350551 -6.68430058 -6.63168343 -6.69527638 -6.86470174 -7.12958185
 -7.47600895 -7.86789425 -8.26055411 -8.60928614 -8.86948682 -9.0143136
 -9.05508205 -9.00805052 -8.88947738 -8.71562098 -8.5027397  -8.26709188
 -8.0249359  -7.7925301  -7.58613287 -7.42200255 -7.31639751 -7.2855761
 -7.3457967  -7.51331766 -7.80439735 -8.23529412]
a_x_fitting=[ 20.67183463  30.21602763  39.76022064  49.30441365  58.84860665
  68.39279966  77.93699267  87.48118567  97.02537868 106.56957169
 116.11376469 125.6579577  135.20215071 144.74634371 154.29053672
 163.83472973 173.37892273 182.92311574 192.46730875 202.01150175
 211.55569476 221.09988777 230.64408077 240.18827378 249.73246679
 259.27665979 268.8208528  278.36504581 287.90923881 297.45343182
 306.99762483 316.54181783 326.08601084 335.63020385 345.17439685
 354.71858986 364.26278287 373.80697587 383.35116888 392.89536189
 402.43955489 411.9837479  421.52794091 431.07213391 440.61632692
 450.16051993 459.70471293 469.24890594 478.79309895 488.33729195
 497.88148496 507.42567797 516.96987098 526.51406398 536.05825699
 545.60245    555.146643   564.69083601 574.23502902 583.77922202
 593.32341503 602.86760804 612.41180104 621.95599405 631.50018706
 641.04438006 650.58857307 660.13276608 669.67695908 679.22115209
 688.7653451  698.3095381  707.85373111 717.39792412 726.94211712
 736.48631013 746.03050314 755.57469614 765.11888915 774.66308216
 784.20727516 793.75146817 803.29566118 812.83985418 822.38404719
 831.9282402  841.4724332  851.01662621 860.56081922 870.10501222
 879.64920523 889.19339824 898.73759124 908.28178425 917.82597726
 927.37017026 936.91436327 946.45855628 956.00274928 965.54694229]
a_y_fitting=[-7.07602339 -7.04887749 -6.93314349 -6.73831818 -6.47389836 -6.14938084
 -5.7742624  -5.35803986 -4.91021    -4.44026964 -3.95771556 -3.47204456
 -2.99275346 -2.52933903 -2.09129809 -1.68812744 -1.32932386 -1.02438416
 -0.78280514 -0.6140836  -0.52771634 -0.52875093 -0.60248765 -0.72875008
 -0.8873616  -1.05814558 -1.2209254  -1.35552443 -1.44176605 -1.45983104
 -1.4044763  -1.28979782 -1.13122553 -0.94418938 -0.74411928 -0.54644518
 -0.37139752 -0.26563123 -0.28484484 -0.48474481 -0.91759435 -1.57561428
 -2.40001794 -3.33039744 -4.30634492 -5.2674525  -6.1533486  -6.91853994
 -7.55524198 -8.06155432 -8.43557651 -8.67540812 -8.77914873 -8.74489792
 -8.57075524 -8.25482026 -7.79519257 -7.18997173 -6.43836295 -5.56348972
 -4.61158309 -3.62981753 -2.66536753 -1.76540757 -0.97711213 -0.34763827
  0.09242198  0.35985974  0.47988406  0.47770401  0.37852868  0.20756711
 -0.00997161 -0.24887842 -0.48394424 -0.68996002 -0.84171667 -0.91622965
 -0.91782323 -0.86914919 -0.78997838 -0.69118226 -0.5821078  -0.47210195
 -0.37051165 -0.28668288 -0.22735742 -0.19103196 -0.17457528 -0.17485612
 -0.18874325 -0.21310545 -0.24481146 -0.28073007 -0.31773002 -0.35268008
 -0.38244902 -0.40390559 -0.41391858 -0.40935673]
d_x_fitting=[ 19.81050818  29.62440947  39.43831076  49.25221204  59.06611333
  68.88001462  78.6939159   88.50781719  98.32171848 108.13561976
 117.94952105 127.76342234 137.57732362 147.39122491 157.2051262
 167.01902748 176.83292877 186.64683006 196.46073134 206.27463263
 216.08853392 225.9024352  235.71633649 245.53023778 255.34413907
 265.15804035 274.97194164 284.78584293 294.59974421 304.4136455
 314.22754679 324.04144807 333.85534936 343.66925065 353.48315193
 363.29705322 373.11095451 382.92485579 392.73875708 402.55265837
 412.36655965 422.18046094 431.99436223 441.80826351 451.6221648
 461.43606609 471.24996737 481.06386866 490.87776995 500.69167123
 510.50557252 520.31947381 530.13337509 539.94727638 549.76117767
 559.57507895 569.38898024 579.20288153 589.01678282 598.8306841
 608.64458539 618.45848668 628.27238796 638.08628925 647.90019054
 657.71409182 667.52799311 677.3418944  687.15579568 696.96969697
 706.78359826 716.59749954 726.41140083 736.22530212 746.0392034
 755.85310469 765.66700598 775.48090726 785.29480855 795.10870984
 804.92261112 814.73651241 824.5504137  834.36431498 844.17821627
 853.99211756 863.80601884 873.61992013 883.43382142 893.24772271
 903.06162399 912.87552528 922.68942657 932.50332785 942.31722914
 952.13113043 961.94503171 971.758933   981.57283429 991.38673557]
d_y_fitting=[1.11111111 1.31781412 1.50431063 1.67213206 1.82280982 1.95787531
 2.07885996 2.18729516 2.28471234 2.37264291 2.45261827 2.52616984
 2.59482903 2.66012724 2.72359591 2.78676642 2.8511702  2.91833866
 2.98980321 3.06709525 3.15174621 3.24528749 3.34924736 3.46365115
 3.58461909 3.70764526 3.82822379 3.94184878 4.04401433 4.13021456
 4.19594356 4.23669546 4.24796435 4.22524434 4.16402954 4.06102917
 3.92040724 3.74915325 3.55426206 3.34272855 3.12154757 2.89771401
 2.67822272 2.47006858 2.28024646 2.11575122 1.98357773 1.89072086
 1.84417549 1.85093647 1.91799868 2.05038132 2.2419377  2.48260243
 2.76230588 3.0709784  3.39855037 3.73495215 4.0701141  4.3939666
 4.69643999 4.96746466 5.19697096 5.37500116 5.49822697 5.57354715
 5.60873459 5.61156215 5.58980272 5.55122917 5.50361437 5.4547312
 5.41196429 5.37783385 5.35154661 5.3322456  5.3190739  5.31117455
 5.30769062 5.30776516 5.31054123 5.31516188 5.32077017 5.32650916
 5.3315219  5.33495145 5.33594087 5.33363322 5.32717155 5.31569891
 5.29835837 5.27429298 5.2426458  5.20255988 5.15317828 5.09364407
 5.02310028 4.94068999 4.84555624 4.73684211]