
p_x=[22.39448751076658, 156.76141257536608, 282.51507321274767, 384.151593453919, 495.2627045650301, 589.1472868217055, 686.4771748492678, 776.916451335056, 915.5900086132644, 987.0801033591732]
p_y=[2.0, 4.470588235294118, 4.823529411764706, 2.7058823529411766, 2.235294117647059, 2.11764705882353, 5.411764705882353, 6.9411764705882355, 6.117647058823529, 5.294117647058823]
a_x=[9.474590869939707, 52.540913006029285, 105.94315245478036, 167.95865633074936, 263.56589147286826, 376.3996554694229, 408.2687338501292, 483.2041343669251, 567.6141257536607, 656.3307493540051, 774.3324720068906, 925.925925925926, 986.2187769164514]
a_y=[-7.660818713450293, -7.543859649122805, -8.011695906432749, -3.333333333333332, -2.514619883040936, -2.7485380116959064, -7.192982456140349, -7.309941520467834, -3.9181286549707615, -2.0467836257309955, -1.4619883040935662, -1.4619883040935662, -6.842105263157894]
d_x=[6.029285099052541, 188.63049095607235, 494.40137812230836, 812.2308354866494, 987.941429801895]
d_y=[1.9298245614035086, 2.397660818713451, 2.9824561403508776, 2.8654970760233924, 3.333333333333334]
p_x_fitting=[ 22.39448751  32.13878666  41.88308581  51.62738496  61.37168411
  71.11598326  80.86028241  90.60458156 100.34888071 110.09317986
 119.83747901 129.58177816 139.32607731 149.07037646 158.81467561
 168.55897476 178.30327391 188.04757306 197.79187221 207.53617136
 217.28047051 227.02476966 236.76906881 246.51336796 256.25766711
 266.00196626 275.74626541 285.49056456 295.23486371 304.97916286
 314.72346201 324.46776116 334.21206031 343.95635946 353.70065861
 363.44495776 373.18925691 382.93355606 392.67785521 402.42215436
 412.16645351 421.91075266 431.65505181 441.39935096 451.14365011
 460.88794926 470.63224841 480.37654756 490.12084671 499.86514586
 509.60944501 519.35374416 529.09804331 538.84234246 548.58664161
 558.33094076 568.07523991 577.81953906 587.56383821 597.30813736
 607.05243651 616.79673566 626.54103481 636.28533396 646.02963311
 655.77393226 665.51823141 675.26253056 685.00682971 694.75112886
 704.49542801 714.23972716 723.98402631 733.72832546 743.47262461
 753.21692376 762.96122291 772.70552206 782.44982121 792.19412036
 801.93841951 811.68271866 821.42701781 831.17131696 840.91561611
 850.65991526 860.40421441 870.14851356 879.89281271 889.63711186
 899.38141101 909.12571016 918.87000931 928.61430846 938.35860761
 948.10290676 957.84720591 967.59150506 977.33580421 987.08010336]
p_y_fitting=[2.         2.15655439 2.32348636 2.499055   2.68151941 2.86913866
 3.06017186 3.25287808 3.44551643 3.63634597 3.82362582 4.00561505
 4.18057275 4.34675801 4.50242993 4.64584759 4.77527007 4.88895647
 4.98516588 5.06215739 5.11819008 5.15152304 5.16041537 5.14312615
 5.09791447 5.02303942 4.91676008 4.77737579 4.60616754 4.40939811
 4.1938038  3.96612096 3.73308591 3.50143496 3.27790446 3.06923072
 2.88215007 2.72339884 2.59840431 2.5049494  2.43805008 2.39271854
 2.36396693 2.34680743 2.33625221 2.32731342 2.31500326 2.29433387
 2.26031743 2.20821434 2.1398108  2.06390756 1.98965151 1.92618954
 1.88266853 1.86823537 1.89203695 1.96322014 2.09093185 2.28239043
 2.53216021 2.82970424 3.1644715  3.52591097 3.90347163 4.28660244
 4.66475239 5.02737046 5.3639056  5.66508127 5.92968514 6.15964981
 6.35691504 6.52342058 6.66110618 6.7719116  6.8577766  6.92064092
 6.96242395 6.98469769 6.98874321 6.97583259 6.94723792 6.90423128
 6.84808476 6.78007043 6.70146039 6.61352671 6.51754148 6.41477678
 6.3065047  6.19399733 6.07852674 5.96136502 5.84378425 5.72705652
 5.61245391 5.5012485  5.39471239 5.29411765]
a_x_fitting=[  9.47459087  19.34069376  29.20679665  39.07289954  48.93900243
  58.80510532  68.67120821  78.5373111   88.40341398  98.26951687
 108.13561976 118.00172265 127.86782554 137.73392843 147.60003132
 157.46613421 167.3322371  177.19833999 187.06444288 196.93054577
 206.79664866 216.66275155 226.52885444 236.39495733 246.26106021
 256.1271631  265.99326599 275.85936888 285.72547177 295.59157466
 305.45767755 315.32378044 325.18988333 335.05598622 344.92208911
 354.788192   364.65429489 374.52039778 384.38650067 394.25260355
 404.11870644 413.98480933 423.85091222 433.71701511 443.583118
 453.44922089 463.31532378 473.18142667 483.04752956 492.91363245
 502.77973534 512.64583823 522.51194112 532.37804401 542.2441469
 552.11024978 561.97635267 571.84245556 581.70855845 591.57466134
 601.44076423 611.30686712 621.17297001 631.0390729  640.90517579
 650.77127868 660.63738157 670.50348446 680.36958735 690.23569024
 700.10179313 709.96789601 719.8339989  729.70010179 739.56620468
 749.43230757 759.29841046 769.16451335 779.03061624 788.89671913
 798.76282202 808.62892491 818.4950278  828.36113069 838.22723358
 848.09333647 857.95943935 867.82554224 877.69164513 887.55774802
 897.42385091 907.2899538  917.15605669 927.02215958 936.88826247
 946.75436536 956.62046825 966.48657114 976.35267403 986.21877692]
a_y_fitting=[-7.66081871 -7.29757473 -7.18193445 -7.25347078 -7.45175658 -7.71636475
 -7.98686817 -8.20283972 -8.30385229 -8.22947876 -7.91954932 -7.35567277
 -6.60706758 -5.75398384 -4.87667164 -4.05538108 -3.37036224 -2.88578848
 -2.58799842 -2.43980749 -2.4040261  -2.44346468 -2.52093364 -2.59924339
 -2.64120434 -2.60962692 -2.46752643 -2.20371454 -1.85765271 -1.47469917
 -1.10021214 -0.77954985 -0.55807051 -0.48113237 -0.59409364 -0.94231255
 -1.57114733 -2.52595619 -3.82560201 -5.29900946 -6.6922196  -7.76114901
 -8.42787878 -8.74952887 -8.78713067 -8.6017156  -8.25431506 -7.80596045
 -7.31768318 -6.84077605 -6.38567724 -5.95211332 -5.53981083 -5.14849629
 -4.77789623 -4.42773718 -4.09774567 -3.78766331 -3.49773054 -3.22878888
 -2.98171567 -2.75738822 -2.55668387 -2.38047994 -2.22965376 -2.10508266
 -2.00756296 -1.93532833 -1.88358755 -1.84737515 -1.82172569 -1.8016737
 -1.78225372 -1.7585003  -1.72544797 -1.67813129 -1.61158478 -1.520843
 -1.40119655 -1.25453997 -1.08979506 -0.9162244  -0.74309058 -0.57965621
 -0.43518386 -0.31893614 -0.24017564 -0.20816495 -0.23216665 -0.32144335
 -0.48525763 -0.73287209 -1.07354933 -1.51655192 -2.07114247 -2.74658356
 -3.5521378  -4.49706776 -5.59063606 -6.84210526]
d_x_fitting=[  6.0292851   15.94758959  25.86589408  35.78419857  45.70250307
  55.62080756  65.53911205  75.45741654  85.37572103  95.29402553
 105.21233002 115.13063451 125.048939   134.96724349 144.88554799
 154.80385248 164.72215697 174.64046146 184.55876595 194.47707045
 204.39537494 214.31367943 224.23198392 234.15028841 244.06859291
 253.9868974  263.90520189 273.82350638 283.74181087 293.66011537
 303.57841986 313.49672435 323.41502884 333.33333333 343.25163783
 353.16994232 363.08824681 373.0065513  382.92485579 392.84316029
 402.76146478 412.67976927 422.59807376 432.51637825 442.43468274
 452.35298724 462.27129173 472.18959622 482.10790071 492.0262052
 501.9445097  511.86281419 521.78111868 531.69942317 541.61772766
 551.53603216 561.45433665 571.37264114 581.29094563 591.20925012
 601.12755462 611.04585911 620.9641636  630.88246809 640.80077258
 650.71907708 660.63738157 670.55568606 680.47399055 690.39229504
 700.31059954 710.22890403 720.14720852 730.06551301 739.9838175
 749.902122   759.82042649 769.73873098 779.65703547 789.57533996
 799.49364445 809.41194895 819.33025344 829.24855793 839.16686242
 849.08516691 859.00347141 868.9217759  878.84008039 888.75838488
 898.67668937 908.59499387 918.51329836 928.43160285 938.34990734
 948.26821183 958.18651633 968.10482082 978.02312531 987.9414298 ]
d_y_fitting=[1.92982456 1.95107099 1.97304763 1.99570845 2.01900744 2.04289856
 2.06733578 2.09227308 2.11766443 2.14346381 2.16962518 2.19610252
 2.2228498  2.249821   2.27697009 2.30425103 2.33161781 2.3590244
 2.38642476 2.41377287 2.44102271 2.46812824 2.49504345 2.52172229
 2.54811875 2.5741868  2.59988041 2.62515356 2.64996021 2.67425433
 2.69798991 2.72112092 2.74360132 2.76538509 2.7864262  2.80667863
 2.82609635 2.84463333 2.86224354 2.87888096 2.89449956 2.90905331
 2.92249618 2.93478215 2.94586519 2.95569928 2.96423838 2.97143647
 2.97724752 2.98162551 2.98453503 2.98603002 2.9862091  2.98517122
 2.98301533 2.97984038 2.97574532 2.97082909 2.96519066 2.95892896
 2.95214295 2.94493158 2.9373938  2.92962856 2.92173481 2.9138115
 2.90595757 2.89827199 2.89085369 2.88380164 2.87721477 2.87119204
 2.8658324  2.8612348  2.85749819 2.85472152 2.85300374 2.8524438
 2.85314065 2.85519324 2.85870052 2.86376143 2.87047494 2.87893999
 2.88925552 2.9015205  2.91583386 2.93229457 2.95100156 2.97205379
 2.99555022 3.02158978 3.05027144 3.08169413 3.11595681 3.15315844
 3.19339795 3.23677431 3.28338645 3.33333333]