
p_x=[41.343669250645995, 74.07407407407408, 142.1188630490956, 211.02497846683892, 347.9758828596038, 408.2687338501292, 509.04392764857886, 614.9870801033591, 719.2075796726959, 813.0921619293713, 885.4435831180017, 990.5254091300602]
p_y=[1.4117647058823533, 3.1764705882352935, 2.0, 2.8235294117647056, 2.3529411764705888, 3.647058823529412, 2.8235294117647056, 2.3529411764705888, 2.8235294117647056, 2.9411764705882346, 3.0588235294117645, 2.11764705882353]
a_x=[13.781223083548666, 38.75968992248062, 94.74590869939708, 200.6890611541774, 275.62446167097335, 358.3118001722653, 490.0947459086994, 598.6218776916451, 725.2368647717485, 818.260120585702, 978.4668389319552]
a_y=[-7.309941520467834, -3.099415204678362, -3.2163742690058488, -2.8654970760233915, -4.853801169590643, -5.087719298245615, -4.269005847953215, -3.9181286549707615, -4.035087719298245, -3.9181286549707615, -4.152046783625732]
d_x=[24.117140396210164, 207.57967269595176, 366.9250645994832, 431.5245478036176, 512.4892334194659, 776.0551248923342, 985.3574504737296]
d_y=[1.3450292397660828, 3.333333333333334, 2.7485380116959064, 3.9181286549707606, 2.397660818713451, 1.9298245614035086, 2.6315789473684212]
p_x_fitting=[ 41.34366925  50.93136359  60.51905794  70.10675228  79.69444662
  89.28214096  98.8698353  108.45752965 118.04522399 127.63291833
 137.22061267 146.80830702 156.39600136 165.9836957  175.57139004
 185.15908438 194.74677873 204.33447307 213.92216741 223.50986175
 233.09755609 242.68525044 252.27294478 261.86063912 271.44833346
 281.03602781 290.62372215 300.21141649 309.79911083 319.38680517
 328.97449952 338.56219386 348.1498882  357.73758254 367.32527689
 376.91297123 386.50066557 396.08835991 405.67605425 415.2637486
 424.85144294 434.43913728 444.02683162 453.61452597 463.20222031
 472.78991465 482.37760899 491.96530333 501.55299768 511.14069202
 520.72838636 530.3160807  539.90377505 549.49146939 559.07916373
 568.66685807 578.25455241 587.84224676 597.4299411  607.01763544
 616.60532978 626.19302413 635.78071847 645.36841281 654.95610715
 664.54380149 674.13149584 683.71919018 693.30688452 702.89457886
 712.48227321 722.06996755 731.65766189 741.24535623 750.83305057
 760.42074492 770.00843926 779.5961336  789.18382794 798.77152229
 808.35921663 817.94691097 827.53460531 837.12229965 846.709994
 856.29768834 865.88538268 875.47307702 885.06077137 894.64846571
 904.23616005 913.82385439 923.41154873 932.99924308 942.58693742
 952.17463176 961.7623261  971.35002045 980.93771479 990.52540913]
p_y_fitting=[1.41176471 2.24840129 2.80007483 3.1093658  3.21885462 3.17112175
 3.00874765 2.77431275 2.51039751 2.25958238 2.0644478  1.96624696
 1.97408645 2.064      2.21050874 2.3881338  2.57139633 2.73481745
 2.85307749 2.9129572  2.92162836 2.88822293 2.82187286 2.73171011
 2.62686664 2.51647439 2.40966532 2.31557139 2.24332455 2.20205675
 2.20089995 2.24898611 2.35544714 2.52398102 2.73770126 2.97484801
 3.21366141 3.43238161 3.60924876 3.72446047 3.77646375 3.77364193
 3.72447802 3.637455   3.52105588 3.38376367 3.23406136 3.08043195
 2.93135844 2.79530733 2.67795479 2.57906801 2.49766155 2.43274997
 2.3833478  2.3484696  2.32712992 2.31834332 2.32112433 2.33448752
 2.35744699 2.38887039 2.42726849 2.47109878 2.5188187  2.56888574
 2.61975735 2.669891   2.71774416 2.76177428 2.80043884 2.83220794
 2.85654115 2.87458185 2.88763735 2.89701496 2.90402198 2.90996573
 2.9161535  2.92389262 2.93449039 2.94918653 2.96771145 2.9883111
 3.00916879 3.02846782 3.0443915  3.05512314 3.05884604 3.05374351
 3.03799885 3.00979538 2.96731641 2.90874522 2.83226515 2.73605948
 2.61831153 2.47720461 2.31092201 2.11764706]
a_x_fitting=[ 13.78122308  23.52552223  33.26982138  43.01412053  52.75841968
  62.50271883  72.24701798  81.99131713  91.73561628 101.47991543
 111.22421458 120.96851373 130.71281288 140.45711203 150.20141118
 159.94571033 169.69000948 179.43430863 189.17860778 198.92290693
 208.66720608 218.41150523 228.15580438 237.90010353 247.64440268
 257.38870183 267.13300098 276.87730013 286.62159928 296.36589843
 306.11019758 315.85449673 325.59879588 335.34309503 345.08739418
 354.83169333 364.57599248 374.32029163 384.06459078 393.80888993
 403.55318908 413.29748823 423.04178738 432.78608653 442.53038568
 452.27468483 462.01898398 471.76328313 481.50758228 491.25188143
 500.99618058 510.74047973 520.48477888 530.22907803 539.97337718
 549.71767633 559.46197548 569.20627463 578.95057378 588.69487293
 598.43917208 608.18347123 617.92777038 627.67206953 637.41636868
 647.16066783 656.90496698 666.64926613 676.39356528 686.13786443
 695.88216358 705.62646273 715.37076188 725.11506103 734.85936018
 744.60365933 754.34795848 764.09225763 773.83655678 783.58085593
 793.32515508 803.06945423 812.81375338 822.55805253 832.30235168
 842.04665083 851.79094998 861.53524913 871.27954828 881.02384743
 890.76814658 900.51244573 910.25674488 920.00104403 929.74534318
 939.48964233 949.23394148 958.97824063 968.72253978 978.46683893]
a_y_fitting=[-7.30994152 -5.13808526 -3.66468105 -2.77609789 -2.35870481 -2.29887082
 -2.48296493 -2.79735616 -3.12841353 -3.36992792 -3.49475299 -3.52352078
 -3.47752631 -3.3780646  -3.2464307  -3.10391963 -2.97182641 -2.87144609
 -2.82407369 -2.85100423 -2.96961051 -3.16996105 -3.43051565 -3.72969154
 -4.04590596 -4.35757615 -4.64311936 -4.88096323 -5.05654632 -5.17447733
 -5.24261176 -5.26880514 -5.26091298 -5.22679079 -5.17429407 -5.11127835
 -5.045258   -4.97941841 -4.91396926 -4.84906175 -4.78484709 -4.72147648
 -4.65910111 -4.59787219 -4.53794092 -4.47945849 -4.42257611 -4.36744497
 -4.31421628 -4.26304128 -4.2141111  -4.16772909 -4.12421818 -4.08390129
 -4.04710135 -4.01414129 -3.98534404 -3.96103252 -3.94152967 -3.92715841
 -3.91824167 -3.91492507 -3.91660388 -3.92247498 -3.93173521 -3.94358144
 -3.95721052 -3.97181932 -3.98660469 -4.00076349 -4.01349258 -4.02398881
 -4.03144906 -4.03507016 -4.03426854 -4.02937236 -4.02094646 -4.00955567
 -3.99576479 -3.98013868 -3.96324214 -3.94564    -3.9278971  -3.91057826
 -3.8942483  -3.87947205 -3.86681433 -3.85683998 -3.85011382 -3.84720068
 -3.84866537 -3.85507273 -3.86698759 -3.88497476 -3.90959908 -3.94142537
 -3.98101846 -4.02894318 -4.08576434 -4.15204678]
d_x_fitting=[ 24.1171404   33.82663848  43.53613656  53.24563464  62.95513272
  72.6646308   82.37412889  92.08362697 101.79312505 111.50262313
 121.21212121 130.92161929 140.63111738 150.34061546 160.05011354
 169.75961162 179.4691097  189.17860778 198.88810586 208.59760395
 218.30710203 228.01660011 237.72609819 247.43559627 257.14509435
 266.85459244 276.56409052 286.2735886  295.98308668 305.69258476
 315.40208284 325.11158093 334.82107901 344.53057709 354.24007517
 363.94957325 373.65907133 383.36856942 393.0780675  402.78756558
 412.49706366 422.20656174 431.91605982 441.6255579  451.33505599
 461.04455407 470.75405215 480.46355023 490.17304831 499.88254639
 509.59204448 519.30154256 529.01104064 538.72053872 548.4300368
 558.13953488 567.84903297 577.55853105 587.26802913 596.97752721
 606.68702529 616.39652337 626.10602145 635.81551954 645.52501762
 655.2345157  664.94401378 674.65351186 684.36300994 694.07250803
 703.78200611 713.49150419 723.20100227 732.91050035 742.61999843
 752.32949652 762.0389946  771.74849268 781.45799076 791.16748884
 800.87698692 810.58648501 820.29598309 830.00548117 839.71497925
 849.42447733 859.13397541 868.84347349 878.55297158 888.26246966
 897.97196774 907.68146582 917.3909639  927.10046198 936.80996007
 946.51945815 956.22895623 965.93845431 975.64795239 985.35745047]
d_y_fitting=[1.34502924 1.81909374 2.23556514 2.59735041 2.9073565  3.16849039
 3.38365902 3.55576936 3.68772838 3.78244304 3.84282029 3.8717671
 3.87219043 3.84699724 3.79909449 3.73138915 3.64678818 3.54819854
 3.43852718 3.32068108 3.19756719 3.07209248 2.9471639  2.82568842
 2.710573   2.60472461 2.5110502  2.43245673 2.37185117 2.33214048
 2.31623161 2.32703154 2.36744723 2.44038563 2.5487537  2.69545842
 2.88215993 3.09735219 3.32162554 3.53546275 3.71934659 3.85375985
 3.91918566 3.90228461 3.8116164  3.66059119 3.46261913 3.23111037
 2.97947507 2.72112339 2.46946547 2.23708932 2.02814306 1.84181735
 1.67723961 1.53353728 1.40983777 1.3052685  1.21895691 1.15003042
 1.09761645 1.06084242 1.03883577 1.0307239  1.03563425 1.05269425
 1.08103131 1.11977286 1.16804632 1.22497912 1.28969869 1.36133244
 1.4390078  1.52185219 1.60899304 1.69955778 1.79267382 1.88746859
 1.98306952 2.07860403 2.17319954 2.26598348 2.35608327 2.44262633
 2.5247401  2.60155199 2.67218942 2.73577983 2.79145064 2.83832926
 2.87554313 2.90221967 2.9174863  2.92047045 2.91029954 2.886101
 2.84700224 2.7921307  2.72061379 2.63157895]