
p_x=[14.642549526270457, 61.1541774332472, 91.3006029285099, 145.56416881998277, 179.15590008613265, 222.2222222222222, 254.0913006029285, 312.66149870801036, 363.479758828596, 426.3565891472868, 462.5322997416021, 523.6864771748493, 555.5555555555555, 585.7019810508183, 648.578811369509, 714.900947459087, 772.609819121447, 826.8733850129198, 900.0861326442722, 980.1894918173988]
p_y=[2.4705882352941178, 4.470588235294118, 3.5294117647058822, 4.117647058823529, 3.2941176470588243, 6.0, 6.705882352941177, 4.588235294117648, 6.705882352941177, 6.705882352941177, 6.470588235294118, 7.294117647058824, 4.470588235294118, 4.705882352941177, 6.352941176470589, 6.117647058823529, 5.0588235294117645, 5.647058823529411, 5.411764705882353, 4.588235294117648]
a_x=[12.058570198105082, 22.39448751076658, 55.98621877691645, 95.60723514211885, 154.17743324720067, 211.88630490956072, 256.6752799310939, 310.93884582256675, 356.58914728682174, 444.4444444444444, 504.73729543496984, 528.85443583118, 541.7743324720069, 605.5124892334195, 677.0025839793282, 720.0689061154177, 761.4125753660637, 814.8148148148148, 901.8087855297158, 978.4668389319552]
a_y=[-6.842105263157894, -2.6315789473684212, -5.087719298245615, -4.970760233918128, -4.853801169590643, -4.035087719298245, -2.397660818713449, -3.5672514619883025, -2.8654970760233915, -3.099415204678362, -0.5263157894736832, -0.5263157894736832, -2.8654970760233915, -4.269005847953215, -3.8011695906432745, -4.619883040935672, -4.385964912280702, -5.087719298245615, -3.8011695906432745, -3.099415204678362]
d_x=[32.73040482342808, 74.07407407407408, 88.71662360034453, 161.92937123169682, 190.35314384151593, 223.9448751076658, 268.73385012919897, 322.99741602067184, 390.1808785529716, 458.2256675279931, 530.5770887166236, 659.7760551248923, 720.0689061154177, 815.6761412575366, 911.2833763996555, 990.5254091300602]
d_y=[2.514619883040936, 5.906432748538012, 3.8011695906432754, 4.152046783625732, 3.0994152046783627, 3.8011695906432754, 5.2046783625731, 5.087719298245615, 4.970760233918129, 6.257309941520468, 5.906432748538012, 5.087719298245615, 5.2046783625731, 3.5672514619883042, 4.970760233918129, 4.619883040935672]
p_x_fitting=[ 14.64254953  24.39554894  34.14854836  43.90154778  53.65454719
  63.40754661  73.16054603  82.91354545  92.66654486 102.41954428
 112.1725437  121.92554311 131.67854253 141.43154195 151.18454137
 160.93754078 170.6905402  180.44353962 190.19653903 199.94953845
 209.70253787 219.45553728 229.2085367  238.96153612 248.71453554
 258.46753495 268.22053437 277.97353379 287.7265332  297.47953262
 307.23253204 316.98553146 326.73853087 336.49153029 346.24452971
 355.99752912 365.75052854 375.50352796 385.25652738 395.00952679
 404.76252621 414.51552563 424.26852504 434.02152446 443.77452388
 453.52752329 463.28052271 473.03352213 482.78652155 492.53952096
 502.29252038 512.0455198  521.79851921 531.55151863 541.30451805
 551.05751747 560.81051688 570.5635163  580.31651572 590.06951513
 599.82251455 609.57551397 619.32851339 629.0815128  638.83451222
 648.58751164 658.34051105 668.09351047 677.84650989 687.5995093
 697.35250872 707.10550814 716.85850756 726.61150697 736.36450639
 746.11750581 755.87050522 765.62350464 775.37650406 785.12950348
 794.88250289 804.63550231 814.38850173 824.14150114 833.89450056
 843.64749998 853.4004994  863.15349881 872.90649823 882.65949765
 892.41249706 902.16549648 911.9184959  921.67149531 931.42449473
 941.17749415 950.93049357 960.68349298 970.4364924  980.18949182]
p_y_fitting=[2.47058824 3.75306302 4.46701401 4.73218442 4.66831745 4.3951563
 4.03244416 3.69992425 3.51724114 3.55123803 3.72908488 3.95512108
 4.13368601 4.16911907 3.97558183 3.62895809 3.33763104 3.31374768
 3.68118542 4.32485874 5.08963889 5.82039711 6.37132952 6.68759857
 6.76571362 6.604188   6.24379012 5.77359822 5.28533317 4.87071586
 4.62146716 4.62663493 4.89373052 5.33573121 5.86032396 6.3751957
 6.78828328 7.04361995 7.15874088 7.1601204  7.07423287 6.92755262
 6.746554   6.56019166 6.41660427 6.3728743  6.48612178 6.77874742
 7.1626799  7.52792493 7.76448824 7.76237554 7.41159253 6.63988768
 5.64827021 4.7580372  4.27763336 4.25744846 4.51467161 4.86089538
 5.1908679  5.49463036 5.76745651 6.00462015 6.20139504 6.35305496
 6.45582129 6.50969576 6.51562261 6.47454613 6.38741058 6.25516022
 6.07877014 5.86569226 5.63780016 5.41891436 5.23285534 5.10344359
 5.05430856 5.09213934 5.19361349 5.3323321  5.48189626 5.61590707
 5.70993302 5.75850113 5.76673662 5.7398806  5.68317418 5.60185847
 5.5011746  5.38636366 5.26266677 5.13532504 5.00957958 4.89067151
 4.78384194 4.69433197 4.62738271 4.58823529]
a_x_fitting=[ 12.0585702   21.82026988  31.58196957  41.34366925  51.10536893
  60.86706862  70.6287683   80.39046799  90.15216767  99.91386736
 109.67556704 119.43726672 129.19896641 138.96066609 148.72236578
 158.48406546 168.24576514 178.00746483 187.76916451 197.5308642
 207.29256388 217.05426357 226.81596325 236.57766293 246.33936262
 256.1010623  265.86276199 275.62446167 285.38616136 295.14786104
 304.90956072 314.67126041 324.43296009 334.19465978 343.95635946
 353.71805914 363.47975883 373.24145851 383.0031582  392.76485788
 402.52655757 412.28825725 422.04995693 431.81165662 441.5733563
 451.33505599 461.09675567 470.85845535 480.62015504 490.38185472
 500.14355441 509.90525409 519.66695378 529.42865346 539.19035314
 548.95205283 558.71375251 568.4754522  578.23715188 587.99885156
 597.76055125 607.52225093 617.28395062 627.0456503  636.80734999
 646.56904967 656.33074935 666.09244904 675.85414872 685.61584841
 695.37754809 705.13924777 714.90094746 724.66264714 734.42434683
 744.18604651 753.9477462  763.70944588 773.47114556 783.23284525
 792.99454493 802.75624462 812.5179443  822.27964399 832.04134367
 841.80304335 851.56474304 861.32644272 871.08814241 880.84984209
 890.61154177 900.37324146 910.13494114 919.89664083 929.65834051
 939.4200402  949.18173988 958.94343956 968.70513925 978.46683893]
a_y_fitting=[-6.84210526 -2.76348766 -1.78109848 -2.70889497 -4.36083437 -5.58220412
 -5.93888652 -5.71735868 -5.23542795 -4.80563776 -4.57809312 -4.51349069
 -4.56182936 -4.67310799 -4.79732546 -4.885118   -4.90678971 -4.85557807
 -4.72601586 -4.51263583 -4.20997076 -3.81452629 -3.36248249 -2.92676286
 -2.58167658 -2.40153277 -2.43930661 -2.64613163 -2.94278625 -3.2500437
 -3.4886772  -3.5808079  -3.50686365 -3.32662059 -3.10553675 -2.90907017
 -2.79739589 -2.77725696 -2.82437118 -2.91407419 -3.02170164 -3.12258916
 -3.1920724  -3.205487   -3.13816861 -2.96762952 -2.69339688 -2.32778073
 -1.88324855 -1.37226782 -0.80730602 -0.2163233   0.06116708 -0.60280462
 -2.37568502 -3.96786541 -4.89698028 -5.2909909  -5.28366769 -5.00878106
 -4.60010143 -4.19119424 -3.87525844 -3.65690107 -3.52896684 -3.48430046
 -3.51574664 -3.6161501  -3.77835555 -3.99143117 -4.22288477 -4.43258497
 -4.5803914  -4.62780212 -4.57976187 -4.4881277  -4.40708948 -4.39064542
 -4.4658288  -4.60513807 -4.77449295 -4.93981311 -5.06701824 -5.1253237
 -5.1112641  -5.03488224 -4.90631689 -4.73570683 -4.53319085 -4.30890772
 -4.07299622 -3.83559514 -3.60684326 -3.39687936 -3.21584222 -3.07387061
 -2.98110333 -2.94767914 -2.98373684 -3.0994152 ]
d_x_fitting=[ 32.73040482  42.40510184  52.07979885  61.75449586  71.42919288
  81.10388989  90.7785869  100.45328392 110.12798093 119.80267794
 129.47737496 139.15207197 148.82676898 158.501466   168.17616301
 177.85086002 187.52555703 197.20025405 206.87495106 216.54964807
 226.22434509 235.8990421  245.57373911 255.24843613 264.92313314
 274.59783015 284.27252717 293.94722418 303.62192119 313.29661821
 322.97131522 332.64601223 342.32070925 351.99540626 361.67010327
 371.34480029 381.0194973  390.69419431 400.36889132 410.04358834
 419.71828535 429.39298236 439.06767938 448.74237639 458.4170734
 468.09177042 477.76646743 487.44116444 497.11586146 506.79055847
 516.46525548 526.1399525  535.81464951 545.48934652 555.16404354
 564.83874055 574.51343756 584.18813458 593.86283159 603.5375286
 613.21222562 622.88692263 632.56161964 642.23631665 651.91101367
 661.58571068 671.26040769 680.93510471 690.60980172 700.28449873
 709.95919575 719.63389276 729.30858977 738.98328679 748.6579838
 758.33268081 768.00737783 777.68207484 787.35677185 797.03146887
 806.70616588 816.38086289 826.05555991 835.73025692 845.40495393
 855.07965095 864.75434796 874.42904497 884.10374198 893.778439
 903.45313601 913.12783302 922.80253004 932.47722705 942.15192406
 951.82662108 961.50131809 971.1760151  980.85071212 990.52540913]
d_y_fitting=[2.51461988 6.06426944 7.48896533 7.37079612 6.29185035 4.83421658
 3.57881699 2.8961463  2.70412693 2.86198453 3.22894473 3.66423316
 4.02707545 4.17669724 3.99027791 3.5704409  3.17361786 3.03757211
 3.18265341 3.50360099 3.89382493 4.27401291 4.6199712  4.91414837
 5.13899299 5.27826642 5.33490576 5.32637379 5.27049361 5.18508832
 5.08798101 4.99525647 4.91598975 4.85748921 4.82706323 4.83202019
 4.87966845 4.9773158  5.12756156 5.31693525 5.52854092 5.74548267
 5.95086457 6.1277907  6.25936518 6.33319724 6.35387865 6.33000207
 6.2701602  6.1829457  6.07695126 5.96076955 5.84280275 5.727818
 5.61731946 5.51269547 5.41533434 5.32662439 5.24795396 5.18071136
 5.12628492 5.08606296 5.06143381 5.05378579 5.06450723 5.09497091
 5.14264131 5.19593967 5.2420119  5.26800391 5.26106161 5.2083309
 5.10069235 4.9461252  4.75749925 4.54768468 4.32955166 4.11597038
 3.91981101 3.75394373 3.63123874 3.56456476 3.56219464 3.61760938
 3.72131988 3.86383704 4.03567176 4.22733495 4.42933751 4.63219036
 4.82640438 5.00249049 5.1509596  5.2623226  5.3270904  5.3357739
 5.27888401 5.14693164 4.93042768 4.61988304]