
p_x=[25.839793281653744, 101.63652024117141, 209.30232558139537, 335.0559862187769, 428.9405684754522, 480.6201550387597, 590.869939707149, 720.9302325581394, 786.3910422049956, 936.2618432385874, 991.3867355727821]
p_y=[2.3529411764705888, 2.7058823529411766, 2.4705882352941178, 6.470588235294118, 6.235294117647059, 2.4705882352941178, 5.411764705882353, 5.529411764705882, 8.117647058823529, 8.588235294117647, 6.9411764705882355]
a_x=[17.226528854435834, 80.96468561584841, 190.35314384151593, 327.3040482342808, 449.6124031007752, 512.4892334194659, 601.2058570198105, 715.7622739018088, 781.2230835486649, 925.0645994832042, 992.2480620155038]
a_y=[-8.596491228070175, -4.7368421052631575, -5.438596491228068, -3.333333333333332, -2.163742690058479, -6.725146198830409, -2.514619883040936, -1.1111111111111107, -2.9824561403508767, -2.163742690058479, -1.1111111111111107]
d_x=[6.890611541774333, 121.44702842377261, 268.73385012919897, 372.95434969853574, 539.1903531438415, 747.6313522825151, 893.1955211024979, 987.941429801895]
d_y=[1.3450292397660828, 4.035087719298246, 6.140350877192983, 5.2046783625731, 6.140350877192983, 5.906432748538012, 3.2163742690058488, 5.906432748538012]
p_x_fitting=[ 25.83979328  35.5927927   45.34579212  55.09879153  64.85179095
  74.60479037  84.35778978  94.1107892  103.86378862 113.61678804
 123.36978745 133.12278687 142.87578629 152.6287857  162.38178512
 172.13478454 181.88778395 191.64078337 201.39378279 211.14678221
 220.89978162 230.65278104 240.40578046 250.15877987 259.91177929
 269.66477871 279.41777813 289.17077754 298.92377696 308.67677638
 318.42977579 328.18277521 337.93577463 347.68877405 357.44177346
 367.19477288 376.9477723  386.70077171 396.45377113 406.20677055
 415.95976996 425.71276938 435.4657688  445.21876822 454.97176763
 464.72476705 474.47776647 484.23076588 493.9837653  503.73676472
 513.48976414 523.24276355 532.99576297 542.74876239 552.5017618
 562.25476122 572.00776064 581.76076006 591.51375947 601.26675889
 611.01975831 620.77275772 630.52575714 640.27875656 650.03175597
 659.78475539 669.53775481 679.29075423 689.04375364 698.79675306
 708.54975248 718.30275189 728.05575131 737.80875073 747.56175015
 757.31474956 767.06774898 776.8207484  786.57374781 796.32674723
 806.07974665 815.83274607 825.58574548 835.3387449  845.09174432
 854.84474373 864.59774315 874.35074257 884.10374198 893.8567414
 903.60974082 913.36274024 923.11573965 932.86873907 942.62173849
 952.3747379  962.12773732 971.88073674 981.63373616 991.38673557]
p_y_fitting=[2.35294118 2.53883731 2.67209581 2.75851033 2.80387452 2.81398204
 2.79462654 2.75160167 2.6907011  2.61771847 2.53844745 2.45868167
 2.38421481 2.3208405  2.27435242 2.2505442  2.25520951 2.294142
 2.37313533 2.49797028 2.67128057 2.88846038 3.14388961 3.43194816
 3.74701594 4.08347286 4.43569882 4.79807372 5.16497747 5.53078998
 5.88989114 6.23666087 6.56543548 6.86704692 7.12631062 7.32744953
 7.45468659 7.49224476 7.424347   7.23521624 6.90907544 6.43014755
 5.78735944 5.02385161 4.21751949 3.44682791 2.79024168 2.32529566
 2.0860941  2.04570891 2.17263348 2.43536117 2.80238539 3.24219952
 3.72329693 4.21417101 4.68331515 5.09922273 5.43038943 5.65496115
 5.78277718 5.83017345 5.81348588 5.74905036 5.65320281 5.54227914
 5.43261526 5.3405471  5.28241054 5.27454152 5.33327594 5.4749497
 5.71329405 6.03784043 6.42498057 6.85097559 7.29208662 7.72457478
 8.12470123 8.47327344 8.76829078 9.01181564 9.2059104  9.35263747
 9.45405923 9.51223808 9.52923641 9.50711662 9.44794109 9.35377223
 9.22667242 9.06870405 8.88192953 8.66841125 8.43021159 8.16939295
 7.88801773 7.58814831 7.27184709 6.94117647]
a_x_fitting=[ 17.22652885  27.07523121  36.92393356  46.77263592  56.62133828
  66.47004063  76.31874299  86.16744534  96.0161477  105.86485005
 115.71355241 125.56225476 135.41095712 145.25965947 155.10836183
 164.95706418 174.80576654 184.65446889 194.50317125 204.3518736
 214.20057596 224.04927831 233.89798067 243.74668302 253.59538538
 263.44408773 273.29279009 283.14149244 292.9901948  302.83889715
 312.68759951 322.53630186 332.38500422 342.23370657 352.08240893
 361.93111129 371.77981364 381.628516   391.47721835 401.32592071
 411.17462306 421.02332542 430.87202777 440.72073013 450.56943248
 460.41813484 470.26683719 480.11553955 489.9642419  499.81294426
 509.66164661 519.51034897 529.35905132 539.20775368 549.05645603
 558.90515839 568.75386074 578.6025631  588.45126545 598.29996781
 608.14867016 617.99737252 627.84607487 637.69477723 647.54347958
 657.39218194 667.2408843  677.08958665 686.93828901 696.78699136
 706.63569372 716.48439607 726.33309843 736.18180078 746.03050314
 755.87920549 765.72790785 775.5766102  785.42531256 795.27401491
 805.12271727 814.97141962 824.82012198 834.66882433 844.51752669
 854.36622904 864.2149314  874.06363375 883.91233611 893.76103846
 903.60974082 913.45844317 923.30714553 933.15584788 943.00455024
 952.85325259 962.70195495 972.55065731 982.39935966 992.24806202]
a_y_fitting=[-8.59649123 -7.61489882 -6.79184167 -6.11542071 -5.57373688 -5.15489109
 -4.84698427 -4.63811735 -4.51639126 -4.46990691 -4.48676525 -4.55506719
 -4.66291366 -4.79840559 -4.9496439  -5.10472952 -5.25176338 -5.3788464
 -5.47423765 -5.53163279 -5.55140422 -5.53433376 -5.48120323 -5.39279445
 -5.26988923 -5.1132694  -4.92371678 -4.70201319 -4.44894045 -4.16528038
 -3.85181479 -3.50932552 -3.13897638 -2.75009434 -2.35983782 -1.98568088
 -1.64509755 -1.35556187 -1.13454788 -0.99952964 -0.96798117 -1.05737653
 -1.28518975 -1.66889488 -2.22595157 -2.95316702 -3.78547244 -4.64626
 -5.45892191 -6.14685037 -6.63343756 -6.8494079  -6.79786329 -6.52314122
 -6.07005805 -5.48343019 -4.80807403 -4.08880595 -3.37044234 -2.69779959
 -2.11277202 -1.62760368 -1.23727869 -0.93656689 -0.72023816 -0.58306234
 -0.51980929 -0.52524886 -0.59415092 -0.72128532 -0.90142192 -1.12932994
 -1.39783545 -1.69351917 -2.00170966 -2.3077355  -2.59692524 -2.85460744
 -3.06634956 -3.22569435 -3.33584385 -3.40057965 -3.42368336 -3.40893658
 -3.36012093 -3.28101799 -3.17540938 -3.0470767  -2.89980156 -2.73736556
 -2.5635503  -2.38213738 -2.19690842 -2.01164502 -1.83012877 -1.6561413
 -1.49346419 -1.34587905 -1.21716749 -1.11111111]
d_x_fitting=[  6.89061154  16.80021577  26.70981999  36.61942422  46.52902844
  56.43863267  66.34823689  76.25784112  86.16744534  96.07704957
 105.98665379 115.89625802 125.80586224 135.71546646 145.62507069
 155.53467491 165.44427914 175.35388336 185.26348759 195.17309181
 205.08269604 214.99230026 224.90190449 234.81150871 244.72111294
 254.63071716 264.54032139 274.44992561 284.35952984 294.26913406
 304.17873829 314.08834251 323.99794674 333.90755096 343.81715519
 353.72675941 363.63636364 373.54596786 383.45557209 393.36517631
 403.27478054 413.18438476 423.09398899 433.00359321 442.91319744
 452.82280166 462.73240588 472.64201011 482.55161433 492.46121856
 502.37082278 512.28042701 522.19003123 532.09963546 542.00923968
 551.91884391 561.82844813 571.73805236 581.64765658 591.55726081
 601.46686503 611.37646926 621.28607348 631.19567771 641.10528193
 651.01488616 660.92449038 670.83409461 680.74369883 690.65330306
 700.56290728 710.47251151 720.38211573 730.29171996 740.20132418
 750.11092841 760.02053263 769.93013686 779.83974108 789.7493453
 799.65894953 809.56855375 819.47815798 829.3877622  839.29736643
 849.20697065 859.11657488 869.0261791  878.93578333 888.84538755
 898.75499178 908.664596   918.57420023 928.48380445 938.39340868
 948.3030129  958.21261713 968.12222135 978.03182558 987.9414298 ]
d_y_fitting=[1.34502924 1.53712788 1.7423997  1.959124   2.18558007 2.4200472
 2.66080467 2.90613178 3.1543078  3.40361204 3.65232378 3.89872231
 4.14108692 4.37769689 4.60683152 4.8267701  5.03579191 5.23217624
 5.41420238 5.58014963 5.72829726 5.85692458 5.96431086 6.04873539
 6.10847747 6.14181639 6.14703143 6.12262003 6.07066343 5.99617483
 5.90425356 5.79999897 5.68851039 5.57488718 5.46422866 5.36163417
 5.27220307 5.20103445 5.15189603 5.12410035 5.11602917 5.12606423
 5.15258725 5.19398    5.2486242  5.3149016  5.39119393 5.47588295
 5.5673504  5.663978   5.76414751 5.86624067 5.96863922 6.06972489
 6.16788224 6.26174246 6.35037279 6.43288507 6.50839111 6.57600275
 6.6348318  6.68399009 6.72258945 6.7497417  6.76455867 6.76615217
 6.75363405 6.72611611 6.68271019 6.62252811 6.5446817  6.44828278
 6.33244318 6.19627471 6.03888921 5.85941311 5.6587363  5.4411715
 5.21142443 4.97420078 4.73420626 4.49614659 4.26472745 4.04465456
 3.84063362 3.65737033 3.49957041 3.37193955 3.27918346 3.22600784
 3.2171184  3.25722084 3.35102087 3.5032242  3.71853652 4.00166354
 4.35731097 4.79018451 5.30498987 5.90643275]