
p_x=[24.978466838931958, 65.46080964685616, 115.41774332472008, 179.15590008613265, 199.82773471145566, 241.17140396210164, 269.5951765719208, 320.4134366925064, 365.2024117140396, 425.495262704565, 475.4521963824289, 528.85443583118, 574.5047372954349, 632.213608957795, 670.1119724375538, 730.4048234280792, 757.9672695951766, 791.5590008613265, 830.318690783807, 843.238587424634, 900.0861326442722, 934.5391903531438, 989.6640826873385]
p_y=[0.35294117647058876, 3.764705882352941, 4.0, 4.117647058823529, 1.1764705882352935, 4.9411764705882355, 6.470588235294118, 2.0, 4.0, 4.705882352941177, 1.6470588235294112, 1.5294117647058822, 3.88235294117647, 1.764705882352942, 3.5294117647058822, 5.176470588235294, 1.5294117647058822, 2.4705882352941178, 2.5882352941176467, 3.764705882352941, 1.764705882352942, 1.6470588235294112, 1.5294117647058822]
a_x=[47.37295434969854, 61.1541774332472, 118.00172265288545, 159.34539190353144, 192.0757967269595, 228.25150732127477, 261.84323858742465, 316.1068044788975, 394.4875107665805, 462.5322997416021, 546.9422911283376, 591.7312661498709, 626.1843238587425, 639.9655469422911, 669.2506459948321, 696.8130921619294, 760.551248923342, 813.0921619293713, 914.7286821705426, 940.5684754521964, 984.4961240310078]
a_y=[-7.192982456140349, -2.514619883040936, -1.6959064327485365, -1.1111111111111107, -6.257309941520468, -3.099415204678362, -4.385964912280702, -5.321637426900585, -2.9824561403508767, -6.257309941520468, -3.8011695906432745, -2.397660818713449, -1.9298245614035086, -6.257309941520468, -2.6315789473684212, -3.5672514619883025, -5.438596491228068, -5.438596491228068, -4.7368421052631575, -7.543859649122805, -7.426900584795323]
d_x=[34.45305770887167, 169.68130921619291, 354.00516795865633, 568.4754521963824, 609.8191214470285, 670.1119724375538, 751.0766580534023, 828.5960378983634, 902.6701119724376, 988.8027562446167]
d_y=[2.6315789473684212, 5.672514619883041, 5.087719298245615, 2.8654970760233924, 5.906432748538012, 6.257309941520468, 2.1637426900584797, 2.7485380116959064, 2.0467836257309946, 2.514619883040936]
p_x_fitting=[ 24.97846684  34.72276599  44.46706514  54.21136429  63.95566344
  73.69996259  83.44426174  93.18856089 102.93286004 112.67715919
 122.42145834 132.16575749 141.91005664 151.65435579 161.39865494
 171.14295409 180.88725324 190.63155239 200.37585154 210.12015069
 219.86444984 229.60874899 239.35304814 249.09734729 258.84164644
 268.58594559 278.33024474 288.07454389 297.81884304 307.56314219
 317.30744134 327.05174049 336.79603964 346.54033879 356.28463794
 366.02893709 375.77323624 385.51753539 395.26183454 405.00613369
 414.75043284 424.49473199 434.23903114 443.98333029 453.72762944
 463.47192859 473.21622774 482.96052689 492.70482604 502.44912519
 512.19342434 521.93772349 531.68202264 541.42632179 551.17062094
 560.91492009 570.65921924 580.40351839 590.14781754 599.89211669
 609.63641584 619.38071499 629.12501414 638.86931329 648.61361244
 658.35791159 668.10221074 677.84650989 687.59080904 697.33510819
 707.07940734 716.82370649 726.56800564 736.31230479 746.05660394
 755.80090309 765.54520224 775.28950139 785.03380054 794.77809969
 804.52239884 814.26669799 824.01099714 833.75529629 843.49959544
 853.24389459 862.98819374 872.73249289 882.47679204 892.22109119
 901.96539034 911.70968949 921.45398864 931.19828779 940.94258694
 950.68688609 960.43118524 970.17548439 979.91978354 989.66408269]
p_y_fitting=[0.35294118 1.80994511 2.80244994 3.41595741 3.73596923 3.84798714
 3.83751285 3.79004811 3.79109463 3.92615414 4.26611419 4.74048062
 5.19947851 5.49245734 5.46876655 4.97775561 3.86983025 2.29874586
 1.13895102 1.09618894 1.95184528 3.2921601  4.70337345 5.80247501
 6.42418897 6.49722268 5.98743211 5.061775   3.95559965 2.90431106
 2.14331427 1.88681567 2.1151877  2.66371715 3.36551941 4.05372667
 4.59652071 4.9709733  5.17524041 5.20747799 5.06584201 4.74848843
 4.26157672 3.65491103 2.99309947 2.34076216 1.76251921 1.31873262
 1.03513727 0.9206203  0.9839564  1.23392026 1.67874188 2.28095511
 2.92355231 3.48155318 3.82997738 3.8530127  3.56916038 3.09886848
 2.56512523 2.09091884 1.79923753 1.80317161 2.10732404 2.64930698
 3.3657435  4.18755218 5.00263549 5.67927563 6.08565473 6.08995493
 5.56035833 4.39329104 2.89750608 1.69398658 1.32544812 1.65135505
 2.20525842 2.52353382 2.43890764 2.2471176  2.28416207 2.87532788
 3.7843866  4.18390624 4.04929337 3.55643984 2.88123749 2.19957816
 1.68705643 1.45011674 1.43779516 1.57733646 1.79598541 2.02098677
 2.17958532 2.19902583 2.00655305 1.52941176]
a_x_fitting=[ 47.37295435  56.83884495  66.30473556  75.77062616  85.23651676
  94.70240736 104.16829797 113.63418857 123.10007917 132.56596978
 142.03186038 151.49775098 160.96364158 170.42953219 179.89542279
 189.36131339 198.827204   208.2930946  217.7589852  227.2248758
 236.69076641 246.15665701 255.62254761 265.08843822 274.55432882
 284.02021942 293.48611002 302.95200063 312.41789123 321.88378183
 331.34967243 340.81556304 350.28145364 359.74734424 369.21323485
 378.67912545 388.14501605 397.61090665 407.07679726 416.54268786
 426.00857846 435.47446907 444.94035967 454.40625027 463.87214087
 473.33803148 482.80392208 492.26981268 501.73570329 511.20159389
 520.66748449 530.13337509 539.5992657  549.0651563  558.5310469
 567.99693751 577.46282811 586.92871871 596.39460931 605.86049992
 615.32639052 624.79228112 634.25817173 643.72406233 653.18995293
 662.65584353 672.12173414 681.58762474 691.05351534 700.51940595
 709.98529655 719.45118715 728.91707775 738.38296836 747.84885896
 757.31474956 766.78064017 776.24653077 785.71242137 795.17831197
 804.64420258 814.11009318 823.57598378 833.04187439 842.50776499
 851.97365559 861.43954619 870.9054368  880.3713274  889.837218
 899.30310861 908.76899921 918.23488981 927.70078041 937.16667102
 946.63256162 956.09845222 965.56434283 975.03023343 984.49612403]
a_y_fitting=[-7.19298246 -3.63425597 -1.53230663 -0.56673035 -0.41712306 -0.76308069
 -1.28419917 -1.66007442 -1.58895244 -1.12924308 -0.66500276 -0.59201249
 -1.30510408 -2.8978911  -4.73454736 -6.07099555 -6.24561893 -5.40983432
 -4.17784356 -3.169208   -2.89334687 -3.24834811 -3.92141262 -4.60173667
 -5.10156539 -5.41909835 -5.56798621 -5.56187968 -5.41442941 -5.14038166
 -4.77022527 -4.34624362 -3.91100535 -3.5070791  -3.17703352 -2.96343724
 -2.90885891 -3.05522626 -3.40506348 -3.89926669 -4.47336557 -5.06288981
 -5.60336908 -6.03033307 -6.27936307 -6.31290647 -6.16417434 -5.87789116
 -5.49878144 -5.07156967 -4.64098034 -4.25173796 -3.94856701 -3.77582688
 -3.71993885 -3.64651514 -3.40605701 -2.84906576 -1.84597532 -0.74189558
 -0.36580553 -1.56845559 -4.66491067 -6.68470591 -5.89000832 -3.8451982
 -2.32647725 -2.23333509 -2.99237372 -3.89681724 -4.55266756 -4.98138437
 -5.23313287 -5.35807822 -5.40638562 -5.42822024 -5.46997947 -5.53286776
 -5.58825787 -5.60699415 -5.55992093 -5.4178969  -5.16740132 -4.8403167
 -4.47672881 -4.11672344 -3.80038636 -3.56780334 -3.45906016 -3.5142426
 -3.77343642 -4.2767274  -5.06236419 -6.0829062  -7.17055879 -8.14850538
 -8.83992941 -9.06801433 -8.65594358 -7.42690058]
d_x_fitting=[ 34.45305771  44.09295365  53.7328496   63.37274554  73.01264149
  82.65253743  92.29243338 101.93232932 111.57222527 121.21212121
 130.85201716 140.4919131  150.13180905 159.77170499 169.41160094
 179.05149688 188.69139283 198.33128877 207.97118472 217.61108066
 227.2509766  236.89087255 246.53076849 256.17066444 265.81056038
 275.45045633 285.09035227 294.73024822 304.37014416 314.01004011
 323.64993605 333.289832   342.92972794 352.56962389 362.20951983
 371.84941578 381.48931172 391.12920767 400.76910361 410.40899956
 420.0488955  429.68879145 439.32868739 448.96858334 458.60847928
 468.24837523 477.88827117 487.52816711 497.16806306 506.807959
 516.44785495 526.08775089 535.72764684 545.36754278 555.00743873
 564.64733467 574.28723062 583.92712656 593.56702251 603.20691845
 612.8468144  622.48671034 632.12660629 641.76650223 651.40639818
 661.04629412 670.68619007 680.32608601 689.96598196 699.6058779
 709.24577385 718.88566979 728.52556573 738.16546168 747.80535762
 757.44525357 767.08514951 776.72504546 786.3649414  796.00483735
 805.64473329 815.28462924 824.92452518 834.56442113 844.20431707
 853.84421302 863.48410896 873.12400491 882.76390085 892.4037968
 902.04369274 911.68358869 921.32348463 930.96338058 940.60327652
 950.24317247 959.88306841 969.52296436 979.1628603  988.80275624]
d_y_fitting=[2.63157895 2.86801505 3.10588758 3.34408549 3.58149775 3.81701335
 4.04952124 4.27791041 4.50106981 4.71788842 4.92725521 5.12805915
 5.31918921 5.49953435 5.66798356 5.8234258  5.96475004 6.09084525
 6.2006004  6.29290446 6.3666464  6.4207152  6.45399981 6.46538922
 6.45377239 6.41803829 6.3570759  6.26977418 6.1550221  6.01170863
 5.83872275 5.63495342 5.39928962 5.13062031 4.82866115 4.4983266
 4.14654713 3.78025763 3.406393   3.03188813 2.66367791 2.30869724
 1.97388102 1.66616412 1.39248146 1.15976793 0.97495841 0.8449878
 0.776791   0.7773029  0.8534584  1.01219238 1.26043975 1.60513539
 2.05321421 2.61161109 3.28449057 4.03503495 4.79511721 5.49581862
 6.0686249  6.47302652 6.71421846 6.80160856 6.7446047  6.55261473
 6.23504729 5.80573431 5.2933151  4.72952392 4.14609504 3.5747627
 3.04726116 2.59532469 2.25068753 2.04222921 1.96490771 1.99144186
 2.09416364 2.245405   2.41749789 2.58277427 2.71356609 2.78373907
 2.78845563 2.73846612 2.64487794 2.5187985  2.37133519 2.21359541
 2.05668656 1.91171605 1.78979127 1.70201962 1.6595085  1.67336531
 1.75469746 1.91461233 2.16421734 2.51461988]