
p_x=[16.36520241171404, 83.54866494401378, 147.28682170542638, 208.44099913867356, 310.93884582256675, 389.3195521102498, 495.2627045650301, 585.7019810508183, 679.5865633074935, 770.0258397932816, 872.5236864771748, 946.5977605512489]
p_y=[2.3529411764705888, 4.588235294117648, 5.411764705882353, 7.0588235294117645, 6.470588235294118, 5.647058823529411, 5.647058823529411, 3.647058823529412, 3.88235294117647, 3.88235294117647, 3.764705882352941, 3.88235294117647]
a_x=[20.671834625322997, 77.51937984496124, 122.3083548664944, 203.27304048234282, 266.14987080103356, 371.2316968130921, 442.72179155900085, 519.3798449612403, 560.7235142118863, 661.4987080103359, 707.1490094745909, 761.4125753660637, 805.3402239448751, 900.947459086994, 950.9043927648578, 979.328165374677]
a_y=[-7.309941520467834, -2.163742690058479, -5.789473684210527, -4.502923976608187, -2.397660818713449, -1.9298245614035086, -1.4619883040935662, -0.5263157894736832, -5.789473684210527, -1.578947368421053, -1.3450292397660828, -1.2280701754385959, -6.374269005847953, -2.397660818713449, -1.9298245614035086, -1.578947368421053]
d_x=[11.19724375538329, 103.35917312661498, 174.84926787252368, 309.21619293712314, 410.8527131782946, 544.3583118001723, 690.7838070628768, 779.5004306632214, 888.8888888888888, 989.6640826873385]
d_y=[2.0467836257309946, 4.736842105263158, 3.450292397660819, 5.906432748538012, 6.374269005847953, 3.333333333333334, 3.9181286549707606, 3.2163742690058488, 4.385964912280702, 3.5672514619883042]
p_x_fitting=[ 16.36520241  25.76149088  35.15777934  44.55406781  53.95035628
  63.34664474  72.74293321  82.13922167  91.53551014 100.93179861
 110.32808707 119.72437554 129.120664   138.51695247 147.91324094
 157.3095294  166.70581787 176.10210633 185.4983948  194.89468327
 204.29097173 213.6872602  223.08354866 232.47983713 241.8761256
 251.27241406 260.66870253 270.064991   279.46127946 288.85756793
 298.25385639 307.65014486 317.04643333 326.44272179 335.83901026
 345.23529872 354.63158719 364.02787566 373.42416412 382.82045259
 392.21674105 401.61302952 411.00931799 420.40560645 429.80189492
 439.19818338 448.59447185 457.99076032 467.38704878 476.78333725
 486.17962571 495.57591418 504.97220265 514.36849111 523.76477958
 533.16106804 542.55735651 551.95364498 561.34993344 570.74622191
 580.14251038 589.53879884 598.93508731 608.33137577 617.72766424
 627.12395271 636.52024117 645.91652964 655.3128181  664.70910657
 674.10539504 683.5016835  692.89797197 702.29426043 711.6905489
 721.08683737 730.48312583 739.8794143  749.27570276 758.67199123
 768.0682797  777.46456816 786.86085663 796.25714509 805.65343356
 815.04972203 824.44601049 833.84229896 843.23858742 852.63487589
 862.03116436 871.42745282 880.82374129 890.22002975 899.61631822
 909.01260669 918.40889515 927.80518362 937.20147209 946.59776055]
p_y_fitting=[2.35294118 2.90264876 3.35548685 3.72297231 4.01662201 4.24795282
 4.42848159 4.56972521 4.68320053 4.78042443 4.87291376 4.9721854
 5.08975622 5.23714308 5.42586139 5.6614887  5.93013905 6.21394466
 6.49503776 6.75555059 6.97761537 7.14406698 7.25020638 7.30203932
 7.30591934 7.2682     7.19523484 7.09337742 6.96898127 6.82839995
 6.67798701 6.52409598 6.37291641 6.22861092 6.09397507 5.97177883
 5.86479215 5.775785   5.70752733 5.6627891  5.64429313 5.65134845
 5.67760603 5.71618457 5.76020278 5.80277935 5.83703298 5.85608238
 5.85304625 5.8210433  5.75319222 5.64261182 5.48562067 5.29011983
 5.06663025 4.82567289 4.57776869 4.33343863 4.10320364 3.8975847
 3.72710274 3.60208085 3.5255152  3.49109036 3.49188889 3.52099338
 3.57148639 3.63645052 3.70896832 3.78212237 3.84899526 3.90277668
 3.94043832 3.96365428 3.97439264 3.97462145 3.96630877 3.95142267
 3.9319312  3.90980243 3.88700442 3.86535106 3.84548588 3.82751546
 3.81154357 3.79767397 3.78601045 3.77665677 3.7697167  3.76529402
 3.76349249 3.76441588 3.76816798 3.77485254 3.78457335 3.79743416
 3.81353875 3.8329909  3.85589437 3.88235294]
a_x_fitting=[ 20.67183463  30.35523191  40.03862919  49.72202647  59.40542375
  69.08882103  78.77221831  88.45561559  98.13901287 107.82241015
 117.50580743 127.18920471 136.87260199 146.55599927 156.23939655
 165.92279383 175.60619111 185.28958839 194.97298567 204.65638295
 214.33978023 224.02317751 233.70657479 243.38997207 253.07336935
 262.75676663 272.44016391 282.12356119 291.80695847 301.49035575
 311.17375303 320.85715031 330.54054759 340.22394488 349.90734216
 359.59073944 369.27413672 378.957534   388.64093128 398.32432856
 408.00772584 417.69112312 427.3745204  437.05791768 446.74131496
 456.42471224 466.10810952 475.7915068  485.47490408 495.15830136
 504.84169864 514.52509592 524.2084932  533.89189048 543.57528776
 553.25868504 562.94208232 572.6254796  582.30887688 591.99227416
 601.67567144 611.35906872 621.042466   630.72586328 640.40926056
 650.09265784 659.77605512 669.45945241 679.14284969 688.82624697
 698.50964425 708.19304153 717.87643881 727.55983609 737.24323337
 746.92663065 756.61002793 766.29342521 775.97682249 785.66021977
 795.34361705 805.02701433 814.71041161 824.39380889 834.07720617
 843.76060345 853.44400073 863.12739801 872.81079529 882.49419257
 892.17758985 901.86098713 911.54438441 921.22778169 930.91117897
 940.59457625 950.27797353 959.96137081 969.64476809 979.32816537]
a_y_fitting=[-7.30994152 -4.7575898  -3.0448509  -2.05429586 -1.66849572 -1.77002151
 -2.24144427 -2.96533505 -3.82426488 -4.7008048  -5.47752585 -6.04029728
 -6.34942646 -6.43887784 -6.34575789 -6.10717307 -5.76022985 -5.34203472
 -4.88969413 -4.44029678 -4.02190469 -3.6388937  -3.29180152 -2.98116588
 -2.70752449 -2.47141507 -2.2732416  -2.11175285 -1.98458    -1.88933327
 -1.82362286 -1.78505897 -1.77125181 -1.77981157 -1.80834846 -1.85447269
 -1.91579446 -1.98845343 -2.05764554 -2.10363197 -2.10664999 -2.04693686
 -1.90472984 -1.66026622 -1.29491752 -0.83045842 -0.33910745  0.10374338
  0.42270206  0.54237656  0.38737488 -0.117695   -1.04201295 -2.3109713
 -3.70566841 -5.00088923 -5.97201837 -6.48463011 -6.58984763 -6.36163747
 -5.87396616 -5.20080025 -4.41610628 -3.59385078 -2.80800031 -2.13252139
 -1.64138056 -1.39263715 -1.33478448 -1.37017211 -1.40098841 -1.32946793
 -1.10774333 -0.83286471 -0.62804277 -0.61648817 -0.92141158 -1.65879586
 -2.78149775 -4.08095938 -5.3417374  -6.34838842 -6.92876005 -7.10152023
 -6.93789711 -6.50912043 -5.88641996 -5.14102543 -4.34416662 -3.56707327
 -2.88097514 -2.3570846  -2.03956224 -1.89084384 -1.85799243 -1.88807107
 -1.92814283 -1.92527076 -1.82651792 -1.57894737]
d_x_fitting=[ 11.19724376  21.08074718  30.9642506   40.84775403  50.73125745
  60.61476087  70.4982643   80.38176772  90.26527114 100.14877457
 110.03227799 119.91578141 129.79928484 139.68278826 149.56629169
 159.44979511 169.33329853 179.21680196 189.10030538 198.9838088
 208.86731223 218.75081565 228.63431907 238.5178225  248.40132592
 258.28482934 268.16833277 278.05183619 287.93533961 297.81884304
 307.70234646 317.58584989 327.46935331 337.35285673 347.23636016
 357.11986358 367.003367   376.88687043 386.77037385 396.65387727
 406.5373807  416.42088412 426.30438754 436.18789097 446.07139439
 455.95489782 465.83840124 475.72190466 485.60540809 495.48891151
 505.37241493 515.25591836 525.13942178 535.0229252  544.90642863
 554.78993205 564.67343547 574.5569389  584.44044232 594.32394575
 604.20744917 614.09095259 623.97445602 633.85795944 643.74146286
 653.62496629 663.50846971 673.39197313 683.27547656 693.15897998
 703.0424834  712.92598683 722.80949025 732.69299367 742.5764971
 752.46000052 762.34350395 772.22700737 782.11051079 791.99401422
 801.87751764 811.76102106 821.64452449 831.52802791 841.41153133
 851.29503476 861.17853818 871.0620416  880.94554503 890.82904845
 900.71255188 910.5960553  920.47955872 930.36306215 940.24656557
 950.13006899 960.01357242 969.89707584 979.78057926 989.66408269]
d_y_fitting=[2.04678363 2.90947642 3.59579    4.12146323 4.50223497 4.75384408
 4.89202943 4.93252989 4.89108432 4.78343158 4.62531053 4.43246005
 4.22061899 4.00552622 3.8029206  3.628541   3.49812628 3.42708741
 3.42075593 3.47273267 3.57595797 3.72337216 3.90791557 4.12252852
 4.36015134 4.61372436 4.8761879  5.1404823  5.39954788 5.64632497
 5.8737539  6.07534918 6.24828452 6.39116994 6.50261887 6.58124473
 6.62566097 6.63448101 6.60631828 6.5397862  6.43349822 6.28630661
 6.10121244 5.88473264 5.64349531 5.38412857 5.11326052 4.83751926
 4.56353291 4.29792958 4.04733736 3.81838437 3.61769872 3.45190851
 3.3276415  3.24910019 3.21226852 3.21139125 3.2407131  3.29447882
 3.36693316 3.45232085 3.54488664 3.63887526 3.72853146 3.80809999
 3.87182557 3.91395296 3.92872689 3.91042569 3.85781029 3.77858263
 3.68150547 3.5753416  3.46885379 3.37080481 3.28995744 3.23507446
 3.21487504 3.2334702  3.28636001 3.36810086 3.47324914 3.59636124
 3.73199356 3.87470249 4.01904442 4.15957575 4.29085286 4.40743216
 4.50387002 4.57472286 4.61454705 4.617899   4.57933509 4.49341172
 4.35468527 4.15771216 3.89704875 3.56725146]