
p_x=[18.08785529715762, 68.90611541774334, 149.00947459086993, 226.5288544358312, 287.6830318690784, 367.786391042205, 462.5322997416021, 541.7743324720069, 626.1843238587425, 733.8501291989664, 834.625322997416, 940.5684754521964, 976.7441860465116]
p_y=[-2.117647058823529, -6.352941176470587, -6.5882352941176485, -7.647058823529413, -8.352941176470587, -3.764705882352942, -2.8235294117647065, -3.4117647058823515, 2.4705882352941178, 4.0, 3.647058823529412, 4.470588235294118, 2.8235294117647056]
a_x=[23.25581395348837, 117.14039621016366, 207.57967269595176, 280.79242032730406, 418.60465116279073, 533.161068044789, 628.7683031869078, 714.900947459087, 813.953488372093, 894.0568475452196, 991.3867355727821]
a_y=[-7.894736842105264, -7.192982456140349, -7.894736842105264, -3.8011695906432745, -2.8654970760233915, -2.8654970760233915, -2.280701754385966, -1.4619883040935662, -1.3450292397660828, -1.3450292397660828, -0.8771929824561404]
d_x=[12.919896640826872, 111.9724375538329, 211.88630490956072, 382.4289405684754, 558.1395348837209, 734.7114556416882, 983.634797588286]
d_y=[1.8128654970760234, 3.5672514619883042, 0.9941520467836256, 2.514619883040936, 6.023391812865498, 6.140350877192983, 5.906432748538012]
p_x_fitting=[ 18.0878553   27.77125258  37.45464986  47.13804714  56.82144442
  66.5048417   76.18823898  85.87163626  95.55503354 105.23843082
 114.9218281  124.60522538 134.28862266 143.97201994 153.65541722
 163.3388145  173.02221178 182.70560906 192.38900634 202.07240362
 211.7558009  221.43919818 231.12259546 240.80599274 250.48939002
 260.1727873  269.85618458 279.53958187 289.22297915 298.90637643
 308.58977371 318.27317099 327.95656827 337.63996555 347.32336283
 357.00676011 366.69015739 376.37355467 386.05695195 395.74034923
 405.42374651 415.10714379 424.79054107 434.47393835 444.15733563
 453.84073291 463.52413019 473.20752747 482.89092475 492.57432203
 502.25771931 511.94111659 521.62451387 531.30791115 540.99130843
 550.67470571 560.35810299 570.04150027 579.72489755 589.40829483
 599.09169211 608.7750894  618.45848668 628.14188396 637.82528124
 647.50867852 657.1920758  666.87547308 676.55887036 686.24226764
 695.92566492 705.6090622  715.29245948 724.97585676 734.65925404
 744.34265132 754.0260486  763.70944588 773.39284316 783.07624044
 792.75963772 802.443035   812.12643228 821.80982956 831.49322684
 841.17662412 850.8600214  860.54341868 870.22681596 879.91021324
 889.59361052 899.2770078  908.96040508 918.64380236 928.32719965
 938.01059693 947.69399421 957.37739149 967.06078877 976.74418605]
p_y_fitting=[-2.11764706 -3.3701089  -4.38833244 -5.19497041 -5.81267552 -6.26410049
 -6.57189804 -6.75872088 -6.84722175 -6.86005334 -6.81986839 -6.74931961
 -6.67105972 -6.60774144 -6.58153208 -6.60229887 -6.6669428  -6.77174612
 -6.91299107 -7.08695988 -7.2899348  -7.51819807 -7.76756095 -8.0215792
 -8.2507063  -8.42475517 -8.51353871 -8.48686984 -8.31460404 -7.98291376
 -7.51884947 -6.95575969 -6.32699296 -5.66589782 -5.00582281 -4.38011645
 -3.82212729 -3.360543   -2.99780234 -2.72716289 -2.54187256 -2.43517922
 -2.40033079 -2.43057515 -2.5191602  -2.65933382 -2.84434052 -3.0631837
 -3.29235416 -3.50604639 -3.67845487 -3.78377406 -3.79619846 -3.68992253
 -3.43914076 -3.02570046 -2.47050011 -1.80686226 -1.0681147  -0.28758519
  0.50139851  1.26550861  1.97141734  2.58585701  3.08795132  3.48430431
  3.78521262  4.00097287  4.14188171  4.21823576  4.24033167  4.21846606
  4.16293558  4.08403685  3.99206593  3.89607542  3.8012403   3.71198189
  3.63272148  3.56788039  3.52187991  3.49914136  3.50408602  3.54113522
  3.61471026  3.72832297  3.8752832   4.04249054  4.21674519  4.38484737
  4.53359728  4.64979515  4.72024117  4.73173555  4.67107852  4.52507028
  4.28051104  3.924201    3.44294039  2.82352941]
a_x_fitting=[ 23.25581395  33.03491417  42.81401439  52.59311461  62.37221483
  72.15131505  81.93041526  91.70951548 101.4886157  111.26771592
 121.04681614 130.82591636 140.60501657 150.38411679 160.16321701
 169.94231723 179.72141745 189.50051767 199.27961788 209.0587181
 218.83781832 228.61691854 238.39601876 248.17511898 257.95421919
 267.73331941 277.51241963 287.29151985 297.07062007 306.84972029
 316.6288205  326.40792072 336.18702094 345.96612116 355.74522138
 365.5243216  375.30342182 385.08252203 394.86162225 404.64072247
 414.41982269 424.19892291 433.97802313 443.75712334 453.53622356
 463.31532378 473.094424   482.87352422 492.65262444 502.43172465
 512.21082487 521.98992509 531.76902531 541.54812553 551.32722575
 561.10632596 570.88542618 580.6645264  590.44362662 600.22272684
 610.00182706 619.78092727 629.56002749 639.33912771 649.11822793
 658.89732815 668.67642837 678.45552858 688.2346288  698.01372902
 707.79282924 717.57192946 727.35102968 737.13012989 746.90923011
 756.68833033 766.46743055 776.24653077 786.02563099 795.80473121
 805.58383142 815.36293164 825.14203186 834.92113208 844.7002323
 854.47933252 864.25843273 874.03753295 883.81663317 893.59573339
 903.37483361 913.15393383 922.93303404 932.71213426 942.49123448
 952.2703347  962.04943492 971.82853514 981.60763535 991.38673557]
a_y_fitting=[-7.89473684 -7.33607891 -6.9316866  -6.66523825 -6.52041222 -6.48088684
 -6.53034046 -6.65245141 -6.83089805 -7.04935872 -7.29151175 -7.5410355
 -7.78160831 -7.99690851 -8.17061445 -8.28640448 -8.32795694 -8.27895017
 -8.12306252 -7.84399973 -7.43744337 -6.92975252 -6.35212916 -5.73577527
 -5.11189282 -4.51168379 -3.96635015 -3.50516863 -3.13486545 -2.84753726
 -2.63503321 -2.48920246 -2.40189418 -2.36495751 -2.37024163 -2.40959568
 -2.47486884 -2.55791024 -2.65056907 -2.74469447 -2.8321356  -2.90504102
 -2.9605749  -3.00005633 -3.0249297  -3.0366394  -3.03662985 -3.02634543
 -3.00723055 -2.9807296  -2.94828698 -2.9113471  -2.87135435 -2.829524
 -2.78565955 -2.73902727 -2.68889238 -2.63452009 -2.57517562 -2.51012418
 -2.438631   -2.35996129 -2.27338057 -2.1788768  -2.07870801 -1.97557695
 -1.87218641 -1.77123913 -1.67543788 -1.58748543 -1.51008454 -1.44592329
 -1.39626086 -1.35975142 -1.3347723  -1.31970081 -1.31291428 -1.31279002
 -1.31770536 -1.32603761 -1.3361641  -1.34646273 -1.3556014  -1.36300616
 -1.36822546 -1.37080773 -1.37030139 -1.36625488 -1.35821664 -1.34573509
 -1.32835866 -1.3056358  -1.27711493 -1.24234449 -1.2008729  -1.15224861
 -1.09602004 -1.03173562 -0.95894379 -0.87719298]
d_x_fitting=[ 12.91989664  22.72509766  32.53029868  42.3354997   52.14070072
  61.94590174  71.75110276  81.55630378  91.3615048  101.16670582
 110.97190684 120.77710786 130.58230888 140.3875099  150.19271092
 159.99791194 169.80311296 179.60831398 189.41351499 199.21871601
 209.02391703 218.82911805 228.63431907 238.43952009 248.24472111
 258.04992213 267.85512315 277.66032417 287.46552519 297.27072621
 307.07592723 316.88112825 326.68632927 336.49153029 346.29673131
 356.10193233 365.90713335 375.71233437 385.51753539 395.32273641
 405.12793743 414.93313845 424.73833947 434.54354049 444.34874151
 454.15394253 463.95914355 473.76434457 483.56954559 493.3747466
 503.17994762 512.98514864 522.79034966 532.59555068 542.4007517
 552.20595272 562.01115374 571.81635476 581.62155578 591.4267568
 601.23195782 611.03715884 620.84235986 630.64756088 640.4527619
 650.25796292 660.06316394 669.86836496 679.67356598 689.478767
 699.28396802 709.08916904 718.89437006 728.69957108 738.5047721
 748.30997312 758.11517414 767.92037516 777.72557618 787.53077719
 797.33597821 807.14117923 816.94638025 826.75158127 836.55678229
 846.36198331 856.16718433 865.97238535 875.77758637 885.58278739
 895.38798841 905.19318943 914.99839045 924.80359147 934.60879249
 944.41399351 954.21919453 964.02439555 973.82959657 983.63479759]
d_y_fitting=[1.8128655  2.42551263 2.91883365 3.30129623 3.58136805 3.76751677
 3.86821009 3.89191566 3.84710118 3.74223431 3.58578274 3.38621413
 3.15199617 2.89159653 2.61348289 2.32612291 2.03798429 1.75753469
 1.4932418  1.25357328 1.04699681 0.88133732 0.75796811 0.67453855
 0.62865294 0.61791559 0.63993082 0.69230293 0.77263623 0.87853504
 1.00760366 1.1574464  1.32566758 1.5098715  1.70766248 1.91664482
 2.13442284 2.35860084 2.58679034 2.81709864 3.04844012 3.27980334
 3.51017685 3.7385492  3.96390895 4.18524465 4.40154484 4.61179808
 4.81499293 5.01011793 5.19616164 5.37211261 5.53695939 5.68969053
 5.82929458 5.9547601  6.06509356 6.16001957 6.24020835 6.30639463
 6.35931314 6.3996986  6.42828574 6.44580927 6.45300393 6.45060444
 6.43934552 6.41996189 6.39318829 6.35975943 6.32041004 6.27587484
 6.22688856 6.17418593 6.11850166 6.06057048 6.00112712 5.9409063
 5.88064274 5.82107117 5.76292631 5.70694289 5.65385563 5.60439925
 5.55930849 5.51931806 5.48516269 5.4575771  5.43729602 5.42505417
 5.42158627 5.42762706 5.44391125 5.47117357 5.51014874 5.56157149
 5.62617654 5.70469862 5.79787245 5.90643275]