
p_x=[12.058570198105082, 61.1541774332472, 107.66580534022395, 170.54263565891472, 233.4194659776055, 292.85099052540914, 358.3118001722653, 380.70628768303186, 472.8682170542636, 527.9931093884583, 590.869939707149, 670.1119724375538, 734.7114556416882, 833.7639965546942, 917.312661498708]
p_y=[-2.3529411764705888, -3.4117647058823515, -3.0588235294117645, -5.411764705882353, -6.9411764705882355, -3.2941176470588225, -2.9411764705882355, -6.470588235294116, -7.529411764705884, -4.23529411764706, -3.2941176470588225, 3.5294117647058822, 4.0, 3.647058823529412, 4.588235294117648]
a_x=[12.919896640826872, 97.32988802756245, 161.92937123169682, 237.72609819121445, 305.77088716623604, 352.2825150732127, 385.0129198966408, 437.55383290267014, 492.6787252368648, 538.3290267011197, 580.5340223944875, 659.7760551248923, 747.6313522825151, 801.0335917312663, 865.6330749354005, 935.4005167958657, 990.5254091300602]
a_y=[-8.47953216374269, -8.24561403508772, -5.789473684210527, -2.514619883040936, -1.4619883040935662, -1.6959064327485365, -7.426900584795323, -7.192982456140349, -7.543859649122805, -4.502923976608187, -2.8654970760233915, 2.6315789473684212, 2.514619883040936, 2.0467836257309946, -1.4619883040935662, 2.0467836257309946, 3.5672514619883042]
d_x=[11.19724375538329, 109.38845822566753, 182.6012058570198, 325.58139534883725, 381.56761412575366, 497.8466838931955, 560.7235142118863, 667.5279931093885, 787.2523686477175, 886.3049095607234, 941.4298018949182, 974.1602067183462]
d_y=[1.461988304093568, 2.397660818713451, 4.035087719298246, 4.502923976608187, 4.619883040935672, 3.6842105263157894, 5.672514619883041, 7.894736842105264, 7.076023391812866, 4.736842105263158, 5.087719298245615, 5.2046783625731]
p_x_fitting=[ 12.0585702   21.20255092  30.34653164  39.49051236  48.63449308
  57.7784738   66.92245452  76.06643524  85.21041596  94.35439668
 103.4983774  112.64235812 121.78633884 130.93031956 140.07430028
 149.218281   158.36226172 167.50624244 176.65022316 185.79420388
 194.9381846  204.08216532 213.22614604 222.37012676 231.51410748
 240.6580882  249.80206892 258.94604964 268.09003036 277.23401108
 286.3779918  295.52197252 304.66595324 313.80993396 322.95391469
 332.09789541 341.24187613 350.38585685 359.52983757 368.67381829
 377.81779901 386.96177973 396.10576045 405.24974117 414.39372189
 423.53770261 432.68168333 441.82566405 450.96964477 460.11362549
 469.25760621 478.40158693 487.54556765 496.68954837 505.83352909
 514.97750981 524.12149053 533.26547125 542.40945197 551.55343269
 560.69741341 569.84139413 578.98537485 588.12935557 597.27333629
 606.41731701 615.56129773 624.70527845 633.84925917 642.99323989
 652.13722061 661.28120133 670.42518205 679.56916277 688.71314349
 697.85712421 707.00110493 716.14508565 725.28906637 734.43304709
 743.57702781 752.72100853 761.86498926 771.00896998 780.1529507
 789.29693142 798.44091214 807.58489286 816.72887358 825.8728543
 835.01683502 844.16081574 853.30479646 862.44877718 871.5927579
 880.73673862 889.88071934 899.02470006 908.16868078 917.3126615 ]
p_y_fitting=[-2.35294118 -2.88407463 -3.22605645 -3.41120436 -3.47183609 -3.44026938
 -3.34882197 -3.22981159 -3.11555598 -3.03837287 -3.03058    -3.12313063
 -3.32126632 -3.60732112 -3.96282782 -4.36931922 -4.80832811 -5.26138727
 -5.70973189 -6.13115328 -6.50122843 -6.79549777 -6.98950173 -7.05878073
 -6.97887518 -6.72992093 -6.32694489 -5.80098303 -5.1831551  -4.50458086
 -3.79638007 -3.08982056 -2.42839374 -1.87675766 -1.50167787 -1.3699199
 -1.54824929 -2.10343159 -3.10206872 -4.5106823  -6.02577969 -7.31903126
 -8.28315369 -8.94696632 -9.3412816  -9.49691201 -9.44467001 -9.21536808
 -8.83981869 -8.34883431 -7.7732274  -7.14392603 -6.49355328 -5.85601952
 -5.26526722 -4.75523886 -4.35987694 -4.11026996 -3.99057814 -3.9465457
 -3.92278681 -3.86391562 -3.71454626 -3.41929291 -2.92871146 -2.25463698
 -1.44502812 -0.54830933  0.3870949   1.31276012  2.18026186  2.94117566
  3.54707759  3.96423738  4.21196685  4.32154258  4.3242411   4.25133899
  4.1341128   4.00383908  3.88696054  3.78873419  3.70861458  3.64605612
  3.60051322  3.57144029  3.55829174  3.56052198  3.57758542  3.60893647
  3.65402953  3.71231901  3.78325933  3.8663049   3.96091011  4.06652939
  4.18261714  4.30862776  4.44401568  4.58823529]
a_x_fitting=[ 12.91989664  22.7946998   32.66950295  42.54430611  52.41910927
  62.29391242  72.16871558  82.04351874  91.91832189 101.79312505
 111.66792821 121.54273136 131.41753452 141.29233767 151.16714083
 161.04194399 170.91674714 180.7915503  190.66635346 200.54115661
 210.41595977 220.29076293 230.16556608 240.04036924 249.9151724
 259.78997555 269.66477871 279.53958187 289.41438502 299.28918818
 309.16399133 319.03879449 328.91359765 338.7884008  348.66320396
 358.53800712 368.41281027 378.28761343 388.16241659 398.03721974
 407.9120229  417.78682606 427.66162921 437.53643237 447.41123552
 457.28603868 467.16084184 477.03564499 486.91044815 496.78525131
 506.66005446 516.53485762 526.40966078 536.28446393 546.15926709
 556.03407025 565.9088734  575.78367656 585.65847972 595.53328287
 605.40808603 615.28288918 625.15769234 635.0324955  644.90729865
 654.78210181 664.65690497 674.53170812 684.40651128 694.28131444
 704.15611759 714.03092075 723.90572391 733.78052706 743.65533022
 753.53013338 763.40493653 773.27973969 783.15454284 793.029346
 802.90414916 812.77895231 822.65375547 832.52855863 842.40336178
 852.27816494 862.1529681  872.02777125 881.90257441 891.77737757
 901.65218072 911.52698388 921.40178703 931.27659019 941.15139335
 951.0261965  960.90099966 970.77580282 980.65060597 990.52540913]
a_y_fitting=[-8.47953216 -8.67238902 -8.80121579 -8.8686138  -8.87718433 -8.82952869
 -8.72824818 -8.5759441  -8.37521775 -8.12867043 -7.83890344 -7.50851808
 -7.14011566 -6.73629746 -6.2996648  -5.83281897 -5.34010712 -4.83503224
 -4.33408847 -3.85377164 -3.41057757 -3.02100209 -2.70154103 -2.46857704
 -2.32241008 -2.23073009 -2.15728096 -2.0658066  -1.9200509  -1.68375776
 -1.32235908 -0.89545656 -0.60466767 -0.66337632 -1.28496638 -2.65156577
 -4.53443613 -6.41530548 -7.7739224  -8.36187428 -8.36864372 -8.02338411
 -7.55524885 -7.19339133 -7.10845665 -7.23581616 -7.45171103 -7.63238243
 -7.65407156 -7.39601118 -6.84353421 -6.1141754  -5.33376074 -4.62811622
 -4.10482297 -3.73352712 -3.4208201  -3.07296857 -2.59946954 -1.97790528
 -1.25066026 -0.46269222  0.34104111  1.11558197  1.81597263  2.39725535
  2.81598711  3.06451883  3.1715341   3.16733903  3.0822397   2.94654221
  2.79055266  2.64457714  2.53892175  2.50087734  2.51214224  2.51907266
  2.46710143  2.30166138  1.96833489  1.44913184  0.80978714  0.12775401
 -0.51951431 -1.05456459 -1.39994358 -1.48397592 -1.30702937 -0.91837616
 -0.36821979  0.29323623  1.01578841  1.74923323  2.4433672   3.0479868
  3.51288853  3.78786889  3.82272437  3.56725146]
d_x_fitting=[ 11.19724376  20.92414237  30.65104099  40.3779396   50.10483822
  59.83173683  69.55863545  79.28553407  89.01243268  98.7393313
 108.46622991 118.19312853 127.92002714 137.64692576 147.37382438
 157.10072299 166.82762161 176.55452022 186.28141884 196.00831746
 205.73521607 215.46211469 225.1890133  234.91591192 244.64281053
 254.36970915 264.09660777 273.82350638 283.550405   293.27730361
 303.00420223 312.73110084 322.45799946 332.18489808 341.91179669
 351.63869531 361.36559392 371.09249254 380.81939116 390.54628977
 400.27318839 410.000087   419.72698562 429.45388423 439.18078285
 448.90768147 458.63458008 468.3614787  478.08837731 487.81527593
 497.54217454 507.26907316 516.99597178 526.72287039 536.44976901
 546.17666762 555.90356624 565.63046486 575.35736347 585.08426209
 594.8111607  604.53805932 614.26495793 623.99185655 633.71875517
 643.44565378 653.1725524  662.89945101 672.62634963 682.35324824
 692.08014686 701.80704548 711.53394409 721.26084271 730.98774132
 740.71463994 750.44153856 760.16843717 769.89533579 779.6222344
 789.34913302 799.07603163 808.80293025 818.52982887 828.25672748
 837.9836261  847.71052471 857.43742333 867.16432194 876.89122056
 886.61811918 896.34501779 906.07191641 915.79881502 925.52571364
 935.25261226 944.97951087 954.70640949 964.4333081  974.16020672]
d_y_fitting=[1.4619883  1.35107221 1.29983366 1.30274919 1.35429536 1.44894872
 1.58118582 1.74548321 1.93631745 2.14816509 2.37550268 2.61280678
 2.85455392 3.09522067 3.32928358 3.5512192  3.75550409 3.93661478
 4.08910759 4.21107524 4.30547423 4.37561474 4.42480695 4.45636105
 4.47358721 4.47979561 4.47829645 4.47239989 4.46541612 4.46065533
 4.46142768 4.47104337 4.49281257 4.52929363 4.57468138 4.61794848
 4.64798804 4.65369315 4.62395692 4.55055851 4.4398293  4.30267694
 4.15001075 3.99274007 3.84177421 3.70802251 3.60239428 3.53579886
 3.51914556 3.56334372 3.67930265 3.87369494 4.13457641 4.44489094
 4.78758227 5.14559415 5.5018703  5.83973394 6.15105579 6.4361549
 6.69571    6.93039979 7.14090298 7.32789829 7.49206444 7.63408013
 7.75462408 7.854375   7.93397174 7.99323251 8.03120495 8.04690691
 8.0393562  8.00757067 7.95056815 7.86736647 7.75698346 7.61843695
 7.45074477 7.25292477 7.02401287 6.7662203  6.48854125 6.20084274
 5.91299177 5.63485536 5.3763005  5.14719421 4.9574035  4.81679537
 4.73523669 4.71799532 4.75363504 4.82692842 4.92264801 5.02556636
 5.12045601 5.19208953 5.22523946 5.20467836]