
p_x=[26.701119724375538, 112.8337639965547, 199.82773471145566, 294.57364341085275, 459.0869939707149, 532.2997416020671, 707.1490094745909, 810.5081826012058, 924.2032730404824, 975.0215331610681]
p_y=[1.764705882352942, 3.764705882352941, 2.235294117647059, 3.764705882352941, 2.9411764705882346, 7.0588235294117645, 8.352941176470589, 6.588235294117647, 6.352941176470589, 2.235294117647059]
a_x=[13.781223083548666, 93.02325581395348, 208.44099913867356, 353.1438415159345, 490.0947459086994, 575.3660637381568, 736.4341085271318, 833.7639965546942, 944.0137812230836, 986.2187769164514]
a_y=[-7.777777777777779, -2.514619883040936, -5.087719298245615, -1.578947368421053, -6.023391812865498, -0.8771929824561404, -0.2923976608187129, -1.1111111111111107, -1.8128654970760234, -7.777777777777779]
d_x=[12.919896640826872, 175.71059431524546, 353.1438415159345, 445.3057708871662, 555.5555555555555, 669.2506459948321, 772.609819121447, 898.3634797588286, 985.3574504737296]
d_y=[0.9941520467836256, 1.461988304093568, 2.7485380116959064, 2.397660818713451, 7.894736842105264, 8.128654970760234, 8.24561403508772, 6.7251461988304095, 2.1637426900584797]
p_x_fitting=[ 26.70111972  36.2801138   45.85910787  55.43810195  65.01709602
  74.5960901   84.17508418  93.75407825 103.33307233 112.9120664
 122.49106048 132.07005455 141.64904863 151.2280427  160.80703678
 170.38603085 179.96502493 189.544019   199.12301308 208.70200715
 218.28100123 227.8599953  237.43898938 247.01798345 256.59697753
 266.1759716  275.75496568 285.33395975 294.91295383 304.4919479
 314.07094198 323.64993605 333.22893013 342.8079242  352.38691828
 361.96591235 371.54490643 381.1239005  390.70289458 400.28188865
 409.86088273 419.4398768  429.01887088 438.59786495 448.17685903
 457.7558531  467.33484718 476.91384125 486.49283533 496.07182941
 505.65082348 515.22981756 524.80881163 534.38780571 543.96679978
 553.54579386 563.12478793 572.70378201 582.28277608 591.86177016
 601.44076423 611.01975831 620.59875238 630.17774646 639.75674053
 649.33573461 658.91472868 668.49372276 678.07271683 687.65171091
 697.23070498 706.80969906 716.38869313 725.96768721 735.54668128
 745.12567536 754.70466943 764.28366351 773.86265758 783.44165166
 793.02064573 802.59963981 812.17863388 821.75762796 831.33662203
 840.91561611 850.49461018 860.07360426 869.65259833 879.23159241
 888.81058649 898.38958056 907.96857464 917.54756871 927.12656279
 936.70555686 946.28455094 955.86354501 965.44253909 975.02153316]
p_y_fitting=[1.76470588 2.46932634 3.02156856 3.43503666 3.72333476 3.90006699
 3.97883747 3.97325032 3.89690967 3.76341963 3.58638433 3.37940789
 3.15609443 2.93004808 2.71487295 2.52417318 2.37155288 2.27061617
 2.23496718 2.27439276 2.37962667 2.53547005 2.72672216 2.93818223
 3.1546495  3.36092321 3.5418026  3.68208692 3.76657559 3.78477286
 3.74310756 3.65181275 3.52112153 3.36126699 3.1824822  2.99500027
 2.80905426 2.63487728 2.48270239 2.3627627  2.28529129 2.26052124
 2.29868564 2.41001758 2.60475014 2.89311641 3.28189219 3.75677362
 4.29551291 4.87584771 5.47551571 6.07225458 6.64380198 7.16793886
 7.62981928 8.03024204 8.37200323 8.65789898 8.89072539 9.07327858
 9.20835466 9.29874974 9.34725994 9.35668137 9.32981015 9.26944237
 9.17837417 9.05940164 8.91532091 8.74892808 8.56301927 8.36039059
 8.14435713 7.92054287 7.69521359 7.47463511 7.26507327 7.07279388
 6.90406277 6.76514576 6.66230867 6.60181733 6.58991907 6.62728808
 6.70123316 6.79710101 6.90023833 6.99599183 7.06970819 7.10673414
 7.09241635 7.01210154 6.8511364  6.59486764 6.22864195 5.73780603
 5.10770659 4.32369032 3.37110393 2.23529412]
a_x_fitting=[ 13.78122308  23.60382464  33.42642619  43.24902775  53.0716293
  62.89423085  72.71683241  82.53943396  92.36203551 102.18463707
 112.00723862 121.82984018 131.65244173 141.47504328 151.29764484
 161.12024639 170.94284795 180.7654495  190.58805105 200.41065261
 210.23325416 220.05585571 229.87845727 239.70105882 249.52366038
 259.34626193 269.16886348 278.99146504 288.81406659 298.63666815
 308.4592697  318.28187125 328.10447281 337.92707436 347.74967592
 357.57227747 367.39487902 377.21748058 387.04008213 396.86268368
 406.68528524 416.50788679 426.33048835 436.1530899  445.97569145
 455.79829301 465.62089456 475.44349612 485.26609767 495.08869922
 504.91130078 514.73390233 524.55650388 534.37910544 544.20170699
 554.02430855 563.8469101  573.66951165 583.49211321 593.31471476
 603.13731632 612.95991787 622.78251942 632.60512098 642.42772253
 652.25032408 662.07292564 671.89552719 681.71812875 691.5407303
 701.36333185 711.18593341 721.00853496 730.83113652 740.65373807
 750.47633962 760.29894118 770.12154273 779.94414429 789.76674584
 799.58934739 809.41194895 819.2345505  829.05715205 838.87975361
 848.70235516 858.52495672 868.34755827 878.17015982 887.99276138
 897.81536293 907.63796449 917.46056604 927.28316759 937.10576915
 946.9283707  956.75097225 966.57357381 976.39617536 986.21877692]
a_y_fitting=[-7.77777778e+00 -6.39139170e+00 -5.25133440e+00 -4.33851140e+00
 -3.63382824e+00 -3.11819046e+00 -2.77250359e+00 -2.57767316e+00
 -2.51460471e+00 -2.56420377e+00 -2.70737587e+00 -2.92502656e+00
 -3.19806136e+00 -3.50738581e+00 -3.83390544e+00 -4.15852578e+00
 -4.46215238e+00 -4.72569076e+00 -4.93004646e+00 -5.05612502e+00
 -5.08486807e+00 -5.00690114e+00 -4.83554872e+00 -4.58738349e+00
 -4.27897814e+00 -3.92690534e+00 -3.54773778e+00 -3.15804813e+00
 -2.77440908e+00 -2.41339331e+00 -2.09157349e+00 -1.82552231e+00
 -1.63181245e+00 -1.52701658e+00 -1.52770740e+00 -1.64986313e+00
 -1.89202925e+00 -2.23293145e+00 -2.65022107e+00 -3.12154951e+00
 -3.62456812e+00 -4.13692827e+00 -4.63628134e+00 -5.10027869e+00
 -5.50657170e+00 -5.83281172e+00 -6.05665013e+00 -6.15573831e+00
 -6.10772761e+00 -5.89146583e+00 -5.51226108e+00 -5.00130723e+00
 -4.39087969e+00 -3.71325385e+00 -3.00070509e+00 -2.28550882e+00
 -1.59994043e+00 -9.76275317e-01 -4.43136118e-01 -4.39449591e-03
  3.46349955e-01  6.15530881e-01  8.09581926e-01  9.34936738e-01
  9.98028961e-01  1.00529224e+00  9.63160228e-01  8.78066562e-01
  7.56444892e-01  6.04728862e-01  4.29352120e-01  2.36748311e-01
  3.33510801e-02 -1.74405926e-01 -3.80097781e-01 -5.77586026e-01
 -7.61076521e-01 -9.24795545e-01 -1.06296937e+00 -1.16982428e+00
 -1.23958654e+00 -1.26648244e+00 -1.24473824e+00 -1.16858023e+00
 -1.03298807e+00 -8.48686311e-01 -6.41312169e-01 -4.37089635e-01
 -2.62242700e-01 -1.42995358e-01 -1.05571600e-01 -1.76195419e-01
 -3.81090806e-01 -7.46481753e-01 -1.29859225e+00 -2.06364630e+00
 -3.06786788e+00 -4.33748100e+00 -5.89870963e+00 -7.77777778e+00]
d_x_fitting=[ 12.91989664  22.74249819  32.56509975  42.3877013   52.21030286
  62.03290441  71.85550596  81.67810752  91.50070907 101.32331063
 111.14591218 120.96851373 130.79111529 140.61371684 150.43631839
 160.25891995 170.0815215  179.90412306 189.72672461 199.54932616
 209.37192772 219.19452927 229.01713083 238.83973238 248.66233393
 258.48493549 268.30753704 278.1301386  287.95274015 297.7753417
 307.59794326 317.42054481 327.24314636 337.06574792 346.88834947
 356.71095103 366.53355258 376.35615413 386.17875569 396.00135724
 405.8239588  415.64656035 425.4691619  435.29176346 445.11436501
 454.93696656 464.75956812 474.58216967 484.40477123 494.22737278
 504.04997433 513.87257589 523.69517744 533.517779   543.34038055
 553.1629821  562.98558366 572.80818521 582.63078677 592.45338832
 602.27598987 612.09859143 621.92119298 631.74379453 641.56639609
 651.38899764 661.2115992  671.03420075 680.8568023  690.67940386
 700.50200541 710.32460697 720.14720852 729.96981007 739.79241163
 749.61501318 759.43761473 769.26021629 779.08281784 788.9054194
 798.72802095 808.5506225  818.37322406 828.19582561 838.01842717
 847.84102872 857.66363027 867.48623183 877.30883338 887.13143494
 896.95403649 906.77663804 916.5992396  926.42184115 936.2444427
 946.06704426 955.88964581 965.71224737 975.53484892 985.35745047]
d_y_fitting=[0.99415205 0.83258992 0.70488653 0.6090894  0.54324607 0.50540405
 0.49361088 0.50591409 0.54036119 0.59499973 0.66787722 0.7570412
 0.86053918 0.97641871 1.1027273  1.23751249 1.3788218  1.52470276
 1.67320289 1.82236973 1.9702508  2.11489363 2.25434575 2.38665468
 2.50986796 2.6220331  2.72119764 2.80540911 2.87271502 2.92116292
 2.94880032 2.95367476 2.93383376 2.88732485 2.81219556 2.70662967
 2.57547262 2.43310784 2.2946536  2.17522821 2.08994996 2.05393712
 2.08230799 2.19018087 2.39267403 2.69965162 3.09869566 3.57148244
 4.09968821 4.66498922 5.24906172 5.83358195 6.40022618 6.93067065
 7.40659161 7.80966531 8.12365181 8.35006461 8.49939836 8.58221729
 8.60908561 8.59056755 8.53722733 8.45962917 8.36833729 8.27391592
 8.18692928 8.1179274  8.07360555 8.05160085 8.04825054 8.05989187
 8.08286211 8.11349851 8.14813831 8.18311878 8.21477716 8.23945071
 8.25354884 8.25434365 8.23967535 8.20739412 8.15535016 8.08139366
 7.98337482 7.85914382 7.70655087 7.52344616 7.30767988 7.05710222
 6.76956339 6.44291356 6.07500295 5.66368173 5.20680011 4.70220827
 4.14775642 3.54129474 2.88067343 2.16374269]