
p_x=[8.613264427217917, 136.08957795004306, 304.0482342807924, 486.64944013781223, 641.6881998277347, 756.244616709733, 961.2403100775194, 987.941429801895]
p_y=[-1.2941176470588225, -3.882352941176471, 3.88235294117647, 3.647058823529412, 6.235294117647059, 2.7058823529411766, 4.23529411764706, 4.823529411764706]
a_x=[18.08785529715762, 110.24978466838932, 233.4194659776055, 364.3410852713178, 490.9560723514212, 645.1335055986219, 773.4711455641689, 905.254091300603, 989.6640826873385]
a_y=[-6.140350877192983, -4.035087719298245, -2.8654970760233915, -2.6315789473684212, -5.906432748538011, -7.192982456140349, -2.280701754385966, -2.280701754385966, -2.163742690058479]
d_x=[6.890611541774333, 167.09732988802756, 244.6167097329888, 355.72782084409994, 552.9715762273901, 811.3695090439277, 985.3574504737296]
d_y=[-2.397660818713449, -2.7485380116959064, 2.280701754385966, 3.2163742690058488, 2.7485380116959064, 2.514619883040936, 2.9824561403508776]
p_x_fitting=[  8.61326443  18.50546812  28.39767181  38.2898755   48.18207919
  58.07428288  67.96648657  77.85869026  87.75089395  97.64309764
 107.53530133 117.42750502 127.31970872 137.21191241 147.1041161
 156.99631979 166.88852348 176.78072717 186.67293086 196.56513455
 206.45733824 216.34954193 226.24174562 236.13394931 246.026153
 255.91835669 265.81056038 275.70276407 285.59496777 295.48717146
 305.37937515 315.27157884 325.16378253 335.05598622 344.94818991
 354.8403936  364.73259729 374.62480098 384.51700467 394.40920836
 404.30141205 414.19361574 424.08581943 433.97802313 443.87022682
 453.76243051 463.6546342  473.54683789 483.43904158 493.33124527
 503.22344896 513.11565265 523.00785634 532.90006003 542.79226372
 552.68446741 562.5766711  572.46887479 582.36107849 592.25328218
 602.14548587 612.03768956 621.92989325 631.82209694 641.71430063
 651.60650432 661.49870801 671.3909117  681.28311539 691.17531908
 701.06752277 710.95972646 720.85193015 730.74413384 740.63633754
 750.52854123 760.42074492 770.31294861 780.2051523  790.09735599
 799.98955968 809.88176337 819.77396706 829.66617075 839.55837444
 849.45057813 859.34278182 869.23498551 879.1271892  889.0193929
 898.91159659 908.80380028 918.69600397 928.58820766 938.48041135
 948.37261504 958.26481873 968.15702242 978.04922611 987.9414298 ]
p_y_fitting=[-1.29411765 -2.15996959 -2.88835269 -3.48631518 -3.96090528 -4.3191712
 -4.56816118 -4.71492343 -4.76650618 -4.72995765 -4.61232606 -4.42065964
 -4.1620066  -3.84341517 -3.47193357 -3.05461002 -2.59849275 -2.11062998
 -1.59806993 -1.06786082 -0.52705088  0.01731168  0.55817862  1.08850173
  1.60123279  2.08932357  2.54572585  2.96339141  3.33527202  3.65431947
  3.91349097  4.10898235  4.24569298  4.32996927  4.36815765  4.36660451
  4.33165629  4.26965939  4.18696024  4.08990524  3.98484081  3.87811337
  3.77606933  3.6850551   3.61141712  3.56150178  3.5416555   3.5582247
  3.6175558   3.72524903  3.87850144  4.06921468  4.28920766  4.53029926
  4.78430838  5.04305392  5.29835477  5.54202982  5.76589797  5.96177812
  6.12148916  6.23684998  6.29967949  6.30179656  6.23502011  6.09438573
  5.88769441  5.62591331  5.3200096   4.98095046  4.61970304  4.24723453
  3.87451209  3.51250288  3.17217408  2.86449285  2.60025676  2.3844577
  2.21497233  2.08924236  2.00470951  1.95881552  1.94900209  1.97271095
  2.02738383  2.11046244  2.21938851  2.35160376  2.50454991  2.67566868
  2.8624018   3.06219098  3.27247795  3.49070442  3.71431213  3.94074279
  4.16743813  4.39183987  4.61138972  4.82352941]
a_x_fitting=[ 18.0878553   27.90175658  37.71565787  47.52955916  57.34346044
  67.15736173  76.97126302  86.7851643   96.59906559 106.41296688
 116.22686816 126.04076945 135.85467074 145.66857203 155.48247331
 165.2963746  175.11027589 184.92417717 194.73807846 204.55197975
 214.36588103 224.17978232 233.99368361 243.80758489 253.62148618
 263.43538747 273.24928875 283.06319004 292.87709133 302.69099261
 312.5048939  322.31879519 332.13269647 341.94659776 351.76049905
 361.57440033 371.38830162 381.20220291 391.01610419 400.83000548
 410.64390677 420.45780805 430.27170934 440.08561063 449.89951192
 459.7134132  469.52731449 479.34121578 489.15511706 498.96901835
 508.78291964 518.59682092 528.41072221 538.2246235  548.03852478
 557.85242607 567.66632736 577.48022864 587.29412993 597.10803122
 606.9219325  616.73583379 626.54973508 636.36363636 646.17753765
 655.99143894 665.80534022 675.61924151 685.4331428  695.24704408
 705.06094537 714.87484666 724.68874794 734.50264923 744.31655052
 754.1304518  763.94435309 773.75825438 783.57215567 793.38605695
 803.19995824 813.01385953 822.82776081 832.6416621  842.45556339
 852.26946467 862.08336596 871.89726725 881.71116853 891.52506982
 901.33897111 911.15287239 920.96677368 930.78067497 940.59457625
 950.40847754 960.22237883 970.03628011 979.8501814  989.66408269]
a_y_fitting=[-6.14035088 -5.82729278 -5.53868166 -5.27319318 -5.02950302 -4.80628687
 -4.60222039 -4.41597927 -4.24623919 -4.09167582 -3.95096484 -3.82278193
 -3.70580276 -3.59870302 -3.50015839 -3.40884453 -3.32343714 -3.24261188
 -3.16504444 -3.08941049 -3.01438571 -2.93864578 -2.86086651 -2.78054095
 -2.6999065  -2.62177599 -2.54896224 -2.4842781  -2.43053639 -2.39054995
 -2.36713161 -2.3630942  -2.38125056 -2.42441352 -2.4953959  -2.59701055
 -2.73168662 -2.89813305 -3.09296888 -3.3127899  -3.55419195 -3.81377082
 -4.08812233 -4.3738423  -4.66752653 -4.96577085 -5.26517105 -5.56232296
 -5.85382239 -6.13629194 -6.40654214 -6.6614639  -6.89794845 -7.11288699
 -7.30317076 -7.46569098 -7.59733886 -7.69500563 -7.7555825  -7.77596071
 -7.75303146 -7.68368598 -7.5648155  -7.39331123 -7.16606682 -6.8827025
 -6.55079038 -6.17934434 -5.77737829 -5.35390611 -4.91794171 -4.47849897
 -4.04459179 -3.62523407 -3.2294397  -2.86622256 -2.54459657 -2.27357555
 -2.05960391 -1.8997111  -1.78877073 -1.72165637 -1.69324164 -1.69840011
 -1.73200537 -1.78893103 -1.86405067 -1.95223789 -2.04836627 -2.1473094
 -2.24394089 -2.33313432 -2.40976329 -2.46870137 -2.50482218 -2.5129993
 -2.48810631 -2.42501682 -2.31860442 -2.16374269]
d_x_fitting=[  6.89061154  16.77411497  26.65761839  36.54112181  46.42462524
  56.30812866  66.19163208  76.07513551  85.95863893  95.84214235
 105.72564578 115.6091492  125.49265262 135.37615605 145.25965947
 155.1431629  165.02666632 174.91016974 184.79367317 194.67717659
 204.56068001 214.44418344 224.32768686 234.21119028 244.09469371
 253.97819713 263.86170055 273.74520398 283.6287074  293.51221082
 303.39571425 313.27921767 323.1627211  333.04622452 342.92972794
 352.81323137 362.69673479 372.58023821 382.46374164 392.34724506
 402.23074848 412.11425191 421.99775533 431.88125875 441.76476218
 451.6482656  461.53176903 471.41527245 481.29877587 491.1822793
 501.06578272 510.94928614 520.83278957 530.71629299 540.59979641
 550.48329984 560.36680326 570.25030668 580.13381011 590.01731353
 599.90081696 609.78432038 619.6678238  629.55132723 639.43483065
 649.31833407 659.2018375  669.08534092 678.96884434 688.85234777
 698.73585119 708.61935461 718.50285804 728.38636146 738.26986488
 748.15336831 758.03687173 767.92037516 777.80387858 787.687382
 797.57088543 807.45438885 817.33789227 827.2213957  837.10489912
 846.98840254 856.87190597 866.75540939 876.63891281 886.52241624
 896.40591966 906.28942309 916.17292651 926.05642993 935.93993336
 945.82343678 955.7069402  965.59044363 975.47394705 985.35745047]
d_y_fitting=[-2.39766082 -3.65293123 -4.67996862 -5.49271058 -6.10509473 -6.5310587
 -6.78454009 -6.87947651 -6.82980559 -6.64946494 -6.35239216 -5.95252489
 -5.46380072 -4.90015728 -4.27553218 -3.60386304 -2.89908746 -2.17514307
 -1.44596747 -0.72549829 -0.02767313  0.63357039  1.24429465  1.79056204
  2.25843494  2.63720863  2.93133405  3.14969952  3.30119393  3.39470618
  3.43912516  3.44333976  3.41623886  3.36671135  3.30364614  3.2359321
  3.17191548  3.11443934  3.06314464  3.0176326   2.97750448  2.94236151
  2.91180494  2.88543601  2.86285597  2.84366604  2.82746749  2.81386155
  2.80244946  2.79283246  2.78461181  2.77738873  2.77076449  2.7643403
  2.75771743  2.75049711  2.74231657  2.73312819  2.72304736  2.71219086
  2.70067546  2.68861794  2.67613507  2.66334363  2.6503604   2.63730214
  2.62428564  2.61142766  2.59884499  2.58665439  2.57497265  2.56391653
  2.55360282  2.54414828  2.5356697   2.52828384  2.52210748  2.51725741
  2.51385038  2.51200318  2.51183258  2.51345536  2.51698829  2.52254814
  2.5302517   2.54021573  2.55255702  2.56739233  2.58483844  2.60501213
  2.62803016  2.65400933  2.68306639  2.71531813  2.75088132  2.78987273
  2.83240915  2.87860734  2.92858408  2.98245614]