
p_x=[21.53316106804479, 89.57795004306632, 231.69681309216193, 298.01894918173986, 363.479758828596, 474.59086993970715, 604.6511627906976, 715.7622739018088, 826.0120585701981, 984.4961240310078]
p_y=[2.0, 5.411764705882353, 4.9411764705882355, 4.9411764705882355, 6.0, 5.411764705882353, 7.294117647058824, 2.0, 3.1764705882352935, 4.0]
a_x=[11.19724375538329, 69.76744186046511, 169.68130921619291, 268.73385012919897, 363.479758828596, 422.04995693367783, 560.7235142118863, 686.4771748492678, 842.3772609819122, 987.0801033591732]
a_y=[-6.725146198830409, -3.8011695906432745, -3.6842105263157894, -2.9824561403508767, -3.2163742690058488, -2.7485380116959064, -2.514619883040936, -4.853801169590643, -5.6725146198830405, -6.842105263157894]
d_x=[13.781223083548666, 77.51937984496124, 179.15590008613265, 427.2179155900086, 572.7820844099914, 752.7993109388458, 987.0801033591732]
d_y=[1.578947368421053, 3.9181286549707606, 4.035087719298246, 4.035087719298246, 5.555555555555555, 3.8011695906432754, 4.152046783625732]
p_x_fitting=[ 21.53316107  31.26005968  40.9869583   50.71385692  60.44075553
  70.16765415  79.89455276  89.62145138  99.34834999 109.07524861
 118.80214723 128.52904584 138.25594446 147.98284307 157.70974169
 167.4366403  177.16353892 186.89043754 196.61733615 206.34423477
 216.07113338 225.798032   235.52493062 245.25182923 254.97872785
 264.70562646 274.43252508 284.15942369 293.88632231 303.61322093
 313.34011954 323.06701816 332.79391677 342.52081539 352.247714
 361.97461262 371.70151124 381.42840985 391.15530847 400.88220708
 410.6091057  420.33600432 430.06290293 439.78980155 449.51670016
 459.24359878 468.97049739 478.69739601 488.42429463 498.15119324
 507.87809186 517.60499047 527.33188909 537.0587877  546.78568632
 556.51258494 566.23948355 575.96638217 585.69328078 595.4201794
 605.14707802 614.87397663 624.60087525 634.32777386 644.05467248
 653.78157109 663.50846971 673.23536833 682.96226694 692.68916556
 702.41606417 712.14296279 721.8698614  731.59676002 741.32365864
 751.05055725 760.77745587 770.50435448 780.2312531  789.95815172
 799.68505033 809.41194895 819.13884756 828.86574618 838.59264479
 848.31954341 858.04644203 867.77334064 877.50023926 887.22713787
 896.95403649 906.6809351  916.40783372 926.13473234 935.86163095
 945.58852957 955.31542818 965.0423268  974.76922542 984.49612403]
p_y_fitting=[2.         2.74528045 3.39547614 3.95608965 4.43262354 4.83058038
 5.15546274 5.41277319 5.6080143  5.74668865 5.83429879 5.8763473
 5.87833675 5.84576971 5.78414875 5.69897643 5.59575533 5.47998802
 5.35717706 5.23282503 5.1124345  5.00150803 4.90553408 4.82943089
 4.77736331 4.75344455 4.76178782 4.80650631 4.89171324 5.02086729
 5.18660001 5.37264575 5.56247502 5.73955833 5.88736617 5.98936905
 6.03188316 6.01944869 5.96379153 5.87665506 5.76978265 5.65491765
 5.54380345 5.4481834  5.37980087 5.35039924 5.37172188 5.45519193
 5.60127287 5.79699698 6.02857559 6.28222005 6.54414169 6.80055186
 7.03766189 7.24168314 7.39882693 7.4953046  7.51732751 7.45110698
 7.28285509 7.00511439 6.63216719 6.18295883 5.67643465 5.13154
 4.56722022 4.00242065 3.45608663 2.94716351 2.49459662 2.11733132
 1.83319718 1.64504345 1.54500595 1.52498833 1.57689423 1.69262729
 1.86409116 2.08318948 2.34182589 2.63190403 2.94532755 3.2740001
 3.6098253  3.94470681 4.27054827 4.57925332 4.8627256  5.11286876
 5.32158644 5.48078228 5.58235993 5.61822303 5.58027521 5.46042013
 5.25056143 4.94260274 4.52844772 4.        ]
a_x_fitting=[ 11.19724376  21.05464638  30.912049    40.76945162  50.62685424
  60.48425687  70.34165949  80.19906211  90.05646473  99.91386736
 109.77126998 119.6286726  129.48607522 139.34347784 149.20088047
 159.05828309 168.91568571 178.77308833 188.63049096 198.48789358
 208.3452962  218.20269882 228.06010145 237.91750407 247.77490669
 257.63230931 267.48971193 277.34711456 287.20451718 297.0619198
 306.91932242 316.77672505 326.63412767 336.49153029 346.34893291
 356.20633553 366.06373816 375.92114078 385.7785434  395.63594602
 405.49334865 415.35075127 425.20815389 435.06555651 444.92295913
 454.78036176 464.63776438 474.495167   484.35256962 494.20997225
 504.06737487 513.92477749 523.78218011 533.63958274 543.49698536
 553.35438798 563.2117906  573.06919322 582.92659585 592.78399847
 602.64140109 612.49880371 622.35620634 632.21360896 642.07101158
 651.9284142  661.78581682 671.64321945 681.50062207 691.35802469
 701.21542731 711.07282994 720.93023256 730.78763518 740.6450378
 750.50244042 760.35984305 770.21724567 780.07464829 789.93205091
 799.78945354 809.64685616 819.50425878 829.3616614  839.21906403
 849.07646665 858.93386927 868.79127189 878.64867451 888.50607714
 898.36347976 908.22088238 918.078285   927.93568763 937.79309025
 947.65049287 957.50789549 967.36529811 977.22270074 987.08010336]
a_y_fitting=[-6.7251462  -5.95042182 -5.30435059 -4.77606904 -4.35471369 -4.02942106
 -3.78932768 -3.62357006 -3.52128473 -3.47160821 -3.46367702 -3.48662769
 -3.52959674 -3.58172069 -3.63213606 -3.66997937 -3.68438715 -3.66677409
 -3.62006795 -3.55082507 -3.46560311 -3.37095976 -3.27345269 -3.17963959
 -3.09607814 -3.02932601 -2.98594088 -2.97104528 -2.9813495  -3.01050826
 -3.05217194 -3.09999093 -3.14761564 -3.18869643 -3.21688371 -3.22582786
 -3.20921599 -3.1646877  -3.09730776 -3.01296005 -2.91752844 -2.81689679
 -2.71692503 -2.62189166 -2.53353768 -2.45337536 -2.38291697 -2.32367481
 -2.27716113 -2.24488824 -2.22836839 -2.22911387 -2.24863696 -2.28844994
 -2.35006508 -2.43499467 -2.54473721 -2.67916474 -2.83501143 -3.00865385
 -3.19646854 -3.39483206 -3.60012097 -3.80871183 -4.0169812  -4.22130563
 -4.41806168 -4.60362591 -4.77437487 -4.9267874  -5.05974914 -5.1745832
 -5.27272112 -5.35559441 -5.42463462 -5.48127326 -5.52694187 -5.56307197
 -5.5910951  -5.61244277 -5.62854652 -5.64083788 -5.65074838 -5.65970954
 -5.66915289 -5.68050996 -5.69521227 -5.71469137 -5.74037876 -5.77370599
 -5.81610458 -5.86900606 -5.93384196 -6.0120438  -6.10504311 -6.21427143
 -6.34116027 -6.48714117 -6.65364566 -6.84210526]
d_x_fitting=[ 13.78122308  23.6125249   33.44382673  43.27512855  53.10643037
  62.93773219  72.76903401  82.60033583  92.43163765 102.26293947
 112.09424129 121.92554311 131.75684494 141.58814676 151.41944858
 161.2507504  171.08205222 180.91335404 190.74465586 200.57595768
 210.4072595  220.23856132 230.06986314 239.90116497 249.73246679
 259.56376861 269.39507043 279.22637225 289.05767407 298.88897589
 308.72027771 318.55157953 328.38288135 338.21418318 348.045485
 357.87678682 367.70808864 377.53939046 387.37069228 397.2019941
 407.03329592 416.86459774 426.69589956 436.52720139 446.35850321
 456.18980503 466.02110685 475.85240867 485.68371049 495.51501231
 505.34631413 515.17761595 525.00891777 534.84021959 544.67152142
 554.50282324 564.33412506 574.16542688 583.9967287  593.82803052
 603.65933234 613.49063416 623.32193598 633.1532378  642.98453963
 652.81584145 662.64714327 672.47844509 682.30974691 692.14104873
 701.97235055 711.80365237 721.63495419 731.46625601 741.29755784
 751.12885966 760.96016148 770.7914633  780.62276512 790.45406694
 800.28536876 810.11667058 819.9479724  829.77927422 839.61057604
 849.44187787 859.27317969 869.10448151 878.93578333 888.76708515
 898.59838697 908.42968879 918.26099061 928.09229243 937.92359425
 947.75489608 957.5861979  967.41749972 977.24880154 987.08010336]
d_y_fitting=[1.57894737 2.12339566 2.59365486 2.99454685 3.33089352 3.60751675
 3.82923843 4.00088046 4.1272647  4.21321305 4.26354739 4.28308962
 4.27666161 4.24908526 4.20518244 4.14977504 4.08768496 4.02372982
 3.96152382 3.90183068 3.84500141 3.79138701 3.74133847 3.6952068
 3.653343   3.61609808 3.58382302 3.55686884 3.53558653 3.5203271
 3.51144155 3.50928088 3.51419609 3.52653818 3.54665815 3.57490701
 3.61163576 3.65719539 3.71193691 3.77621132 3.85036962 3.93476281
 4.0297419  4.13530078 4.2497578  4.37094036 4.49667577 4.62479135
 4.75311441 4.87947227 5.00169226 5.11760169 5.22502787 5.32179813
 5.40573978 5.47468014 5.52644653 5.55886789 5.570629   5.56267437
 5.53631709 5.49287028 5.43364704 5.35996048 5.2731237  5.17444982
 5.06525195 4.94684318 4.82053663 4.6876454  4.5494826  4.40736135
 4.26259473 4.11649588 3.97037788 3.82555385 3.6833369  3.54504013
 3.41197665 3.28545957 3.16680199 3.05731703 2.95831778 2.87111736
 2.79702888 2.73736544 2.69344015 2.66656611 2.65805644 2.66922424
 2.70138262 2.75584468 2.83392354 2.9369323  3.06618407 3.22299195
 3.40866906 3.62452849 3.87188337 4.15204678]