
p_x=[24.978466838931958, 146.42549526270457, 251.50732127476317, 349.69853574504737, 477.1748492678725, 529.7157622739019, 604.6511627906976, 707.1490094745909, 822.566752799311, 992.2480620155038]
p_y=[1.4117647058823533, 3.0588235294117645, 2.8235294117647056, 2.3529411764705888, 2.5882352941176467, 5.294117647058823, 4.823529411764706, 4.23529411764706, 4.0, 4.352941176470589]
a_x=[12.058570198105082, 77.51937984496124, 211.88630490956072, 314.3841515934539, 434.1085271317829, 500.4306632213609, 594.3152454780361, 690.7838070628768, 826.8733850129198, 987.0801033591732]
a_y=[-6.725146198830409, -4.502923976608187, -4.970760233918128, -5.789473684210527, -6.842105263157894, -3.9181286549707615, -3.2163742690058488, -3.6842105263157894, -4.853801169590643, -5.087719298245615]
d_x=[6.029285099052541, 385.0129198966408, 645.9948320413437, 925.0645994832042, 979.328165374677]
d_y=[1.8128654970760234, 3.9181286549707606, 2.0467836257309946, 2.397660818713451, 2.280701754385966]
p_x_fitting=[ 24.97846684  34.74886679  44.51926674  54.28966669  64.06006664
  73.8304666   83.60086655  93.3712665  103.14166645 112.9120664
 122.68246635 132.4528663  142.22326625 151.99366621 161.76406616
 171.53446611 181.30486606 191.07526601 200.84566596 210.61606591
 220.38646586 230.15686582 239.92726577 249.69766572 259.46806567
 269.23846562 279.00886557 288.77926552 298.54966547 308.32006543
 318.09046538 327.86086533 337.63126528 347.40166523 357.17206518
 366.94246513 376.71286508 386.48326504 396.25366499 406.02406494
 415.79446489 425.56486484 435.33526479 445.10566474 454.8760647
 464.64646465 474.4168646  484.18726455 493.9576645  503.72806445
 513.4984644  523.26886435 533.03926431 542.80966426 552.58006421
 562.35046416 572.12086411 581.89126406 591.66166401 601.43206396
 611.20246392 620.97286387 630.74326382 640.51366377 650.28406372
 660.05446367 669.82486362 679.59526357 689.36566353 699.13606348
 708.90646343 718.67686338 728.44726333 738.21766328 747.98806323
 757.75846318 767.52886314 777.29926309 787.06966304 796.84006299
 806.61046294 816.38086289 826.15126284 835.9216628  845.69206275
 855.4624627  865.23286265 875.0032626  884.77366255 894.5440625
 904.31446245 914.08486241 923.85526236 933.62566231 943.39606226
 953.16646221 962.93686216 972.70726211 982.47766206 992.24806202]
p_y_fitting=[1.41176471 1.69052464 1.93792317 2.15562003 2.34527491 2.50854754
 2.64709762 2.76258487 2.85666901 2.93100974 2.98726678 3.02709985
 3.05216864 3.06413289 3.0646523  3.05538658 3.03799545 3.01413862
 2.9854758  2.95366671 2.92037106 2.88724857 2.85595893 2.82816188
 2.80510108 2.78508728 2.7651702  2.74239468 2.71380554 2.67644763
 2.62736577 2.56360481 2.48220957 2.3802249  2.25569174 2.11490273
 1.96822818 1.82606735 1.69881949 1.59688383 1.53065962 1.51054612
 1.54694256 1.65024819 1.83086226 2.09918401 2.46561269 2.93675588
 3.48240961 4.05166979 4.59340167 5.05647049 5.39024814 5.57306298
 5.62731567 5.57910487 5.45452925 5.2796875  5.08067827 4.88360025
 4.71304507 4.57632822 4.46973363 4.38936643 4.33133176 4.29173474
 4.26668053 4.25227425 4.24462105 4.23982604 4.23399866 4.22443745
 4.21124879 4.19494417 4.17603508 4.15503299 4.13244938 4.10879575
 4.08458358 4.06032434 4.03652952 4.01371061 3.99237909 3.97304644
 3.95622415 3.94242369 3.93215656 3.92593424 3.9242682  3.92766994
 3.93665093 3.95172267 3.97339662 4.00218429 4.03859714 4.08314667
 4.13634435 4.19870167 4.27073012 4.35294118]
a_x_fitting=[ 12.0585702   21.90727255  31.75597491  41.60467726  51.45337962
  61.30208197  71.15078433  80.99948668  90.84818904 100.69689139
 110.54559375 120.3942961  130.24299846 140.09170082 149.94040317
 159.78910553 169.63780788 179.48651024 189.33521259 199.18391495
 209.0326173  218.88131966 228.73002201 238.57872437 248.42742672
 258.27612908 268.12483143 277.97353379 287.82223614 297.6709385
 307.51964085 317.36834321 327.21704556 337.06574792 346.91445027
 356.76315263 366.61185498 376.46055734 386.30925969 396.15796205
 406.0066644  415.85536676 425.70406911 435.55277147 445.40147383
 455.25017618 465.09887854 474.94758089 484.79628325 494.6449856
 504.49368796 514.34239031 524.19109267 534.03979502 543.88849738
 553.73719973 563.58590209 573.43460444 583.2833068  593.13200915
 602.98071151 612.82941386 622.67811622 632.52681857 642.37552093
 652.22422328 662.07292564 671.92162799 681.77033035 691.6190327
 701.46773506 711.31643741 721.16513977 731.01384212 740.86254448
 750.71124684 760.55994919 770.40865155 780.2573539  790.10605626
 799.95475861 809.80346097 819.65216332 829.50086568 839.34956803
 849.19827039 859.04697274 868.8956751  878.74437745 888.59307981
 898.44178216 908.29048452 918.13918687 927.98788923 937.83659158
 947.68529394 957.53399629 967.38269865 977.231401   987.08010336]
a_y_fitting=[-6.7251462  -6.20554897 -5.75862284 -5.3798139  -5.06456824 -4.80833198
 -4.6065512  -4.454672   -4.34814048 -4.28240275 -4.25290489 -4.255093
 -4.28441319 -4.33631156 -4.40623419 -4.48962719 -4.58193666 -4.67860869
 -4.77508938 -4.86682483 -4.94926115 -5.01839936 -5.07576892 -5.12607162
 -5.17404695 -5.22443441 -5.28197346 -5.35140362 -5.43746435 -5.54489515
 -5.6784355  -5.84274798 -6.03668666 -6.24933922 -6.4688572  -6.68339216
 -6.88109565 -7.05011922 -7.17861442 -7.2547328  -7.26662592 -7.20244532
 -7.05034255 -6.79849107 -6.44544193 -6.01668281 -5.5420151  -5.05124023
 -4.57415959 -4.1405746  -3.77981994 -3.50436183 -3.30546454 -3.17304466
 -3.0970188  -3.06730356 -3.07381552 -3.1064713  -3.15518748 -3.20988067
 -3.26175454 -3.30941721 -3.35411941 -3.39711515 -3.43965845 -3.48300332
 -3.52840376 -3.57711378 -3.6303874  -3.68947842 -3.75520548 -3.82703524
 -3.90417256 -3.98582232 -4.07118938 -4.1594786  -4.24989485 -4.341643
 -4.4339279  -4.52595444 -4.61692746 -4.70605184 -4.79253244 -4.87557413
 -4.95438177 -5.02816023 -5.09611437 -5.15744907 -5.21136918 -5.25707957
 -5.2937851  -5.32069065 -5.33700107 -5.34192124 -5.33465602 -5.31441026
 -5.28038885 -5.23179664 -5.1678385  -5.0877193 ]
d_x_fitting=[  6.0292851   15.86058692  25.69188874  35.52319056  45.35449238
  55.1857942   65.01709602  74.84839785  84.67969967  94.51100149
 104.34230331 114.17360513 124.00490695 133.83620877 143.66751059
 153.49881241 163.33011423 173.16141606 182.99271788 192.8240197
 202.65532152 212.48662334 222.31792516 232.14922698 241.9805288
 251.81183062 261.64313244 271.47443427 281.30573609 291.13703791
 300.96833973 310.79964155 320.63094337 330.46224519 340.29354701
 350.12484883 359.95615065 369.78745247 379.6187543  389.45005612
 399.28135794 409.11265976 418.94396158 428.7752634  438.60656522
 448.43786704 458.26916886 468.10047068 477.93177251 487.76307433
 497.59437615 507.42567797 517.25697979 527.08828161 536.91958343
 546.75088525 556.58218707 566.41348889 576.24479072 586.07609254
 595.90739436 605.73869618 615.569998   625.40129982 635.23260164
 645.06390346 654.89520528 664.7265071  674.55780892 684.38911075
 694.22041257 704.05171439 713.88301621 723.71431803 733.54561985
 743.37692167 753.20822349 763.03952531 772.87082713 782.70212896
 792.53343078 802.3647326  812.19603442 822.02733624 831.85863806
 841.68993988 851.5212417  861.35254352 871.18384534 881.01514717
 890.84644899 900.67775081 910.50905263 920.34035445 930.17165627
 940.00295809 949.83425991 959.66556173 969.49686355 979.32816537]
d_y_fitting=[1.8128655  2.07465664 2.32131191 2.55316791 2.77056123 2.97382846
 3.16330621 3.33933106 3.50223962 3.65236847 3.79005421 3.91563343
 4.02944274 4.13181871 4.22309796 4.30361707 4.37371263 4.43372125
 4.48397951 4.52482402 4.55659136 4.57961814 4.59424094 4.60079636
 4.59962099 4.59105143 4.57542428 4.55307613 4.52434357 4.4895632
 4.44907161 4.40320539 4.35230115 4.29669548 4.23672497 4.17272621
 4.1050358  4.03399034 3.95992642 3.88318063 3.80408958 3.72298984
 3.64021803 3.55611072 3.47100453 3.38523603 3.29914184 3.21305853
 3.12732272 3.04227098 2.95823992 2.87556612 2.7945862  2.71563673
 2.63905432 2.56517555 2.49433703 2.42687535 2.3631271  2.30342887
 2.24811727 2.19752889 2.15200031 2.11186814 2.07746898 2.0491394
 2.02712427 2.01118009 2.00090161 1.99588343 1.99572019 2.00000649
 2.00833697 2.02030625 2.03550894 2.05353966 2.07399304 2.09646369
 2.12054625 2.14583532 2.17192553 2.1984115  2.22488785 2.25094921
 2.27619019 2.30020541 2.32258949 2.34293706 2.36084274 2.37590114
 2.38770689 2.39585461 2.39993892 2.39955445 2.3942958  2.3837576
 2.36753448 2.34522105 2.31641193 2.28070175]