
p_x=[28.42377260981912, 94.74590869939708, 203.27304048234282, 302.3255813953488, 382.4289405684754, 496.1240310077519, 640.8268733850128, 778.6391042204996, 897.5021533161068, 993.1093884582257]
p_y=[2.7058823529411766, 4.823529411764706, 2.7058823529411766, 2.4705882352941178, 2.8235294117647056, 1.2941176470588225, 0.7058823529411757, 2.7058823529411766, 4.23529411764706, 3.88235294117647]
a_x=[28.42377260981912, 73.21274763135229, 186.90783807062877, 254.9526270456503, 370.3703703703703, 479.7588285960379, 533.161068044789, 639.1042204995694, 757.9672695951766, 873.3850129198967, 947.4590869939708, 996.5546942291128]
a_y=[-7.192982456140349, -4.152046783625732, -6.6081871345029235, -2.163742690058479, -1.4619883040935662, -1.1111111111111107, -6.491228070175438, -7.076023391812864, -3.9181286549707615, -1.2280701754385959, -0.5263157894736832, -5.087719298245615]
d_x=[24.117140396210164, 87.85529715762273, 217.05426356589146, 401.3781223083548, 645.1335055986219, 814.8148148148148, 927.6485788113695, 981.9121447028424]
d_y=[1.6959064327485383, 4.736842105263158, 2.514619883040936, 4.035087719298246, 2.280701754385966, 5.43859649122807, 5.906432748538012, 2.514619883040936]
p_x_fitting=[ 28.42377261  38.16807176  47.91237091  57.65667006  67.40096921
  77.14526836  86.88956751  96.63386666 106.37816581 116.12246496
 125.86676411 135.61106326 145.35536241 155.09966156 164.84396071
 174.58825986 184.33255901 194.07685816 203.82115731 213.56545646
 223.30975561 233.05405476 242.79835391 252.54265306 262.28695221
 272.03125136 281.77555051 291.51984966 301.26414881 311.00844796
 320.75274711 330.49704626 340.24134541 349.98564456 359.72994371
 369.47424286 379.21854201 388.96284116 398.70714031 408.45143946
 418.19573861 427.94003776 437.68433691 447.42863606 457.17293521
 466.91723436 476.66153351 486.40583266 496.15013181 505.89443096
 515.63873011 525.38302926 535.12732841 544.87162756 554.61592671
 564.36022586 574.10452501 583.84882416 593.59312331 603.33742246
 613.08172161 622.82602076 632.57031991 642.31461906 652.05891821
 661.80321736 671.54751651 681.29181566 691.03611481 700.78041396
 710.52471311 720.26901226 730.01331141 739.75761056 749.50190971
 759.24620886 768.99050801 778.73480716 788.47910631 798.22340546
 807.96770461 817.71200376 827.45630291 837.20060206 846.94490121
 856.68920036 866.43349951 876.17779866 885.92209781 895.66639696
 905.41069611 915.15499526 924.89929441 934.64359356 944.38789271
 954.13219186 963.87649101 973.62079016 983.36508931 993.10938846]
p_y_fitting=[2.70588235 3.34184626 3.85002968 4.24035115 4.52272917 4.70708228
 4.803329   4.82138784 4.77117734 4.66261601 4.50562238 4.31011497
 4.0860123  3.84323289 3.59169527 3.34131796 3.10201948 2.88371836
 2.69633271 2.54718471 2.43482011 2.35593185 2.30721288 2.28535614
 2.28705458 2.30900114 2.34788875 2.40041036 2.46325892 2.53297193
 2.60522288 2.6753868  2.73883844 2.79095255 2.82710387 2.84266715
 2.83301714 2.79395093 2.72610704 2.63321534 2.51905582 2.38740846
 2.24205325 2.08677016 1.92533918 1.76154028 1.59915346 1.4419587
 1.29373597 1.15766808 1.03456826 0.92466208 0.82817509 0.74533289
 0.67636102 0.62148506 0.58093058 0.55492315 0.54368834 0.54745171
 0.56643884 0.60087529 0.65098663 0.71699751 0.79874213 0.89505854
 1.00462826 1.1261328  1.25825366 1.39967235 1.5490704  1.7051293
 1.86653057 2.03195572 2.20008626 2.3696037  2.53918955 2.70752532
 2.87333659 3.03552012 3.19301422 3.34475717 3.4896873  3.6267429
 3.75486228 3.87298374 3.98004558 4.07498611 4.15674364 4.22425647
 4.27646289 4.31230122 4.33070976 4.33062682 4.31099069 4.27073968
 4.2088121  4.12414624 4.01568042 3.88235294]
a_x_fitting=[ 28.42377261  38.20287283  47.98197305  57.76107326  67.54017348
  77.3192737   87.09837392  96.87747414 106.65657436 116.43567458
 126.21477479 135.99387501 145.77297523 155.55207545 165.33117567
 175.11027589 184.8893761  194.66847632 204.44757654 214.22667676
 224.00577698 233.7848772  243.56397741 253.34307763 263.12217785
 272.90127807 282.68037829 292.45947851 302.23857872 312.01767894
 321.79677916 331.57587938 341.3549796  351.13407982 360.91318003
 370.69228025 380.47138047 390.25048069 400.02958091 409.80868113
 419.58778134 429.36688156 439.14598178 448.925082   458.70418222
 468.48328244 478.26238266 488.04148287 497.82058309 507.59968331
 517.37878353 527.15788375 536.93698397 546.71608418 556.4951844
 566.27428462 576.05338484 585.83248506 595.61158528 605.39068549
 615.16978571 624.94888593 634.72798615 644.50708637 654.28618659
 664.0652868  673.84438702 683.62348724 693.40258746 703.18168768
 712.9607879  722.73988811 732.51898833 742.29808855 752.07718877
 761.85628899 771.63538921 781.41448942 791.19358964 800.97268986
 810.75179008 820.5308903  830.30999052 840.08909074 849.86819095
 859.64729117 869.42639139 879.20549161 888.98459183 898.76369205
 908.54279226 918.32189248 928.1009927  937.88009292 947.65919314
 957.43829336 967.21739357 976.99649379 986.77559401 996.55469423]
a_y_fitting=[-7.19298246 -6.00622426 -5.14276144 -4.56628191 -4.2404736  -4.12902445
 -4.19562238 -4.40395532 -4.71771119 -5.10057793 -5.51624346 -5.92839571
 -6.3007226  -6.59691207 -6.78065204 -6.81563045 -6.66553521 -6.30181487
 -5.75446825 -5.08021143 -4.33589703 -3.57837766 -2.86450595 -2.25113451
 -1.78739084 -1.47137989 -1.28051497 -1.19215029 -1.18364007 -1.23233852
 -1.31559986 -1.4107783  -1.49522807 -1.54630338 -1.54135845 -1.45774781
 -1.28278183 -1.03985373 -0.76052867 -0.47637182 -0.21894835 -0.01982341
  0.08943783  0.0772702  -0.08789146 -0.43761231 -1.00345753 -1.80509638
 -2.78642345 -3.86160153 -4.94472324 -5.94988123 -6.79219175 -7.43003293
 -7.88007448 -8.16309971 -8.29989195 -8.31123451 -8.21791072 -8.0407039
 -7.80039736 -7.51777443 -7.21361843 -6.9081222  -6.61073919 -6.32155882
 -6.0403567  -5.76690847 -5.50098976 -5.24237619 -4.99084339 -4.74616698
 -4.5081226  -4.27648588 -4.05103243 -3.83152064 -3.61702925 -3.40574871
 -3.19580955 -2.98534231 -2.77247755 -2.5553458  -2.3320776  -2.10080348
 -1.85965401 -1.6067597  -1.34025111 -1.05924034 -0.77780985 -0.52171281
 -0.31701122 -0.18976705 -0.1660423  -0.27189894 -0.53339897 -0.97660436
 -1.6275771  -2.51237918 -3.65707259 -5.0877193 ]
d_x_fitting=[ 24.1171404   33.79183741  43.46653442  53.14123144  62.81592845
  72.49062546  82.16532248  91.84001949 101.5147165  111.18941351
 120.86411053 130.53880754 140.21350455 149.88820157 159.56289858
 169.23759559 178.91229261 188.58698962 198.26168663 207.93638365
 217.61108066 227.28577767 236.96047469 246.6351717  256.30986871
 265.98456573 275.65926274 285.33395975 295.00865677 304.68335378
 314.35805079 324.03274781 333.70744482 343.38214183 353.05683884
 362.73153586 372.40623287 382.08092988 391.7556269  401.43032391
 411.10502092 420.77971794 430.45441495 440.12911196 449.80380898
 459.47850599 469.153203   478.82790002 488.50259703 498.17729404
 507.85199106 517.52668807 527.20138508 536.8760821  546.55077911
 556.22547612 565.90017314 575.57487015 585.24956716 594.92426417
 604.59896119 614.2736582  623.94835521 633.62305223 643.29774924
 652.97244625 662.64714327 672.32184028 681.99653729 691.67123431
 701.34593132 711.02062833 720.69532535 730.37002236 740.04471937
 749.71941639 759.3941134  769.06881041 778.74350743 788.41820444
 798.09290145 807.76759847 817.44229548 827.11699249 836.7916895
 846.46638652 856.14108353 865.81578054 875.49047756 885.16517457
 894.83987158 904.5145686  914.18926561 923.86396262 933.53865964
 943.21335665 952.88805366 962.56275068 972.23744769 981.9121447 ]
d_y_fitting=[1.69590643 2.51105821 3.18426904 3.725606   4.14513617 4.45292666
 4.65904453 4.77355688 4.80653079 4.76803334 4.66813162 4.51689272
 4.32438371 4.10067169 3.85582375 3.59990695 3.3429884  3.09513518
 2.86641436 2.66689305 2.50663786 2.39293585 2.32371326 2.29492788
 2.30253751 2.34249995 2.41077299 2.50331444 2.61608207 2.74503371
 2.88612713 3.03532014 3.18857053 3.3418361  3.49107465 3.63224397
 3.76130186 3.87420612 3.96691454 4.03538491 4.07662985 4.09181341
 4.08312085 4.05273744 4.00284845 3.93563914 3.85329477 3.7580006
 3.65194192 3.53730396 3.41627201 3.29103133 3.16376718 3.03666482
 2.91190952 2.79168654 2.67818116 2.57357862 2.4800642  2.39982317
 2.33504078 2.2879023  2.260593   2.25529814 2.27420298 2.3191404
 2.38942302 2.4832659  2.59887961 2.73447468 2.88826167 3.05845114
 3.24325364 3.44087972 3.64953992 3.86744481 4.09280493 4.32383084
 4.55873308 4.79572222 5.0330088  5.26880337 5.5012982  5.72688177
 5.93864018 6.12930668 6.29161456 6.41829709 6.50208752 6.53571914
 6.51192522 6.42343902 6.26299381 6.02332286 5.69715946 5.27723685
 4.75628832 4.12704714 3.38224657 2.51461988]