
p_x=[13.781223083548666, 63.738156761412576, 127.47631352282515, 218.77691645133507, 282.51507321274767, 369.50904392764863, 428.9405684754522, 475.4521963824289, 502.1533161068045, 624.4616709732989, 727.8208440999139, 786.3910422049956, 843.238587424634, 898.3634797588286, 995.693367786391]
p_y=[-2.0, -5.2941176470588225, -4.23529411764706, -2.117647058823529, -4.117647058823531, -1.4117647058823515, -1.647058823529413, -2.3529411764705888, -2.7058823529411757, -2.3529411764705888, -3.882352941176471, -5.882352941176469, -6.9411764705882355, -5.0588235294117645, -2.7058823529411757]
a_x=[14.642549526270457, 74.07407407407408, 124.03100775193798, 212.7476313522825, 268.73385012919897, 322.13608957795003, 430.6632213608958, 491.817398794143, 560.7235142118863, 591.7312661498709, 683.0318690783807, 775.1937984496125, 845.8225667527993, 924.2032730404824, 988.8027562446167]
a_y=[-8.71345029239766, -5.204678362573098, -1.6959064327485365, -5.555555555555555, -5.087719298245615, -1.3450292397660828, -1.2280701754385959, -6.6081871345029235, -6.959064327485379, -6.842105263157894, -0.9941520467836256, -1.3450292397660828, -5.6725146198830405, -5.789473684210527, -5.789473684210527]
d_x=[13.781223083548666, 142.1188630490956, 233.4194659776055, 307.49354005167953, 443.58311800172265, 586.56330749354, 768.303186907838, 874.2463393626184, 982.7734711455641]
d_y=[1.1111111111111107, 2.7485380116959064, 1.2280701754385976, 2.7485380116959064, 2.514619883040936, 1.2280701754385976, 3.9181286549707606, 3.2163742690058488, 2.397660818713451]
p_x_fitting=[ 13.78122308  23.69952758  33.61783207  43.53613656  53.45444105
  63.37274554  73.29105004  83.20935453  93.12765902 103.04596351
 112.964268   122.88257249 132.80087699 142.71918148 152.63748597
 162.55579046 172.47409495 182.39239945 192.31070394 202.22900843
 212.14731292 222.06561741 231.98392191 241.9022264  251.82053089
 261.73883538 271.65713987 281.57544437 291.49374886 301.41205335
 311.33035784 321.24866233 331.16696683 341.08527132 351.00357581
 360.9218803  370.84018479 380.75848929 390.67679378 400.59509827
 410.51340276 420.43170725 430.35001175 440.26831624 450.18662073
 460.10492522 470.02322971 479.94153421 489.8598387  499.77814319
 509.69644768 519.61475217 529.53305666 539.45136116 549.36966565
 559.28797014 569.20627463 579.12457912 589.04288362 598.96118811
 608.8794926  618.79779709 628.71610158 638.63440608 648.55271057
 658.47101506 668.38931955 678.30762404 688.22592854 698.14423303
 708.06253752 717.98084201 727.8991465  737.817451   747.73575549
 757.65405998 767.57236447 777.49066896 787.40897346 797.32727795
 807.24558244 817.16388693 827.08219142 837.00049592 846.91880041
 856.8371049  866.75540939 876.67371388 886.59201837 896.51032287
 906.42862736 916.34693185 926.26523634 936.18354083 946.10184533
 956.02014982 965.93845431 975.8567588  985.77506329 995.69336779]
p_y_fitting=[-2.         -3.08065698 -3.93004524 -4.5678129  -5.01360809 -5.28707896
 -5.40787364 -5.39564025 -5.27002694 -5.05068184 -4.75725308 -4.40938879
 -4.02672476 -3.62865625 -3.23436011 -2.8630052  -2.53376043 -2.26579468
 -2.07827685 -1.99037581 -2.02126047 -2.18965982 -2.487573   -2.86537322
 -3.26983012 -3.64771333 -3.94579249 -4.11083724 -4.10070785 -3.93229632
 -3.6420576  -3.26645931 -2.84196911 -2.40505463 -1.9921835  -1.63982338
 -1.38441821 -1.24821083 -1.21524067 -1.26318849 -1.36973504 -1.51256109
 -1.66935877 -1.82368217 -1.97450049 -2.12328666 -2.2715136  -2.42037081
 -2.56281285 -2.68247549 -2.76415799 -2.80665132 -2.815745   -2.7972805
 -2.75709931 -2.70104289 -2.63495274 -2.56467033 -2.49603713 -2.43489464
 -2.38708433 -2.35844767 -2.35474996 -2.37924486 -2.43216203 -2.5135514
 -2.62346292 -2.7619465  -2.92905208 -3.12482959 -3.34932896 -3.60260011
 -3.88469299 -4.19439067 -4.5255274  -4.87072924 -5.22262218 -5.57383227
 -5.91698319 -6.24180858 -6.52952052 -6.75976821 -6.91220084 -6.96646761
 -6.90256696 -6.71671979 -6.42789309 -6.05675471 -5.6239725  -5.15021432
 -4.65614803 -4.16244148 -3.68976252 -3.25877901 -2.89015881 -2.60456978
 -2.42267975 -2.36515661 -2.45266819 -2.70588235]
a_x_fitting=[ 14.64254953  24.48255161  34.3225537   44.16255579  54.00255788
  63.84255997  73.68256205  83.52256414  93.36256623 103.20256832
 113.04257041 122.88257249 132.72257458 142.56257667 152.40257876
 162.24258085 172.08258294 181.92258502 191.76258711 201.6025892
 211.44259129 221.28259338 231.12259546 240.96259755 250.80259964
 260.64260173 270.48260382 280.3226059  290.16260799 300.00261008
 309.84261217 319.68261426 329.52261634 339.36261843 349.20262052
 359.04262261 368.8826247  378.72262678 388.56262887 398.40263096
 408.24263305 418.08263514 427.92263722 437.76263931 447.6026414
 457.44264349 467.28264558 477.12264767 486.96264975 496.80265184
 506.64265393 516.48265602 526.32265811 536.16266019 546.00266228
 555.84266437 565.68266646 575.52266855 585.36267063 595.20267272
 605.04267481 614.8826769  624.72267899 634.56268107 644.40268316
 654.24268525 664.08268734 673.92268943 683.76269151 693.6026936
 703.44269569 713.28269778 723.12269987 732.96270195 742.80270404
 752.64270613 762.48270822 772.32271031 782.1627124  792.00271448
 801.84271657 811.68271866 821.52272075 831.36272284 841.20272492
 851.04272701 860.8827291  870.72273119 880.56273328 890.40273536
 900.24273745 910.08273954 919.92274163 929.76274372 939.6027458
 949.44274789 959.28274998 969.12275207 978.96275416 988.80275624]
a_y_fitting=[-8.71345029 -8.67251894 -8.33962998 -7.77245349 -7.02865954 -6.16591817
 -5.24189947 -4.3142735  -3.44071031 -2.67887999 -2.08645258 -1.72109816
 -1.6280396  -1.78164226 -2.13123365 -2.62611253 -3.21557771 -3.84892794
 -4.47546203 -5.04447874 -5.50527686 -5.81308745 -5.95860897 -5.94566379
 -5.77809551 -5.45974771 -4.99450088 -4.39682621 -3.70635474 -2.96637234
 -2.22016492 -1.51101835 -0.87965934 -0.34458925  0.0871134   0.40846388
  0.61247745  0.69216938  0.64055492  0.45064935  0.11546794 -0.37197406
 -1.01866139 -1.82693993 -2.75469709 -3.73507439 -4.70094653 -5.58518817
 -6.32067399 -6.84278864 -7.14288679 -7.26733333 -7.26481105 -7.18400277
 -7.0735913  -6.98225945 -6.95564083 -6.97053111 -6.93559873 -6.75756263
 -6.3932996  -5.87350485 -5.23478592 -4.51375031 -3.74700553 -2.9711591
 -2.22281853 -1.53859134 -0.95508224 -0.50046851 -0.17591791  0.02280165
  0.09992226  0.05967601 -0.09370501 -0.35598871 -0.72294299 -1.19033577
 -1.75224094 -2.38573772 -3.05809967 -3.7364819  -4.3880395  -4.97992757
 -5.47930122 -5.8545933  -6.09980788 -6.23256372 -6.27136528 -6.23471702
 -6.14112338 -6.00908882 -5.85711779 -5.70371476 -5.56738416 -5.46663046
 -5.41995811 -5.44587156 -5.56287527 -5.78947368]
d_x_fitting=[ 13.78122308  23.56902357  33.35682405  43.14462454  52.93242503
  62.72022551  72.508026    82.29582648  92.08362697 101.87142745
 111.65922794 121.44702842 131.23482891 141.02262939 150.81042988
 160.59823037 170.38603085 180.17383134 189.96163182 199.74943231
 209.53723279 219.32503328 229.11283376 238.90063425 248.68843473
 258.47623522 268.26403571 278.05183619 287.83963668 297.62743716
 307.41523765 317.20303813 326.99083862 336.7786391  346.56643959
 356.35424008 366.14204056 375.92984105 385.71764153 395.50544202
 405.2932425  415.08104299 424.86884347 434.65664396 444.44444444
 454.23224493 464.02004542 473.8078459  483.59564639 493.38344687
 503.17124736 512.95904784 522.74684833 532.53464881 542.3224493
 552.11024978 561.89805027 571.68585076 581.47365124 591.26145173
 601.04925221 610.8370527  620.62485318 630.41265367 640.20045415
 649.98825464 659.77605512 669.56385561 679.3516561  689.13945658
 698.92725707 708.71505755 718.50285804 728.29065852 738.07845901
 747.86625949 757.65405998 767.44186047 777.22966095 787.01746144
 796.80526192 806.59306241 816.38086289 826.16866338 835.95646386
 845.74426435 855.53206483 865.31986532 875.10766581 884.89546629
 894.68326678 904.47106726 914.25886775 924.04666823 933.83446872
 943.6222692  953.41006969 963.19787017 972.98567066 982.77347115]
d_y_fitting=[1.11111111 1.81428    2.38576564 2.83533937 3.17277252 3.40783642
 3.5503024  3.60994178 3.59652591 3.51982611 3.38961371 3.21566004
 3.00773644 2.77561423 2.52906473 2.2778593  2.03176924 1.8005659
 1.59402061 1.42190469 1.29398947 1.22004629 1.20984648 1.27241002
 1.40352012 1.58764281 1.80887974 2.0513325  2.29910272 2.53629201
 2.747002   2.91835945 3.04988562 3.14427568 3.20422481 3.23242815
 3.23158088 3.20437816 3.15351515 3.08168703 2.99158895 2.88591608
 2.76736358 2.63862662 2.50240034 2.36132846 2.21789641 2.07455932
 1.93377229 1.79799041 1.6696688  1.55126255 1.44522677 1.35401657
 1.28008704 1.2258933  1.19389045 1.18653358 1.20627781 1.25547165
 1.33376576 1.43796836 1.56475221 1.71079003 1.87275456 2.04731854
 2.23115471 2.42093579 2.61333454 2.80502368 2.99267596 3.1729641
 3.34256085 3.49813893 3.6363711  3.75393008 3.84748861 3.91371944
 3.95006497 3.95798126 3.94022845 3.89956731 3.83875867 3.76056331
 3.66774205 3.56305569 3.44926503 3.32913087 3.20541403 3.08087529
 2.95827547 2.84037537 2.72993579 2.62971754 2.54248141 2.47098821
 2.41799875 2.38627383 2.37857425 2.39766082]