
p_x=[35.31438415159346, 105.94315245478036, 164.51335055986218, 276.48578811369504, 336.77863910422053, 463.39362618432386, 535.7450473729543, 606.3738156761412, 726.959517657192, 807.0628768303187, 913.0060292850991, 983.634797588286]
p_y=[1.764705882352942, 5.294117647058823, 1.882352941176471, 5.0588235294117645, 3.0588235294117645, 2.7058823529411766, 4.588235294117648, 4.705882352941177, 4.352941176470589, 1.4117647058823533, 5.764705882352941, 5.0588235294117645]
a_x=[15.503875968992247, 123.1696813092162, 220.49956933677865, 328.16537467700255, 447.8897502153316, 570.198105081826, 741.6020671834625, 843.238587424634, 907.8380706287683, 987.0801033591732]
a_y=[-7.543859649122805, -3.450292397660819, -2.7485380116959064, -1.6959064327485365, -4.152046783625732, -5.087719298245615, -5.321637426900585, -5.321637426900585, -2.6315789473684212, -5.789473684210527]
d_x=[9.474590869939707, 255.8139534883721, 751.937984496124, 990.5254091300602]
d_y=[1.9298245614035086, 2.397660818713451, 2.280701754385966, 2.280701754385966]
p_x_fitting=[ 35.31438415  44.89337823  54.4723723   64.05136638  73.63036045
  83.20935453  92.7883486  102.36734268 111.94633675 121.52533083
 131.1043249  140.68331898 150.26231305 159.84130713 169.4203012
 178.99929528 188.57828935 198.15728343 207.7362775  217.31527158
 226.89426565 236.47325973 246.0522538  255.63124788 265.21024195
 274.78923603 284.3682301  293.94722418 303.52621825 313.10521233
 322.68420641 332.26320048 341.84219456 351.42118863 361.00018271
 370.57917678 380.15817086 389.73716493 399.31615901 408.89515308
 418.47414716 428.05314123 437.63213531 447.21112938 456.79012346
 466.36911753 475.94811161 485.52710568 495.10609976 504.68509383
 514.26408791 523.84308198 533.42207606 543.00107013 552.58006421
 562.15905828 571.73805236 581.31704643 590.89604051 600.47503458
 610.05402866 619.63302273 629.21201681 638.79101088 648.37000496
 657.94899903 667.52799311 677.10698718 686.68598126 696.26497533
 705.84396941 715.42296348 725.00195756 734.58095164 744.15994571
 753.73893979 763.31793386 772.89692794 782.47592201 792.05491609
 801.63391016 811.21290424 820.79189831 830.37089239 839.94988646
 849.52888054 859.10787461 868.68686869 878.26586276 887.84485684
 897.42385091 907.00284499 916.58183906 926.16083314 935.73982721
 945.31882129 954.89781536 964.47680944 974.05580351 983.63479759]
p_y_fitting=[1.76470588 3.49525078 4.73005308 5.52656023 5.94221973 6.03447905
 5.86078566 5.47858705 4.94533068 4.31846403 3.65543459 3.01368982
 2.4506772  2.02384422 1.78857864 1.75551533 1.89194508 2.1633809
 2.53533577 2.9733227  3.44285467 3.90944468 4.33860573 4.69585079
 4.94669288 5.05664497 4.99803749 4.79004126 4.47151017 4.08136606
 3.65853078 3.24192618 2.8694555  2.55846504 2.3072229  2.11327484
 1.97416662 1.88744401 1.85065279 1.8613387  1.91704752 2.01532502
 2.15371695 2.32976909 2.5410272  2.78498725 3.05560386 3.34099827
 3.62874733 3.90642794 4.16161698 4.38189134 4.55482789 4.66983975
 4.73192876 4.75395952 4.74885691 4.72954581 4.70895107 4.69999758
 4.71539803 4.75879151 4.82152897 4.89408767 4.96694489 5.03057789
 5.07546394 5.09208033 5.07090431 5.00241317 4.87708417 4.68539457
 4.41782167 4.06809    3.65426247 3.20544445 2.75079639 2.31947869
 1.94065178 1.64347609 1.45711203 1.41003588 1.5086907  1.73328908
 2.06251193 2.47504018 2.94955477 3.46473663 3.99926668 4.53182584
 5.04109506 5.50575526 5.90448736 6.2159723  6.41889101 6.49192441
 6.41375343 6.16305901 5.71852206 5.05882353]
a_x_fitting=[ 15.50387597  25.31777726  35.13167854  44.94557983  54.75948112
  64.5733824   74.38728369  84.20118498  94.01508626 103.82898755
 113.64288884 123.45679012 133.27069141 143.0845927  152.89849398
 162.71239527 172.52629656 182.34019784 192.15409913 201.96800042
 211.7819017  221.59580299 231.40970428 241.22360556 251.03750685
 260.85140814 270.66530942 280.47921071 290.293112   300.10701329
 309.92091457 319.73481586 329.54871715 339.36261843 349.17651972
 358.99042101 368.80432229 378.61822358 388.43212487 398.24602615
 408.05992744 417.87382873 427.68773001 437.5016313  447.31553259
 457.12943387 466.94333516 476.75723645 486.57113773 496.38503902
 506.19894031 516.01284159 525.82674288 535.64064417 545.45454545
 555.26844674 565.08234803 574.89624931 584.7101506  594.52405189
 604.33795318 614.15185446 623.96575575 633.77965704 643.59355832
 653.40745961 663.2213609  673.03526218 682.84916347 692.66306476
 702.47696604 712.29086733 722.10476862 731.9186699  741.73257119
 751.54647248 761.36037376 771.17427505 780.98817634 790.80207762
 800.61597891 810.4298802  820.24378148 830.05768277 839.87158406
 849.68548534 859.49938663 869.31328792 879.1271892  888.94109049
 898.75499178 908.56889307 918.38279435 928.19669564 938.01059693
 947.82449821 957.6383995  967.45230079 977.26620207 987.08010336]
a_y_fitting=[-7.54385965 -6.85769872 -6.24958918 -5.71442693 -5.24710791 -4.84252802
 -4.49558317 -4.20116929 -3.95418228 -3.74951806 -3.58207255 -3.44674166
 -3.3384213  -3.25200739 -3.18239585 -3.12448258 -3.07316351 -3.02333454
 -2.9698916  -2.9077306  -2.83174745 -2.73684083 -2.62062148 -2.48848796
 -2.3472281  -2.2036297  -2.06448056 -1.93656851 -1.82668134 -1.74160687
 -1.6881329  -1.67304725 -1.7031316  -1.78194018 -1.90451205 -2.06449826
 -2.25554989 -2.471318   -2.70545366 -2.95160795 -3.20343192 -3.45457664
 -3.69869319 -3.92943262 -4.14044602 -4.32649521 -4.48763947 -4.62551559
 -4.74176063 -4.83801161 -4.91590561 -4.97707966 -5.02317082 -5.05581612
 -5.07665264 -5.0873174  -5.08944746 -5.08467553 -5.07452357 -5.06039651
 -5.04369365 -5.0258143  -5.00815777 -4.99212336 -4.97911039 -4.97051816
 -4.96774598 -4.97219316 -4.98525901 -5.00834283 -5.04284393 -5.09016162
 -5.1516952  -5.228844   -5.3230073  -5.43341966 -5.55099521 -5.66464934
 -5.76329742 -5.83585484 -5.87123697 -5.8583592  -5.7861369  -5.64348547
 -5.41932027 -5.10445204 -4.71252334 -4.27229516 -3.81279848 -3.36306427
 -2.95212351 -2.60900718 -2.36274626 -2.24237174 -2.27691459 -2.49540579
 -2.92687632 -3.60035716 -4.54487929 -5.78947368]
d_x_fitting=[  9.47459087  19.38419509  29.29379932  39.20340354  49.11300777
  59.02261199  68.93221622  78.84182044  88.75142467  98.66102889
 108.57063312 118.48023734 128.38984157 138.29944579 148.20905002
 158.11865424 168.02825847 177.93786269 187.84746692 197.75707114
 207.66667537 217.57627959 227.48588382 237.39548804 247.30509227
 257.21469649 267.12430072 277.03390494 286.94350917 296.85311339
 306.76271762 316.67232184 326.58192607 336.49153029 346.40113451
 356.31073874 366.22034296 376.12994719 386.03955141 395.94915564
 405.85875986 415.76836409 425.67796831 435.58757254 445.49717676
 455.40678099 465.31638521 475.22598944 485.13559366 495.04519789
 504.95480211 514.86440634 524.77401056 534.68361479 544.59321901
 554.50282324 564.41242746 574.32203169 584.23163591 594.14124014
 604.05084436 613.96044859 623.87005281 633.77965704 643.68926126
 653.59886549 663.50846971 673.41807393 683.32767816 693.23728238
 703.14688661 713.05649083 722.96609506 732.87569928 742.78530351
 752.69490773 762.60451196 772.51411618 782.42372041 792.33332463
 802.24292886 812.15253308 822.06213731 831.97174153 841.88134576
 851.79094998 861.70055421 871.61015843 881.51976266 891.42936688
 901.33897111 911.24857533 921.15817956 931.06778378 940.97738801
 950.88699223 960.79659646 970.70620068 980.61580491 990.52540913]
d_y_fitting=[1.92982456 1.96097315 1.99094332 2.01975408 2.04742446 2.07397348
 2.09942017 2.12378354 2.14708262 2.16933644 2.19056401 2.21078437
 2.23001652 2.2482795  2.26559232 2.28197402 2.29744361 2.31202012
 2.32572256 2.33856997 2.35058136 2.36177575 2.37217218 2.38178966
 2.39064722 2.39876388 2.40615866 2.41285058 2.41885867 2.42420195
 2.42889944 2.43297017 2.43643316 2.43930742 2.441612   2.4433659
 2.44458815 2.44529777 2.44551379 2.44525523 2.44454111 2.44339045
 2.44182228 2.43985563 2.4375095  2.43480293 2.43175494 2.42838455
 2.42471078 2.42075266 2.41652921 2.41205946 2.40736242 2.40245712
 2.39736257 2.39209782 2.38668187 2.38113375 2.37547248 2.36971709
 2.3638866  2.35800003 2.3520764  2.34613474 2.34019407 2.33427342
 2.32839179 2.32256823 2.31682175 2.31117137 2.30563612 2.30023502
 2.29498709 2.28991136 2.28502684 2.28035257 2.27590756 2.27171083
 2.26778142 2.26413834 2.26080062 2.25778727 2.25511732 2.2528098
 2.25088373 2.24935812 2.24825201 2.24758441 2.24737435 2.24764085
 2.24840294 2.24967963 2.25148995 2.25385293 2.25678758 2.26031292
 2.26444799 2.26921181 2.27462339 2.28070175]