
p_x=[6.890611541774333, 85.27131782945736, 148.14814814814815, 186.90783807062877, 287.6830318690784, 310.07751937984494, 365.2024117140396, 417.7433247200689, 478.8975021533161, 532.2997416020671, 566.7527993109388, 647.7174849267873, 700.2583979328165, 757.1059431524549, 853.5745047372955, 948.3204134366924]
p_y=[0.9411764705882355, 1.1764705882352935, 1.4117647058823533, 4.352941176470589, 6.352941176470589, 2.9411764705882346, 2.9411764705882346, 2.3529411764705888, 2.4705882352941178, 1.764705882352942, 5.764705882352941, 7.176470588235294, 6.0, 2.0, 3.4117647058823533, 2.0]
a_x=[11.19724375538329, 73.21274763135229, 149.00947459086993, 228.25150732127477, 291.98966408268734, 408.2687338501292, 490.0947459086994, 535.7450473729543, 597.7605512489233, 648.578811369509, 701.9810508182601, 732.1274763135228, 763.9965546942291, 795.8656330749354, 865.6330749354005, 947.4590869939708]
a_y=[-7.076023391812864, -5.321637426900585, -3.9181286549707615, -4.502923976608187, -6.491228070175438, -7.309941520467834, -6.842105263157894, -6.959064327485379, -2.0467836257309955, -1.3450292397660828, -2.163742690058479, -1.8128654970760234, -6.140350877192983, -2.8654970760233915, -2.8654970760233915, -6.6081871345029235]
d_x=[6.890611541774333, 78.38070628768304, 168.81998277347117, 217.05426356589146, 278.20844099913865, 445.3057708871662, 552.9715762273901, 663.2213608957795, 797.588285960379, 974.1602067183462]
d_y=[1.3450292397660828, 1.8128654970760234, 1.8128654970760234, 3.450292397660819, 4.736842105263158, 2.8654970760233924, 5.43859649122807, 5.906432748538012, 3.333333333333334, 2.514619883040936]
p_x_fitting=[  6.89061154  16.40000348  25.90939542  35.41878736  44.9281793
  54.43757123  63.94696317  73.45635511  82.96574705  92.47513899
 101.98453093 111.49392286 121.0033148  130.51270674 140.02209868
 149.53149062 159.04088256 168.55027449 178.05966643 187.56905837
 197.07845031 206.58784225 216.09723419 225.60662612 235.11601806
 244.62541    254.13480194 263.64419388 273.15358582 282.66297775
 292.17236969 301.68176163 311.19115357 320.70054551 330.20993745
 339.71932938 349.22872132 358.73811326 368.2475052  377.75689714
 387.26628908 396.77568101 406.28507295 415.79446489 425.30385683
 434.81324877 444.32264071 453.83203264 463.34142458 472.85081652
 482.36020846 491.8696004  501.37899234 510.88838427 520.39777621
 529.90716815 539.41656009 548.92595203 558.43534397 567.9447359
 577.45412784 586.96351978 596.47291172 605.98230366 615.4916956
 625.00108753 634.51047947 644.01987141 653.52926335 663.03865529
 672.54804723 682.05743916 691.5668311  701.07622304 710.58561498
 720.09500692 729.60439886 739.11379079 748.62318273 758.13257467
 767.64196661 777.15135855 786.66075049 796.17014242 805.67953436
 815.1889263  824.69831824 834.20771018 843.71710212 853.22649405
 862.73588599 872.24527793 881.75466987 891.26406181 900.77345375
 910.28284568 919.79223762 929.30162956 938.8110215  948.32041344]
p_y_fitting=[0.94117647 1.39033399 1.67057845 1.80726601 1.82575283 1.75139507
 1.6095489  1.42557049 1.22481598 1.03264156 0.87440337 0.77545759
 0.76116037 0.85686789 1.0879363  1.4796895  2.04182958 2.74337335
 3.54679832 4.41458154 5.30756274 6.18126004 6.99011229 7.68855832
 8.231037   8.57198715 8.66584764 8.4670573  7.93005498 7.00927952
 5.66842954 4.11491428 2.81808892 2.11198228 1.9114921  2.05797925
 2.39280464 2.75732915 2.99415343 3.02780124 2.91431222 2.72158635
 2.51752365 2.37002411 2.33696189 2.40092721 2.5102977  2.61327929
 2.6580779  2.59289945 2.36739516 2.00142147 1.61509181 1.33621545
 1.29260169 1.61205982 2.39703665 3.52804864 4.77083824 5.89027626
 6.71744691 7.26618445 7.58158476 7.70874372 7.69275722 7.57872113
 7.41173135 7.23688373 7.09592534 6.98264455 6.85498062 6.67001039
 6.38481068 5.95646953 5.36461266 4.65864172 3.90142058 3.15581312
 2.4846832  1.95087693 1.59808545 1.41439212 1.37784631 1.46649743
 1.65839487 1.93158801 2.26412625 2.63405898 3.01943558 3.39830546
 3.74871799 4.04872257 4.2763686  4.40970546 4.42678255 4.30564924
 4.02435495 3.56094905 2.89348093 2.        ]
a_x_fitting=[ 11.19724376  20.65443409  30.11162443  39.56881476  49.0260051
  58.48319543  67.94038577  77.39757611  86.85476644  96.31195678
 105.76914711 115.22633745 124.68352778 134.14071812 143.59790846
 153.05509879 162.51228913 171.96947946 181.4266698  190.88386013
 200.34105047 209.79824081 219.25543114 228.71262148 238.16981181
 247.62700215 257.08419248 266.54138282 275.99857316 285.45576349
 294.91295383 304.37014416 313.8273345  323.28452483 332.74171517
 342.19890551 351.65609584 361.11328618 370.57047651 380.02766685
 389.48485719 398.94204752 408.39923786 417.85642819 427.31361853
 436.77080886 446.2279992  455.68518954 465.14237987 474.59957021
 484.05676054 493.51395088 502.97114121 512.42833155 521.88552189
 531.34271222 540.79990256 550.25709289 559.71428323 569.17147356
 578.6286639  588.08585424 597.54304457 607.00023491 616.45742524
 625.91461558 635.37180591 644.82899625 654.28618659 663.74337692
 673.20056726 682.65775759 692.11494793 701.57213826 711.0293286
 720.48651894 729.94370927 739.40089961 748.85808994 758.31528028
 767.77247061 777.22966095 786.68685129 796.14404162 805.60123196
 815.05842229 824.51561263 833.97280297 843.4299933  852.88718364
 862.34437397 871.80156431 881.25875464 890.71594498 900.17313532
 909.63032565 919.08751599 928.54470632 938.00189666 947.45908699]
a_y_fitting=[-7.07602339 -6.80324026 -6.52871861 -6.25484514 -5.98400651 -5.71858941
 -5.46098051 -5.2135665  -4.97873406 -4.75886986 -4.55636058 -4.37359291
 -4.21295351 -4.07682908 -3.96760628 -3.88766207 -3.83905026 -3.82343447
 -3.842455   -3.89775216 -3.99096626 -4.1237376  -4.29770648 -4.51451295
 -4.77316661 -5.06358375 -5.37371705 -5.6915192  -6.00494291 -6.30194086
 -6.57053102 -6.80342874 -7.00111871 -7.16481452 -7.29572975 -7.39507799
 -7.46407281 -7.50392779 -7.51585653 -7.5010726  -7.46078958 -7.39622105
 -7.30858061 -7.20080622 -7.08245378 -6.96466654 -6.85858776 -6.7753607
 -6.72612862 -6.72203478 -6.77422243 -6.89316895 -7.05645097 -7.19433741
 -7.23343021 -7.10033131 -6.7254072  -6.1130447  -5.33527824 -4.46662901
 -3.58161824 -2.75476713 -2.06059688 -1.55901973 -1.24733645 -1.1060775
 -1.11577316 -1.25695371 -1.50815501 -1.81847997 -2.11458144 -2.32254665
 -2.36846282 -2.17841717 -1.75264017 -1.42905903 -1.6416929  -2.73635788
 -4.33812485 -5.71998216 -6.16609225 -5.49011765 -4.19489373 -2.82944626
 -1.8334611  -1.24619939 -1.01528201 -1.08832983 -1.41296372 -1.93680456
 -2.60747321 -3.37259056 -4.17977748 -4.97665483 -5.7108435  -6.32996436
 -6.78163827 -7.01348613 -6.97312879 -6.60818713]
d_x_fitting=[  6.89061154  16.66101149  26.43141144  36.2018114   45.97221135
  55.7426113   65.51301125  75.2834112   85.05381115  94.8242111
 104.59461105 114.36501101 124.13541096 133.90581091 143.67621086
 153.44661081 163.21701076 172.98741071 182.75781066 192.52821062
 202.29861057 212.06901052 221.83941047 231.60981042 241.38021037
 251.15061032 260.92101028 270.69141023 280.46181018 290.23221013
 300.00261008 309.77301003 319.54340998 329.31380993 339.08420989
 348.85460984 358.62500979 368.39540974 378.16580969 387.93620964
 397.70660959 407.47700954 417.2474095  427.01780945 436.7882094
 446.55860935 456.3290093  466.09940925 475.8698092  485.64020915
 495.41060911 505.18100906 514.95140901 524.72180896 534.49220891
 544.26260886 554.03300881 563.80340876 573.57380872 583.34420867
 593.11460862 602.88500857 612.65540852 622.42580847 632.19620842
 641.96660837 651.73700833 661.50740828 671.27780823 681.04820818
 690.81860813 700.58900808 710.35940803 720.12980799 729.90020794
 739.67060789 749.44100784 759.21140779 768.98180774 778.75220769
 788.52260764 798.2930076  808.06340755 817.8338075  827.60420745
 837.3746074  847.14500735 856.9154073  866.68580725 876.45620721
 886.22660716 895.99700711 905.76740706 915.53780701 925.30820696
 935.07860691 944.84900686 954.61940682 964.38980677 974.16020672]
d_y_fitting=[1.34502924 1.60218637 1.77991781 1.88852154 1.93829556 1.93953786
 1.90254642 1.83761924 1.75505432 1.66514964 1.57820319 1.50451296
 1.45437696 1.43809316 1.46595955 1.54827414 1.69533491 1.91700185
 2.20850158 2.54733091 2.90992217 3.27270772 3.61251027 3.91557777
 4.17783861 4.39566261 4.56541956 4.68347928 4.74623325 4.75328169
 4.71079838 4.62576238 4.50515274 4.35594851 4.18512874 3.99967248
 3.80655879 3.61276672 3.42527531 3.25106362 3.0971107  2.9703956
 2.87789737 2.82659507 2.82346775 2.8754889  2.98587948 3.14758939
 3.35182711 3.58980112 3.8527199  4.13179192 4.41822567 4.70322962
 4.97801226 5.23378207 5.46174967 5.65540783 5.81486128 5.9414054
 6.03633554 6.10094707 6.13653534 6.14439572 6.12582358 6.08211426
 6.01456315 5.92446558 5.81318002 5.68249597 5.53438323 5.37081222
 5.19375334 5.00517699 4.8070536  4.60135356 4.39004728 4.17510518
 3.95849765 3.74219511 3.52816797 3.31838663 3.1148215  2.91944298
 2.7342215  2.56112745 2.40213124 2.25920329 2.13431399 2.02943376
 1.946533   1.88758213 1.85455155 1.84941167 1.87413289 1.93068563
 2.02104029 2.14716728 2.31103701 2.51461988]