
p_x=[28.42377260981912, 88.71662360034453, 161.06804478897502, 267.01119724375536, 343.66925064599485, 438.4151593453919, 534.8837209302325, 632.213608957795, 736.4341085271318, 852.7131782945736, 993.1093884582257]
p_y=[-2.0, -3.529411764705884, -3.2941176470588225, -3.4117647058823515, -2.9411764705882355, -1.5294117647058805, -2.7058823529411757, -2.117647058823529, -1.647058823529413, -1.647058823529413, 1.4117647058823533]
a_x=[18.08785529715762, 73.21274763135229, 140.39621016365203, 276.48578811369504, 349.69853574504737, 429.801894918174, 497.8466838931955, 616.7097329888027, 718.3462532299742, 779.5004306632214, 873.3850129198967, 948.3204134366924, 989.6640826873385]
a_y=[-8.128654970760234, -5.6725146198830405, -4.502923976608187, -4.970760233918128, -5.204678362573098, -3.8011695906432745, -5.438596491228068, -6.023391812865498, -5.789473684210527, -5.906432748538011, -5.906432748538011, -6.257309941520468, -2.0467836257309955]
d_x=[14.642549526270457, 76.65805340223946, 152.45478036175712, 294.57364341085275, 372.95434969853574, 450.473729543497, 560.7235142118863, 809.6468561584841, 997.4160206718346]
d_y=[-2.8654970760233915, -2.9824561403508767, -4.152046783625732, -1.8128654970760234, -1.3450292397660828, -0.7602339181286553, -0.8771929824561404, -0.9941520467836256, -0.7602339181286553]
p_x_fitting=[ 28.42377261  38.16807176  47.91237091  57.65667006  67.40096921
  77.14526836  86.88956751  96.63386666 106.37816581 116.12246496
 125.86676411 135.61106326 145.35536241 155.09966156 164.84396071
 174.58825986 184.33255901 194.07685816 203.82115731 213.56545646
 223.30975561 233.05405476 242.79835391 252.54265306 262.28695221
 272.03125136 281.77555051 291.51984966 301.26414881 311.00844796
 320.75274711 330.49704626 340.24134541 349.98564456 359.72994371
 369.47424286 379.21854201 388.96284116 398.70714031 408.45143946
 418.19573861 427.94003776 437.68433691 447.42863606 457.17293521
 466.91723436 476.66153351 486.40583266 496.15013181 505.89443096
 515.63873011 525.38302926 535.12732841 544.87162756 554.61592671
 564.36022586 574.10452501 583.84882416 593.59312331 603.33742246
 613.08172161 622.82602076 632.57031991 642.31461906 652.05891821
 661.80321736 671.54751651 681.29181566 691.03611481 700.78041396
 710.52471311 720.26901226 730.01331141 739.75761056 749.50190971
 759.24620886 768.99050801 778.73480716 788.47910631 798.22340546
 807.96770461 817.71200376 827.45630291 837.20060206 846.94490121
 856.68920036 866.43349951 876.17779866 885.92209781 895.66639696
 905.41069611 915.15499526 924.89929441 934.64359356 944.38789271
 954.13219186 963.87649101 973.62079016 983.36508931 993.10938846]
p_y_fitting=[-2.         -2.44710836 -2.80514622 -3.08270256 -3.28836636 -3.43072659
 -3.51837225 -3.55989231 -3.56387575 -3.53891156 -3.4935887  -3.43649618
 -3.37622296 -3.32135803 -3.28038012 -3.25714788 -3.24931739 -3.25410935
 -3.26874446 -3.29044344 -3.31642697 -3.34391578 -3.37013056 -3.39229201
 -3.40762085 -3.41335093 -3.4069984  -3.38635068 -3.34920617 -3.29336327
 -3.2166204  -3.11677594 -2.99162831 -2.839481   -2.66492059 -2.47679153
 -2.28401901 -2.09552822 -1.92024434 -1.76709255 -1.64499805 -1.56288602
 -1.52968164 -1.55176536 -1.62276088 -1.732303   -1.87002518 -2.02556086
 -2.18854347 -2.34860647 -2.49538329 -2.61850738 -2.70761223 -2.75518199
 -2.76428015 -2.7404239  -2.68913038 -2.61591676 -2.5263002  -2.42579787
 -2.31992692 -2.21420453 -2.1141478  -2.02418229 -1.94482083 -1.87569986
 -1.81645582 -1.76672515 -1.7261443  -1.69434972 -1.67097784 -1.65566512
 -1.64804799 -1.64775328 -1.65386109 -1.66462145 -1.67821499 -1.69282231
 -1.70662404 -1.71780077 -1.72453314 -1.72500176 -1.71738723 -1.69987018
 -1.67063121 -1.62785095 -1.56971    -1.49438899 -1.40006853 -1.28492922
 -1.1471517  -0.98491656 -0.79640443 -0.57979592 -0.33327164 -0.05501222
  0.25680175  0.60398963  0.98837082  1.41176471]
a_x_fitting=[ 18.0878553   27.90175658  37.71565787  47.52955916  57.34346044
  67.15736173  76.97126302  86.7851643   96.59906559 106.41296688
 116.22686816 126.04076945 135.85467074 145.66857203 155.48247331
 165.2963746  175.11027589 184.92417717 194.73807846 204.55197975
 214.36588103 224.17978232 233.99368361 243.80758489 253.62148618
 263.43538747 273.24928875 283.06319004 292.87709133 302.69099261
 312.5048939  322.31879519 332.13269647 341.94659776 351.76049905
 361.57440033 371.38830162 381.20220291 391.01610419 400.83000548
 410.64390677 420.45780805 430.27170934 440.08561063 449.89951192
 459.7134132  469.52731449 479.34121578 489.15511706 498.96901835
 508.78291964 518.59682092 528.41072221 538.2246235  548.03852478
 557.85242607 567.66632736 577.48022864 587.29412993 597.10803122
 606.9219325  616.73583379 626.54973508 636.36363636 646.17753765
 655.99143894 665.80534022 675.61924151 685.4331428  695.24704408
 705.06094537 714.87484666 724.68874794 734.50264923 744.31655052
 754.1304518  763.94435309 773.75825438 783.57215567 793.38605695
 803.19995824 813.01385953 822.82776081 832.6416621  842.45556339
 852.26946467 862.08336596 871.89726725 881.71116853 891.52506982
 901.33897111 911.15287239 920.96677368 930.78067497 940.59457625
 950.40847754 960.22237883 970.03628011 979.8501814  989.66408269]
a_y_fitting=[-8.12865497 -7.56236865 -7.05611512 -6.60645695 -6.20995671 -5.863177
 -5.56268038 -5.30502944 -5.08678674 -4.90451487 -4.75477641 -4.63413393
 -4.53915001 -4.4664471  -4.41381077 -4.38008201 -4.36414011 -4.36486431
 -4.38113388 -4.41182808 -4.45582618 -4.51200744 -4.57925112 -4.65643648
 -4.7424428  -4.83614933 -4.93643533 -5.04173557 -5.14538337 -5.23745184
 -5.30796116 -5.34693148 -5.34438296 -5.29033576 -5.17485971 -4.9973144
 -4.77720843 -4.53668932 -4.2979046  -4.08300178 -3.91412839 -3.81343197
 -3.8030592  -3.89643987 -4.07679017 -4.32078462 -4.60509772 -4.90640399
 -5.20137795 -5.466701   -5.68539127 -5.85852287 -5.99036468 -6.08518558
 -6.14725444 -6.18084014 -6.19021156 -6.17963756 -6.15338703 -6.11572885
 -6.07093188 -6.023265   -5.97644825 -5.93202372 -5.89099333 -5.85435904
 -5.82312276 -5.79828645 -5.78085203 -5.77182144 -5.77219661 -5.78297949
 -5.80486066 -5.8346298  -5.86641942 -5.89431096 -5.91238588 -5.91472562
 -5.89559236 -5.85569342 -5.80378716 -5.74913886 -5.7010138  -5.66867726
 -5.66139453 -5.68843088 -5.7590516  -5.88252196 -6.06340341 -6.27642805
 -6.48467163 -6.65118303 -6.73901115 -6.71120489 -6.53081316 -6.16088483
 -5.56446882 -4.70461402 -3.54436932 -2.04678363]
d_x_fitting=[ 14.64254953  24.56955429  34.49655904  44.4235638   54.35056856
  64.27757332  74.20457808  84.13158284  94.0585876  103.98559236
 113.91259712 123.83960188 133.76660663 143.69361139 153.62061615
 163.54762091 173.47462567 183.40163043 193.32863519 203.25563995
 213.18264471 223.10964947 233.03665423 242.96365898 252.89066374
 262.8176685  272.74467326 282.67167802 292.59868278 302.52568754
 312.4526923  322.37969706 332.30670182 342.23370657 352.16071133
 362.08771609 372.01472085 381.94172561 391.86873037 401.79573513
 411.72273989 421.64974465 431.57674941 441.50375417 451.43075892
 461.35776368 471.28476844 481.2117732  491.13877796 501.06578272
 510.99278748 520.91979224 530.846797   540.77380176 550.70080651
 560.62781127 570.55481603 580.48182079 590.40882555 600.33583031
 610.26283507 620.18983983 630.11684459 640.04384935 649.97085411
 659.89785886 669.82486362 679.75186838 689.67887314 699.6058779
 709.53288266 719.45988742 729.38689218 739.31389694 749.2409017
 759.16790645 769.09491121 779.02191597 788.94892073 798.87592549
 808.80293025 818.72993501 828.65693977 838.58394453 848.51094929
 858.43795405 868.3649588  878.29196356 888.21896832 898.14597308
 908.07297784 917.9999826  927.92698736 937.85399212 947.78099688
 957.70800164 967.63500639 977.56201115 987.48901591 997.41602067]
d_y_fitting=[-2.86549708 -2.70984845 -2.63618824 -2.63354995 -2.69096709 -2.79747315
 -2.94210163 -3.11388603 -3.30185985 -3.49505659 -3.68250974 -3.85325282
 -3.99631931 -4.10074272 -4.15556131 -4.15389412 -4.10038446 -4.00169547
 -3.86449031 -3.69543215 -3.50118413 -3.28840943 -3.0637712  -2.83393259
 -2.60555677 -2.38530689 -2.17984611 -1.9958376  -1.83994451 -1.71768841
 -1.62618225 -1.55878131 -1.50882339 -1.46964627 -1.43458776 -1.39698563
 -1.3501777  -1.28886959 -1.21504577 -1.13310226 -1.04743664 -0.96244652
 -0.88252947 -0.8120831  -0.75550406 -0.715814   -0.69190572 -0.68190025
 -0.68391862 -0.69608185 -0.71651097 -0.74332701 -0.774651   -0.80860396
 -0.84330693 -0.87688093 -0.90776701 -0.9357239  -0.96084941 -0.98324135
 -1.00299752 -1.02021574 -1.03499381 -1.04742955 -1.05762075 -1.06566523
 -1.07166081 -1.07570528 -1.07789646 -1.07833215 -1.07711016 -1.07432831
 -1.0700844  -1.06447624 -1.05760164 -1.0495584  -1.04044435 -1.03035727
 -1.01939499 -1.00765532 -0.99523606 -0.98223501 -0.96875    -0.95487882
 -0.94071929 -0.92636922 -0.91192641 -0.89748867 -0.88315381 -0.86901965
 -0.85518398 -0.84174463 -0.82879939 -0.81644607 -0.80478249 -0.79390646
 -0.78391577 -0.77490825 -0.76698169 -0.76023392]