
p_x=[27.56244616709733, 100.7751937984496, 217.91559000861326, 305.77088716623604, 387.59689922480624, 472.0068906115418, 539.1903531438415, 608.9577950043066, 675.2799310938847, 770.8871662360034, 871.6623600344531, 993.1093884582257]
p_y=[-0.9411764705882355, -2.8235294117647065, -3.4117647058823515, 2.9411764705882346, 4.23529411764706, 1.1764705882352935, 1.1764705882352935, 0.7058823529411757, 5.0588235294117645, 4.352941176470589, 3.0588235294117645, 4.823529411764706]
a_x=[10.335917312661499, 45.65030146425495, 127.47631352282515, 260.98191214470285, 351.4211886304909, 403.1007751937984, 526.2704565030147, 634.7975882859604, 755.3832902670113, 858.7424633936262, 914.7286821705426, 987.0801033591732]
a_y=[-7.192982456140349, -3.450292397660819, -4.7368421052631575, -3.333333333333332, -1.1111111111111107, -0.9941520467836256, -5.321637426900585, -6.023391812865498, -3.333333333333332, -6.140350877192983, -2.397660818713449, -2.280701754385966]
d_x=[2.5839793281653747, 151.5934539190353, 303.1869078380706, 415.1593453919035, 636.5202411714039, 761.4125753660637, 839.7932816537468, 930.2325581395348, 987.941429801895]
d_y=[2.0467836257309946, 1.3450292397660828, 3.8011695906432754, 1.8128654970760234, 1.3450292397660828, 5.43859649122807, 1.9298245614035086, 3.2163742690058488, 3.5672514619883042]
p_x_fitting=[ 27.56244617  37.31544558  47.068445    56.82144442  66.57444384
  76.32744325  86.08044267  95.83344209 105.5864415  115.33944092
 125.09244034 134.84543976 144.59843917 154.35143859 164.10443801
 173.85743742 183.61043684 193.36343626 203.11643567 212.86943509
 222.62243451 232.37543393 242.12843334 251.88143276 261.63443218
 271.38743159 281.14043101 290.89343043 300.64642985 310.39942926
 320.15242868 329.9054281  339.65842751 349.41142693 359.16442635
 368.91742576 378.67042518 388.4234246  398.17642402 407.92942343
 417.68242285 427.43542227 437.18842168 446.9414211  456.69442052
 466.44741994 476.20041935 485.95341877 495.70641819 505.4594176
 515.21241702 524.96541644 534.71841586 544.47141527 554.22441469
 563.97741411 573.73041352 583.48341294 593.23641236 602.98941177
 612.74241119 622.49541061 632.24841003 642.00140944 651.75440886
 661.50740828 671.26040769 681.01340711 690.76640653 700.51940595
 710.27240536 720.02540478 729.7784042  739.53140361 749.28440303
 759.03740245 768.79040187 778.54340128 788.2964007  798.04940012
 807.80239953 817.55539895 827.30839837 837.06139778 846.8143972
 856.56739662 866.32039604 876.07339545 885.82639487 895.57939429
 905.3323937  915.08539312 924.83839254 934.59139196 944.34439137
 954.09739079 963.85039021 973.60338962 983.35638904 993.10938846]
p_y_fitting=[-0.94117647 -1.05245085 -1.22549734 -1.45002015 -1.71572347 -2.01231147
 -2.32948836 -2.65695831 -2.98442553 -3.3015942  -3.59816851 -3.86385265
 -4.08835081 -4.26136718 -4.37260595 -4.41177131 -4.36856745 -4.23269855
 -3.99386882 -3.64178243 -3.16682498 -2.57641275 -1.89578338 -1.15101417
 -0.36818242  0.42663456  1.20735948  1.94791504  2.62222394  3.20470173
  3.68257649  4.05676762  4.32886336  4.50045193  4.57312156  4.54846047
  4.42805691  4.21350137  3.91116612  3.54228232  3.13095892  2.70130486
  2.27742909  1.88344055  1.54344818  1.28156094  1.12115495  1.06158205
  1.07334715  1.12524771  1.18608118  1.22464502  1.20973667  1.11216563
  0.94111282  0.74019331  0.55424384  0.42810116  0.40660202  0.53458317
  0.85586491  1.37181289  2.02687855  2.76152688  3.51622285  4.23143145
  4.84761767  5.30800015  5.59904728  5.74160004  5.75744822  5.66838163
  5.49619006  5.26266331  4.98959117  4.69876344  4.41196992  4.14919188
  3.91638208  3.71293672  3.53821488  3.39157562  3.27237802  3.17998113
  3.11374404  3.07302581  3.05718551  3.06558221  3.09757497  3.15252287
  3.22978497  3.32872035  3.44868806  3.58904719  3.74915679  3.92837595
  4.12606372  4.34157917  4.57428138  4.82352941]
a_x_fitting=[ 10.33591731  20.2020202   30.06812309  39.93422598  49.80032887
  59.66643176  69.53253465  79.39863754  89.26474043  99.13084332
 108.99694621 118.8630491  128.72915198 138.59525487 148.46135776
 158.32746065 168.19356354 178.05966643 187.92576932 197.79187221
 207.6579751  217.52407799 227.39018088 237.25628377 247.12238666
 256.98848955 266.85459244 276.72069533 286.58679821 296.4529011
 306.31900399 316.18510688 326.05120977 335.91731266 345.78341555
 355.64951844 365.51562133 375.38172422 385.24782711 395.11393
 404.98003289 414.84613578 424.71223867 434.57834156 444.44444444
 454.31054733 464.17665022 474.04275311 483.908856   493.77495889
 503.64106178 513.50716467 523.37326756 533.23937045 543.10547334
 552.97157623 562.83767912 572.70378201 582.5698849  592.43598778
 602.30209067 612.16819356 622.03429645 631.90039934 641.76650223
 651.63260512 661.49870801 671.3648109  681.23091379 691.09701668
 700.96311957 710.82922246 720.69532535 730.56142824 740.42753113
 750.29363401 760.1597369  770.02583979 779.89194268 789.75804557
 799.62414846 809.49025135 819.35635424 829.22245713 839.08856002
 848.95466291 858.8207658  868.68686869 878.55297158 888.41907447
 898.28517735 908.15128024 918.01738313 927.88348602 937.74958891
 947.6156918  957.48179469 967.34789758 977.21400047 987.08010336]
a_y_fitting=[-7.19298246 -5.68520458 -4.55844035 -3.7696263  -3.27569896 -3.03359488
 -3.00025058 -3.13260261 -3.38758749 -3.72214177 -4.09320197 -4.45770465
 -4.77260324 -5.00661429 -5.16076667 -5.24158879 -5.25560908 -5.20935594
 -5.1093578  -4.96214306 -4.77424014 -4.55217745 -4.30248341 -4.03168643
 -3.74631494 -3.45289733 -3.15785245 -2.865928   -2.58056909 -2.30518634
 -2.04319039 -1.79799186 -1.5730014  -1.37162964 -1.1972872  -1.05343919
 -0.9453503  -0.88045398 -0.86631279 -0.91048932 -1.02052703 -1.199381
 -1.43949142 -1.73183173 -2.06737536 -2.43709574 -2.83196631 -3.24296049
 -3.66105173 -4.07721345 -4.48241909 -4.86764207 -5.22385584 -5.54244875
 -5.81899906 -6.05151475 -6.23803367 -6.37659363 -6.46523245 -6.50198795
 -6.48489796 -6.41200031 -6.2813328  -6.09093328 -5.83989744 -5.53800321
 -5.20122327 -4.84560631 -4.48720103 -4.14205614 -3.82622034 -3.55574231
 -3.34667076 -3.2150544  -3.1769419  -3.24838199 -3.4444666  -3.75655137
 -4.15125201 -4.59402668 -5.05033353 -5.48563071 -5.86537637 -6.15502866
 -6.32004574 -6.32588575 -6.13800686 -5.73672225 -5.16036728 -4.46144154
 -3.69244461 -2.9058761  -2.15423559 -1.49002267 -0.96573693 -0.63387798
 -0.54694539 -0.75743876 -1.31785769 -2.28070175]
d_x_fitting=[  2.58397933  12.53708489  22.49019045  32.44329601  42.39640157
  52.34950713  62.30261269  72.25571825  82.20882381  92.16192937
 102.11503493 112.06814049 122.02124605 131.97435161 141.92745717
 151.88056273 161.83366829 171.78677385 181.73987941 191.69298497
 201.64609053 211.5991961  221.55230166 231.50540722 241.45851278
 251.41161834 261.3647239  271.31782946 281.27093502 291.22404058
 301.17714614 311.1302517  321.08335726 331.03646282 340.98956838
 350.94267394 360.8957795  370.84888506 380.80199062 390.75509618
 400.70820174 410.6613073  420.61441286 430.56751842 440.52062398
 450.47372954 460.4268351  470.37994066 480.33304622 490.28615178
 500.23925735 510.19236291 520.14546847 530.09857403 540.05167959
 550.00478515 559.95789071 569.91099627 579.86410183 589.81720739
 599.77031295 609.72341851 619.67652407 629.62962963 639.58273519
 649.53584075 659.48894631 669.44205187 679.39515743 689.34826299
 699.30136855 709.25447411 719.20757967 729.16068523 739.11379079
 749.06689635 759.02000191 768.97310747 778.92621303 788.8793186
 798.83242416 808.78552972 818.73863528 828.69174084 838.6448464
 848.59795196 858.55105752 868.50416308 878.45726864 888.4103742
 898.36347976 908.31658532 918.26969088 928.22279644 938.175902
 948.12900756 958.08211312 968.03521868 977.98832424 987.9414298 ]
d_y_fitting=[ 2.04678363e+00  1.64990275e+00  1.31925963e+00  1.05112288e+00
  8.41761091e-01  6.87442874e-01  5.84436828e-01  5.29011559e-01
  5.17435668e-01  5.45977759e-01  6.10906435e-01  7.08490299e-01
  8.34997954e-01  9.86698004e-01  1.15985905e+00  1.35074970e+00
  1.55563855e+00  1.77079421e+00  1.99248528e+00  2.21698036e+00
  2.44054805e+00  2.65945697e+00  2.86997571e+00  3.06837287e+00
  3.25091707e+00  3.41387689e+00  3.55352095e+00  3.66611785e+00
  3.74793619e+00  3.79524457e+00  3.80431160e+00  3.77205715e+00
  3.70024418e+00  3.59281809e+00  3.45373481e+00  3.28695027e+00
  3.09642042e+00  2.88610119e+00  2.65994852e+00  2.42191834e+00
  2.17596659e+00  1.92604922e+00  1.67608328e+00  1.42926562e+00
  1.18815776e+00  9.55299431e-01  7.33230378e-01  5.24490339e-01
  3.31619054e-01  1.57156263e-01  3.64170573e-03 -1.26384879e-01
 -2.30383752e-01 -3.05815174e-01 -3.50139404e-01 -3.60816704e-01
 -3.35307334e-01 -2.71071554e-01 -1.65569625e-01 -1.62618078e-02
  1.79391638e-01  4.23930450e-01  7.19894370e-01  1.06982314e+00
  1.47615965e+00  1.93429996e+00  2.42794030e+00  2.93967378e+00
  3.45209354e+00  3.94779268e+00  4.40936434e+00  4.81940163e+00
  5.16049768e+00  5.41524560e+00  5.56623853e+00  5.59606957e+00
  5.48733185e+00  5.22676591e+00  4.83607507e+00  4.35449472e+00
  3.82139169e+00  3.27613279e+00  2.75808486e+00  2.30661472e+00
  1.96108920e+00  1.75401210e+00  1.67897722e+00  1.71588220e+00
  1.84460946e+00  2.04504143e+00  2.29706050e+00  2.58054912e+00
  2.87538969e+00  3.16146463e+00  3.41865636e+00  3.62684729e+00
  3.76591985e+00  3.81575646e+00  3.75623952e+00  3.56725146e+00]