
p_x=[15.503875968992247, 76.65805340223946, 157.62273901808786, 215.3316106804479, 310.93884582256675, 374.67700258397934, 433.2472006890611, 490.9560723514212, 535.7450473729543, 645.9948320413437, 751.937984496124, 863.910422049957, 987.941429801895]
p_y=[-1.5294117647058805, -4.588235294117647, -5.2941176470588225, -6.470588235294116, -6.117647058823529, 4.470588235294118, 4.470588235294118, 5.0588235294117645, -3.1764705882352935, -2.2352941176470598, -2.7058823529411757, 5.0588235294117645, 6.8235294117647065]
a_x=[12.919896640826872, 86.13264427217916, 201.5503875968992, 279.06976744186045, 360.89577950043065, 500.4306632213609, 595.176571920758, 714.0396210163652, 782.9457364341084, 894.9181739879414, 989.6640826873385]
a_y=[-3.6842105263157894, -4.152046783625732, -1.6959064327485365, -2.514619883040936, 0.058479532163742576, 0.1754385964912295, -4.502923976608187, -5.789473684210527, -5.906432748538011, 0.6432748538011701, -0.1754385964912295]
d_x=[16.36520241171404, 192.0757967269595, 380.70628768303186, 536.6063738156761, 627.9069767441861, 708.0103359173127, 805.3402239448751, 997.4160206718346]
d_y=[-3.2163742690058488, -1.9298245614035086, 2.8654970760233924, 3.5672514619883042, 3.333333333333334, 2.0467836257309946, 2.397660818713451, 7.543859649122807]
p_x_fitting=[ 15.50387597  25.32647752  35.14907908  44.97168063  54.79428218
  64.61688374  74.43948529  84.26208685  94.0846884  103.90728995
 113.72989151 123.55249306 133.37509462 143.19769617 153.02029772
 162.84289928 172.66550083 182.48810238 192.31070394 202.13330549
 211.95590705 221.7785086  231.60111015 241.42371171 251.24631326
 261.06891482 270.89151637 280.71411792 290.53671948 300.35932103
 310.18192259 320.00452414 329.82712569 339.64972725 349.4723288
 359.29493035 369.11753191 378.94013346 388.76273502 398.58533657
 408.40793812 418.23053968 428.05314123 437.87574279 447.69834434
 457.52094589 467.34354745 477.166149   486.98875055 496.81135211
 506.63395366 516.45655522 526.27915677 536.10175832 545.92435988
 555.74696143 565.56956299 575.39216454 585.21476609 595.03736765
 604.8599692  614.68257075 624.50517231 634.32777386 644.15037542
 653.97297697 663.79557852 673.61818008 683.44078163 693.26338319
 703.08598474 712.90858629 722.73118785 732.5537894  742.37639096
 752.19899251 762.02159406 771.84419562 781.66679717 791.48939872
 801.31200028 811.13460183 820.95720339 830.77980494 840.60240649
 850.42500805 860.2476096  870.07021116 879.89281271 889.71541426
 899.53801582 909.36061737 919.18321892 929.00582048 938.82842203
 948.65102359 958.47362514 968.29622669 978.11882825 987.9414298 ]
p_y_fitting=[-1.52941176 -2.29237525 -2.93634783 -3.47199637 -3.9099877  -4.26098867
 -4.53566615 -4.74468697 -4.89871799 -5.00842605 -5.08447801 -5.13754072
 -5.17828102 -5.21736576 -5.26546179 -5.3332353  -5.43133911 -5.57041375
 -5.76109928 -6.01403577 -6.3398633  -6.74616677 -7.2036493  -7.65855431
 -8.05668664 -8.34385113 -8.46585259 -8.36849587 -7.99758579 -7.29892718
 -6.21832487 -4.72960157 -2.94791129 -1.03287079  0.85588689  2.5587287
  3.91602159  4.77250512  5.11315051  5.0895387   4.86294798  4.59465666
  4.44594304  4.57190433  4.96424023  5.43850688  5.80152562  5.86011778
  5.42110472  4.30825105  2.60279796  0.58623493 -1.45467814 -3.23318414
 -4.52779349 -5.35117605 -5.76849463 -5.84491205 -5.64559112 -5.23569465
 -4.68038544 -4.04482632 -3.39418009 -2.79360957 -2.30827756 -1.99465212
 -1.84740492 -1.83444569 -1.92357676 -2.08260041 -2.27931896 -2.48153472
 -2.65704997 -2.77366705 -2.79918823 -2.701416   -2.45700699 -2.07532309
 -1.57327572 -0.96777631 -0.27573631  0.48593285  1.30031975  2.15051294
  3.01960099  3.89067246  4.74681592  5.57111995  6.34667309  7.05656392
  7.683881    8.2117129   8.62314818  8.90127542  9.02918317  8.98995999
  8.76669447  8.34247515  7.70039061  6.82352941]
a_x_fitting=[ 12.91989664  22.78599953  32.65210242  42.51820531  52.3843082
  62.25041109  72.11651398  81.98261687  91.84871976 101.71482265
 111.58092553 121.44702842 131.31313131 141.1792342  151.04533709
 160.91143998 170.77754287 180.64364576 190.50974865 200.37585154
 210.24195443 220.10805732 229.97416021 239.8402631  249.70636599
 259.57246887 269.43857176 279.30467465 289.17077754 299.03688043
 308.90298332 318.76908621 328.6351891  338.50129199 348.36739488
 358.23349777 368.09960066 377.96570355 387.83180644 397.69790933
 407.56401222 417.4301151  427.29621799 437.16232088 447.02842377
 456.89452666 466.76062955 476.62673244 486.49283533 496.35893822
 506.22504111 516.091144   525.95724689 535.82334978 545.68945267
 555.55555556 565.42165844 575.28776133 585.15386422 595.01996711
 604.88607    614.75217289 624.61827578 634.48437867 644.35048156
 654.21658445 664.08268734 673.94879023 683.81489312 693.68099601
 703.5470989  713.41320179 723.27930467 733.14540756 743.01151045
 752.87761334 762.74371623 772.60981912 782.47592201 792.3420249
 802.20812779 812.07423068 821.94033357 831.80643646 841.67253935
 851.53864224 861.40474513 871.27084802 881.1369509  891.00305379
 900.86915668 910.73525957 920.60136246 930.46746535 940.33356824
 950.19967113 960.06577402 969.93187691 979.7979798  989.66408269]
a_y_fitting=[-3.68421053 -4.0493243  -4.30073908 -4.4493056  -4.50587462 -4.48129688
 -4.38642314 -4.23210413 -4.02919062 -3.78853334 -3.52098305 -3.2373905
 -2.94860644 -2.66548161 -2.39886676 -2.15961265 -1.95857002 -1.80658961
 -1.71452219 -1.69321849 -1.74953537 -1.86743005 -2.02271291 -2.19118448
 -2.3486453  -2.47089588 -2.53373677 -2.51296859 -2.3918792  -2.18164213
 -1.89992158 -1.56438176 -1.19268686 -0.8025011  -0.41148866 -0.03731377
  0.30338094  0.603458    0.86094717  1.07392979  1.24048718  1.35870066
  1.42665156  1.44242119  1.4040909   1.30974199  1.1574558   0.94531364
  0.67139685  0.33378675 -0.0688675  -0.52897784 -1.03184145 -1.56255847
 -2.10622906 -2.64795336 -3.17283153 -3.66596372 -4.11245007 -4.49739074
 -4.80970222 -5.05431099 -5.24034118 -5.37691693 -5.47316239 -5.53820168
 -5.58115897 -5.61115838 -5.63732406 -5.66878016 -5.71465081 -5.78406015
 -5.88175719 -5.99130888 -6.08988052 -6.15463607 -6.16273949 -6.09135471
 -5.91764569 -5.62459769 -5.22206199 -4.72763512 -4.15891435 -3.53349694
 -2.86898014 -2.18296122 -1.49303743 -0.81680603 -0.17186429  0.42419054
  0.95376119  1.39925041  1.74306094  1.96759552  2.05525688  1.98844777
  1.74957093  1.32102909  0.685225   -0.1754386 ]
d_x_fitting=[ 16.36520241  26.27480664  36.18441086  46.09401509  56.00361931
  65.91322354  75.82282776  85.73243199  95.64203621 105.55164044
 115.46124466 125.37084889 135.28045311 145.19005733 155.09966156
 165.00926578 174.91887001 184.82847423 194.73807846 204.64768268
 214.55728691 224.46689113 234.37649536 244.28609958 254.19570381
 264.10530803 274.01491226 283.92451648 293.83412071 303.74372493
 313.65332916 323.56293338 333.47253761 343.38214183 353.29174606
 363.20135028 373.11095451 383.02055873 392.93016296 402.83976718
 412.74937141 422.65897563 432.56857986 442.47818408 452.38778831
 462.29739253 472.20699675 482.11660098 492.0262052  501.93580943
 511.84541365 521.75501788 531.6646221  541.57422633 551.48383055
 561.39343478 571.303039   581.21264323 591.12224745 601.03185168
 610.9414559  620.85106013 630.76066435 640.67026858 650.5798728
 660.48947703 670.39908125 680.30868548 690.2182897  700.12789393
 710.03749815 719.94710238 729.8567066  739.76631083 749.67591505
 759.58551928 769.4951235  779.40472773 789.31433195 799.22393617
 809.1335404  819.04314462 828.95274885 838.86235307 848.7719573
 858.68156152 868.59116575 878.50076997 888.4103742  898.31997842
 908.22958265 918.13918687 928.0487911  937.95839532 947.86799955
 957.77760377 967.687208   977.59681222 987.50641645 997.41602067]
d_y_fitting=[-3.21637427 -3.39445431 -3.53368787 -3.63576954 -3.70239396 -3.73525573
 -3.73604948 -3.70646982 -3.64821137 -3.56296874 -3.45243655 -3.31830941
 -3.16228195 -2.98604878 -2.79130452 -2.57974377 -2.35306117 -2.11295133
 -1.86110885 -1.59922837 -1.32900449 -1.05213183 -0.77030501 -0.48521865
 -0.19856736  0.08795424  0.37265154  0.65382992  0.92979476  1.19885144
  1.45930535  1.70946188  1.9476264   2.1721043   2.38120096  2.57322177
  2.74647211  2.89926449  3.03093393  3.14289341  3.23680806  3.31434299
  3.37716334  3.42693422  3.46532074  3.49398805  3.51460124  3.52882546
  3.53832581  3.54476742  3.54981541  3.55513491  3.56239102  3.57312993
  3.58617864  3.59765436  3.60355719  3.59988723  3.58264459  3.54782937
  3.49144169  3.40948164  3.29799815  3.15721288  2.99465425  2.81858873
  2.63728276  2.45900278  2.29201525  2.1445866   2.02496944  1.93864577
  1.88499456  1.862581    1.8699703   1.90572766  1.9684183   2.05660741
  2.16886021  2.3037419   2.45981768  2.63565277  2.82981236  3.04086166
  3.26736589  3.50789024  3.76099992  4.02526014  4.2992361   4.58149301
  4.87059608  5.16511051  5.4636015   5.76463427  6.06677402  6.36858595
  6.66863527  6.96548719  7.25770692  7.54385965]