
p_x=[10.335917312661499, 93.88458225667529, 196.38242894056847, 308.35486649440134, 414.2980189491817, 514.2118863049095, 590.0086132644273, 675.2799310938847, 776.916451335056, 904.3927648578812, 994.8320413436692]
p_y=[2.11764705882353, 6.352941176470589, 5.764705882352941, 5.882352941176471, 8.705882352941176, 6.352941176470589, 3.5294117647058822, 8.235294117647058, 7.529411764705882, 6.235294117647059, 6.352941176470589]
a_x=[13.781223083548666, 74.07407407407408, 161.06804478897502, 245.4780361757106, 348.8372093023256, 426.3565891472868, 472.0068906115418, 569.3367786391043, 652.0241171403962, 788.1136950904393, 889.7502153316107, 992.2480620155038]
a_y=[-7.777777777777779, -3.2163742690058488, -6.6081871345029235, -3.099415204678362, -1.8128654970760234, -0.6432748538011701, -6.491228070175438, -6.257309941520468, -0.9941520467836256, -2.280701754385966, -6.725146198830409, -2.280701754385966]
d_x=[6.029285099052541, 69.76744186046511, 163.6520241171404, 254.9526270456503, 414.2980189491817, 534.0223944875107, 629.6296296296297, 690.7838070628768, 779.5004306632214, 878.5529715762274, 992.2480620155038]
d_y=[1.6959064327485383, 2.0467836257309946, 2.1637426900584797, 6.959064327485381, 4.502923976608187, 3.8011695906432754, 1.1111111111111107, 8.011695906432749, 7.426900584795321, 7.543859649122807, 7.192982456140351]
p_x_fitting=[ 10.33591731  20.28032261  30.2247279   40.16913319  50.11353849
  60.05794378  70.00234907  79.94675437  89.89115966  99.83556495
 109.77997025 119.72437554 129.66878083 139.61318612 149.55759142
 159.50199671 169.446402   179.3908073  189.33521259 199.27961788
 209.22402318 219.16842847 229.11283376 239.05723906 249.00164435
 258.94604964 268.89045494 278.83486023 288.77926552 298.72367082
 308.66807611 318.6124814  328.5568867  338.50129199 348.44569728
 358.39010258 368.33450787 378.27891316 388.22331846 398.16772375
 408.11212904 418.05653434 428.00093963 437.94534492 447.88975022
 457.83415551 467.7785608  477.7229661  487.66737139 497.61177668
 507.55618197 517.50058727 527.44499256 537.38939785 547.33380315
 557.27820844 567.22261373 577.16701903 587.11142432 597.05582961
 607.00023491 616.9446402  626.88904549 636.83345079 646.77785608
 656.72226137 666.66666667 676.61107196 686.55547725 696.49988255
 706.44428784 716.38869313 726.33309843 736.27750372 746.22190901
 756.16631431 766.1107196  776.05512489 785.99953019 795.94393548
 805.88834077 815.83274607 825.77715136 835.72155665 845.66596195
 855.61036724 865.55477253 875.49917782 885.44358312 895.38798841
 905.3323937  915.276799   925.22120429 935.16560958 945.11001488
 955.05442017 964.99882546 974.94323076 984.88763605 994.83204134]
p_y_fitting=[2.11764706 3.00623858 3.77506745 4.43157095 4.98318633 5.43735086
 5.80150179 6.08307639 6.28951192 6.42824563 6.50671479 6.53235667
 6.51260852 6.4549076  6.36669118 6.25539651 6.12846087 5.9933215
 5.85741566 5.72816372 5.61158077 5.51124354 5.43048534 5.37263947
 5.34103922 5.3390179  5.36990882 5.43704527 5.54376056 5.69338799
 5.88926078 6.13200394 6.41238524 6.71893045 7.04016534 7.36461569
 7.68080728 7.97726587 8.24251724 8.46508716 8.63350141 8.73640874
 8.76792592 8.72969797 8.6239182  8.45277992 8.21847644 7.92320108
 7.56914715 7.15850796 6.69347682 6.17645099 5.62229952 5.0653587
 4.54165546 4.08721672 3.73806938 3.53024038 3.49975663 3.67787064
 4.0480104  4.56604253 5.1875019  5.86792339 6.56284189 7.22779227
 7.81830942 8.28995327 8.61340374 8.80005755 8.86809581 8.8356996
 8.72105003 8.5423282  8.31771521 8.06539215 7.80354013 7.55034023
 7.32146692 7.1195783  6.94312061 6.79053792 6.66027433 6.55077394
 6.46048084 6.38783911 6.33129286 6.28928617 6.26026313 6.24266784
 6.23494438 6.23553686 6.24288936 6.25544597 6.27165079 6.2899479
 6.30878141 6.32659539 6.34183395 6.35294118]
a_x_fitting=[ 13.78122308  23.66472651  33.54822993  43.43173335  53.31523678
  63.1987402   73.08224362  82.96574705  92.84925047 102.7327539
 112.61625732 122.49976074 132.38326417 142.26676759 152.15027101
 162.03377444 171.91727786 181.80078128 191.68428471 201.56778813
 211.45129155 221.33479498 231.2182984  241.10180183 250.98530525
 260.86880867 270.7523121  280.63581552 290.51931894 300.40282237
 310.28632579 320.16982921 330.05333264 339.93683606 349.82033948
 359.70384291 369.58734633 379.47084976 389.35435318 399.2378566
 409.12136003 419.00486345 428.88836687 438.7718703  448.65537372
 458.53887714 468.42238057 478.30588399 488.18938741 498.07289084
 507.95639426 517.83989768 527.72340111 537.60690453 547.49040796
 557.37391138 567.2574148  577.14091823 587.02442165 596.90792507
 606.7914285  616.67493192 626.55843534 636.44193877 646.32544219
 656.20894561 666.09244904 675.97595246 685.85945589 695.74295931
 705.62646273 715.50996616 725.39346958 735.276973   745.16047643
 755.04397985 764.92748327 774.8109867  784.69449012 794.57799354
 804.46149697 814.34500039 824.22850382 834.11200724 843.99551066
 853.87901409 863.76251751 873.64602093 883.52952436 893.41302778
 903.2965312  913.18003463 923.06353805 932.94704147 942.8305449
 952.71404832 962.59755174 972.48105517 982.36455859 992.24806202]
a_y_fitting=[-7.77777778 -6.08615514 -4.82897706 -3.95918761 -3.42973081 -3.19355073
 -3.20359141 -3.41279689 -3.77411123 -4.24047847 -4.76484266 -5.30014784
 -5.79933806 -6.21535738 -6.50114983 -6.6096732  -6.51330055 -6.24248268
 -5.83848332 -5.34256618 -4.795995   -4.24003349 -3.71594539 -3.2649944
 -2.92650958 -2.7053326  -2.57660394 -2.51449334 -2.49317055 -2.48680531
 -2.46956736 -2.41562645 -2.29915232 -2.09431472 -1.77529979 -1.33838834
 -0.84561394 -0.37118644  0.01068429  0.22578839  0.199916   -0.14114274
 -0.8709216  -1.98593307 -3.33561016 -4.75283216 -6.07047834 -7.12992883
 -7.88270064 -8.35713674 -8.58314661 -8.59063974 -8.40952562 -8.06971372
 -7.60111353 -7.03363454 -6.39718623 -5.72046534 -5.0229004  -4.31964349
 -3.62582375 -2.95657032 -2.32701232 -1.75227888 -1.24749915 -0.82755511
 -0.49892781 -0.2578361  -0.09987476 -0.02063857 -0.01572229 -0.0807207
 -0.21122857 -0.40284069 -0.65115182 -0.95175674 -1.30025022 -1.69222705
 -2.12328198 -2.58868844 -3.07980754 -3.58539    -4.09413896 -4.59475759
 -5.07594902 -5.52641642 -5.93486294 -6.28999173 -6.58050594 -6.79510873
 -6.92250324 -6.95139263 -6.87048006 -6.66846867 -6.33406161 -5.85596205
 -5.22287313 -4.42349801 -3.44653983 -2.28070175]
d_x_fitting=[  6.0292851   15.99109093  25.95289675  35.91470258  45.87650841
  55.83831424  65.80012006  75.76192589  85.72373172  95.68553755
 105.64734337 115.6091492  125.57095503 135.53276086 145.49456668
 155.45637251 165.41817834 175.37998417 185.34178999 195.30359582
 205.26540165 215.22720748 225.1890133  235.15081913 245.11262496
 255.07443079 265.03623661 274.99804244 284.95984827 294.92165409
 304.88345992 314.84526575 324.80707158 334.7688774  344.73068323
 354.69248906 364.65429489 374.61610071 384.57790654 394.53971237
 404.5015182  414.46332402 424.42512985 434.38693568 444.34874151
 454.31054733 464.27235316 474.23415899 484.19596482 494.15777064
 504.11957647 514.0813823  524.04318813 534.00499395 543.96679978
 553.92860561 563.89041144 573.85221726 583.81402309 593.77582892
 603.73763475 613.69944057 623.6612464  633.62305223 643.58485806
 653.54666388 663.50846971 673.47027554 683.43208136 693.39388719
 703.35569302 713.31749885 723.27930467 733.2411105  743.20291633
 753.16472216 763.12652798 773.08833381 783.05013964 793.01194547
 802.97375129 812.93555712 822.89736295 832.85916878 842.8209746
 852.78278043 862.74458626 872.70639209 882.66819791 892.63000374
 902.59180957 912.5536154  922.51542122 932.47722705 942.43903288
 952.40083871 962.36264453 972.32445036 982.28625619 992.24806202]
d_y_fitting=[1.69590643 1.96178105 2.12786079 2.20888455 2.21959118 2.17471957
 2.08900859 1.97719711 1.854024   1.73422814 1.6325484  1.56372366
 1.54249278 1.58359464 1.70176812 1.91175209 2.22824691 2.65483207
 3.16863584 3.74293882 4.35102162 4.96616486 5.56164914 6.11075508
 6.58676328 6.96295437 7.21940397 7.36238889 7.40450035 7.35832952
 7.23646761 7.0515058  6.81603529 6.54264727 6.24393293 5.93248348
 5.62089009 5.32174396 5.0476363  4.81115828 4.6249011  4.50145594
 4.44814597 4.45224543 4.49625974 4.56269434 4.63405465 4.69284612
 4.72157418 4.70274425 4.61886178 4.45243219 4.18596091 3.80195339
 3.29463545 2.70536086 2.08732725 1.49373226 0.97777354 0.59264873
 0.39155547 0.4276914  0.75425416 1.42261653 2.41357439 3.6164522
 4.91448234 6.19089717 7.32892908 8.21230661 8.77822017 9.06432988
 9.1193836  8.99212915 8.73131437 8.38568709 8.00399515 7.63498639
 7.32697108 7.10587953 6.96501367 6.89509646 6.88685087 6.93099986
 7.01826639 7.13937342 7.2850439  7.44600081 7.6129671  7.77666574
 7.92781968 8.05715189 8.15538532 8.21324294 8.22144772 8.1707226
 8.05179055 7.85537454 7.57219752 7.19298246]