
p_x=[28.42377260981912, 55.98621877691645, 118.00172265288545, 161.06804478897502, 195.52110249784667, 242.03273040482344, 313.52282515073216, 374.67700258397934, 461.6709732988803, 518.5185185185185, 577.0887166236004, 641.6881998277347, 747.6313522825151, 856.1584840654608, 920.7579672695952, 991.3867355727821]
p_y=[-2.0, -3.764705882352942, -3.0588235294117645, -5.1764705882352935, 3.2941176470588243, 5.411764705882353, 4.705882352941177, 2.4705882352941178, 2.9411764705882346, 3.647058823529412, 6.117647058823529, 6.352941176470589, 4.117647058823529, 3.0588235294117645, 5.294117647058823, 5.411764705882353]
a_x=[15.503875968992247, 54.263565891472865, 114.55641688199827, 157.62273901808786, 209.30232558139537, 257.5366063738157, 314.3841515934539, 418.60465116279073, 476.3135228251507, 546.0809646856159, 640.8268733850128, 757.9672695951766, 807.9242032730405, 902.6701119724376, 981.9121447028424]
a_y=[-8.47953216374269, -7.543859649122805, -5.438596491228068, -4.970760233918128, -1.8128654970760234, -1.1111111111111107, -3.8011695906432745, -4.853801169590643, -3.450292397660819, -2.280701754385966, -2.8654970760233915, -7.309941520467834, -2.514619883040936, -1.8128654970760234, -4.970760233918128]
d_x=[13.781223083548666, 86.99397071490095, 222.2222222222222, 322.13608957795003, 440.1378122308355, 551.2489233419467, 643.4108527131783, 762.2739018087855, 856.1584840654608, 984.4961240310078]
d_y=[2.0467836257309946, 2.514619883040936, 4.385964912280702, 2.9824561403508776, 1.2280701754385976, 4.853801169590644, 4.619883040935672, 1.6959064327485383, 4.619883040935672, 4.152046783625732]
p_x_fitting=[ 28.42377261  38.15067123  47.87756984  57.60446846  67.33136707
  77.05826569  86.7851643   96.51206292 106.23896154 115.96586015
 125.69275877 135.41965738 145.146556   154.87345462 164.60035323
 174.32725185 184.05415046 193.78104908 203.50794769 213.23484631
 222.96174493 232.68864354 242.41554216 252.14244077 261.86933939
 271.596238   281.32313662 291.05003524 300.77693385 310.50383247
 320.23073108 329.9576297  339.68452832 349.41142693 359.13832555
 368.86522416 378.59212278 388.31902139 398.04592001 407.77281863
 417.49971724 427.22661586 436.95351447 446.68041309 456.4073117
 466.13421032 475.86110894 485.58800755 495.31490617 505.04180478
 514.7687034  524.49560201 534.22250063 543.94939925 553.67629786
 563.40319648 573.13009509 582.85699371 592.58389233 602.31079094
 612.03768956 621.76458817 631.49148679 641.2183854  650.94528402
 660.67218264 670.39908125 680.12597987 689.85287848 699.5797771
 709.30667571 719.03357433 728.76047295 738.48737156 748.21427018
 757.94116879 767.66806741 777.39496603 787.12186464 796.84876326
 806.57566187 816.30256049 826.0294591  835.75635772 845.48325634
 855.21015495 864.93705357 874.66395218 884.3908508  894.11774941
 903.84464803 913.57154665 923.29844526 933.02534388 942.75224249
 952.47914111 962.20603973 971.93293834 981.65983696 991.38673557]
p_y_fitting=[-2.         -3.11598648 -3.65555501 -3.75708724 -3.5589648  -3.19956936
 -2.81728255 -2.55048603 -2.53756143 -2.9168904  -3.77772219 -4.83514137
 -5.63210911 -5.71067523 -4.62220854 -2.37368515  0.37558216  2.91601984
  4.62575875  5.4889244   5.74557561  5.63667814  5.40319503  5.23541656
  5.14347845  5.09749772  5.06759136  5.02387639  4.93646981  4.77548864
  4.51467572  4.16659695  3.76737085  3.35344645  2.96127281  2.62729899
  2.38738357  2.2547672   2.21350195  2.24570846  2.33350735  2.45901926
  2.60436483  2.7516647   2.88303949  2.98132567  3.04950102  3.112968
  3.19830318  3.33208316  3.54088452  3.84883062  4.2453642   4.69423072
  5.15856993  5.60152153  5.98622527  6.27757269  6.46740614  6.56869885
  6.5949903   6.55981996  6.47672728  6.35925173  6.21924827  6.06078155
  5.88566581  5.69571506  5.49274333  5.27856462  5.05499297  4.82384237
  4.58692685  4.34606042  4.1030573   3.86081482  3.62585234  3.40544542
  3.20686963  3.03740054  2.90431372  2.81488473  2.77638915  2.79610253
  2.88130045  3.03925848  3.27409162  3.57295015  3.9173167   4.28866989
  4.66848835  5.03825069  5.37943556  5.67352157  5.90198734  6.04631152
  6.08797272  6.00844956  5.78922068  5.41176471]
a_x_fitting=[ 15.50387597  25.26557565  35.02727534  44.78897502  54.55067471
  64.31237439  74.07407407  83.83577376  93.59747344 103.35917313
 113.12087281 122.88257249 132.64427218 142.40597186 152.16767155
 161.92937123 171.69107092 181.4527706  191.21447028 200.97616997
 210.73786965 220.49956934 230.26126902 240.02296871 249.78466839
 259.54636807 269.30806776 279.06976744 288.83146713 298.59316681
 308.35486649 318.11656618 327.87826586 337.63996555 347.40166523
 357.16336492 366.9250646  376.68676428 386.44846397 396.21016365
 405.97186334 415.73356302 425.4952627  435.25696239 445.01866207
 454.78036176 464.54206144 474.30376113 484.06546081 493.82716049
 503.58886018 513.35055986 523.11225955 532.87395923 542.63565891
 552.3973586  562.15905828 571.92075797 581.68245765 591.44415734
 601.20585702 610.9675567  620.72925639 630.49095607 640.25265576
 650.01435544 659.77605512 669.53775481 679.29945449 689.06115418
 698.82285386 708.58455355 718.34625323 728.10795291 737.8696526
 747.63135228 757.39305197 767.15475165 776.91645134 786.67815102
 796.4398507  806.20155039 815.96325007 825.72494976 835.48664944
 845.24834912 855.01004881 864.77174849 874.53344818 884.29514786
 894.05684755 903.81854723 913.58024691 923.3419466  933.10364628
 942.86534597 952.62704565 962.38874533 972.15044502 981.9121447 ]
a_y_fitting=[-8.47953216 -8.3955389  -8.19190949 -7.89533147 -7.53249235 -7.13007966
 -6.71478092 -6.31328364 -5.95227536 -5.65844358 -5.45847585 -5.36818591
 -5.33540002 -5.28172016 -5.12869259 -4.79999946 -4.28523413 -3.65084453
 -2.96761929 -2.30634709 -1.73777927 -1.31510475 -1.04598115 -0.93078389
 -0.96988842 -1.16361079 -1.50057207 -1.94372652 -2.45262061 -2.98680082
 -3.5058136  -3.96961811 -4.35602483 -4.66713768 -4.90680017 -5.07885579
 -5.18714805 -5.23552047 -5.22781654 -5.16787977 -5.05955366 -4.90668173
 -4.71353862 -4.48875961 -4.24351198 -3.98899418 -3.73640467 -3.49694192
 -3.28052763 -3.08746728 -2.91368472 -2.75508157 -2.60755946 -2.46701998
 -2.32936477 -2.19128851 -2.05939368 -1.94701762 -1.86762639 -1.83468606
 -1.86166267 -1.96202229 -2.14923097 -2.43675477 -2.83805975 -3.3597151
 -3.97536661 -4.64884687 -5.34398677 -6.02461722 -6.65456911 -7.19767334
 -7.6177608  -7.87866241 -7.94420904 -7.77823162 -7.34456102 -6.62617063
 -5.6974139  -4.65988118 -3.6151675  -2.66486789 -1.89947516 -1.33335687
 -0.94894961 -0.72858071 -0.65457754 -0.70926744 -0.87497775 -1.13403582
 -1.46876901 -1.86150466 -2.29457012 -2.75029273 -3.21099986 -3.65901883
 -4.07667701 -4.44630174 -4.75022036 -4.97076023]
d_x_fitting=[ 13.78122308  23.5864241   33.39162512  43.19682614  53.00202716
  62.80722818  72.6124292   82.41763022  92.22283124 102.02803226
 111.83323328 121.6384343  131.44363532 141.24883634 151.05403736
 160.85923838 170.6644394  180.46964042 190.27484144 200.08004246
 209.88524348 219.6904445  229.49564552 239.30084654 249.10604756
 258.91124858 268.7164496  278.52165061 288.32685163 298.13205265
 307.93725367 317.74245469 327.54765571 337.35285673 347.15805775
 356.96325877 366.76845979 376.57366081 386.37886183 396.18406285
 405.98926387 415.79446489 425.59966591 435.40486693 445.21006795
 455.01526897 464.82046999 474.62567101 484.43087203 494.23607305
 504.04127407 513.84647509 523.65167611 533.45687713 543.26207815
 553.06727917 562.87248019 572.6776812  582.48288222 592.28808324
 602.09328426 611.89848528 621.7036863  631.50888732 641.31408834
 651.11928936 660.92449038 670.7296914  680.53489242 690.34009344
 700.14529446 709.95049548 719.7556965  729.56089752 739.36609854
 749.17129956 758.97650058 768.7817016  778.58690262 788.39210364
 798.19730466 808.00250568 817.8077067  827.61290772 837.41810874
 847.22330976 857.02851078 866.83371179 876.63891281 886.44411383
 896.24931485 906.05451587 915.85971689 925.66491791 935.47011893
 945.27531995 955.08052097 964.88572199 974.69092301 984.49612403]
d_y_fitting=[2.04678363 2.00831768 2.0077117  2.04135179 2.10562407 2.19691465
 2.31160966 2.4460952  2.59675738 2.75998234 2.93215617 3.109665
 3.28889494 3.46623211 3.63806261 3.80077257 3.9507481  4.08437532
 4.19804034 4.28812927 4.35102824 4.38312335 4.38118768 4.34545602
 4.27798618 4.18085229 4.05612846 3.90588882 3.7322075  3.53715861
 3.32281628 3.09125463 2.84470536 2.58827324 2.32957199 2.07629968
 1.83615436 1.61683409 1.42603692 1.27146091 1.16080411 1.10176459
 1.1020404  1.16932959 1.31086723 1.52405732 1.7969067  2.11704605
 2.47210607 2.84971745 3.23751086 3.62311701 3.99416659 4.33829027
 4.64311875 4.89629807 5.08942041 5.22325011 5.29985166 5.32128953
 5.28962819 5.20693212 5.07526579 4.89669367 4.67328024 4.40781434
 4.10868283 3.78688058 3.45341705 3.11930171 2.79554402 2.49315342
 2.22313938 1.99651137 1.82427883 1.71745122 1.68703802 1.74296248
 1.88238454 2.09416442 2.36702103 2.6896733  3.05084015 3.43924052
 3.84359333 4.25261749 4.65503195 5.03955561 5.39490741 5.70980627
 5.97297112 6.17312088 6.29897448 6.33925084 6.28266888 6.11794754
 5.83380573 5.41896239 4.86213643 4.15204678]