
p_x=[2.5839793281653747, 40.482342807924205, 83.54866494401378, 122.3083548664944, 165.37467700258398, 184.32385874246341, 241.17140396210164, 277.34711455641684, 360.03445305770884, 468.56158484065463, 574.5047372954349, 617.5710594315245, 687.3385012919897, 715.7622739018088, 785.5297157622739, 818.260120585702, 845.8225667527993, 863.0490956072352, 894.0568475452196, 925.0645994832042, 959.5176571920758, 995.693367786391]
p_y=[1.1764705882352935, 1.2941176470588225, 1.5294117647058822, 1.6470588235294112, 1.2941176470588225, 2.5882352941176467, 3.0588235294117645, 2.9411764705882346, 1.2941176470588225, 1.5294117647058822, 1.2941176470588225, 2.8235294117647056, 2.8235294117647056, 1.4117647058823533, 1.6470588235294112, 1.764705882352942, 1.882352941176471, 3.647058823529412, 3.5294117647058822, 3.764705882352941, 3.5294117647058822, 3.647058823529412]
a_x=[3.4453057708871664, 85.27131782945736, 208.44099913867356, 238.58742463393625, 267.87252368647717, 312.66149870801036, 358.3118001722653, 465.1162790697674, 578.8113695090439, 613.2644272179157, 678.7252368647717, 713.1782945736435, 785.5297157622739, 846.683893195521, 867.3557278208441, 898.3634797588286, 927.6485788113695, 958.656330749354, 993.9707149009474]
a_y=[-6.725146198830409, -6.023391812865498, -5.438596491228068, -5.555555555555555, -5.087719298245615, -5.321637426900585, -6.725146198830409, -6.257309941520468, -6.374269005847953, -5.321637426900585, -5.087719298245615, -6.6081871345029235, -6.257309941520468, -6.491228070175438, -5.321637426900585, -4.970760233918128, -4.970760233918128, -4.970760233918128, -4.970760233918128]
d_x=[0.8613264427217916, 56.84754521963824, 141.25753660637383, 194.6597760551249, 250.64599483204137, 275.62446167097335, 298.88027562446166, 319.5521102497847, 334.1946597760551, 353.1438415159345, 373.81567614125754, 393.62618432385875, 660.637381567614, 679.5865633074935, 697.6744186046512, 723.5142118863049, 779.5004306632214, 846.683893195521, 867.3557278208441, 889.7502153316107, 925.925925925926, 976.7441860465116, 997.4160206718346]
d_y=[1.461988304093568, 1.9298245614035086, 2.0467836257309946, 1.9298245614035086, 2.1637426900584797, 3.2163742690058488, 3.8011695906432754, 3.5672514619883042, 3.450292397660819, 3.0994152046783627, 2.280701754385966, 2.397660818713451, 2.1637426900584797, 2.7485380116959064, 4.035087719298246, 2.7485380116959064, 2.6315789473684212, 2.6315789473684212, 3.2163742690058488, 3.8011695906432754, 3.9181286549707606, 3.8011695906432754, 3.6842105263157894]
p_x_fitting=[  2.58397933  12.61538729  22.64679526  32.67820322  42.70961119
  52.74101915  62.77242711  72.80383508  82.83524304  92.86665101
 102.89805897 112.92946693 122.9608749  132.99228286 143.02369083
 153.05509879 163.08650676 173.11791472 183.14932268 193.18073065
 203.21213861 213.24354658 223.27495454 233.30636251 243.33777047
 253.36917843 263.4005864  273.43199436 283.46340233 293.49481029
 303.52621825 313.55762622 323.58903418 333.62044215 343.65185011
 353.68325808 363.71466604 373.746074   383.77748197 393.80888993
 403.8402979  413.87170586 423.90311383 433.93452179 443.96592975
 453.99733772 464.02874568 474.06015365 484.09156161 494.12296958
 504.15437754 514.1857855  524.21719347 534.24860143 544.2800094
 554.31141736 564.34282532 574.37423329 584.40564125 594.43704922
 604.46845718 614.49986515 624.53127311 634.56268107 644.59408904
 654.625497   664.65690497 674.68831293 684.7197209  694.75112886
 704.78253682 714.81394479 724.84535275 734.87676072 744.90816868
 754.93957665 764.97098461 775.00239257 785.03380054 795.0652085
 805.09661647 815.12802443 825.15943239 835.19084036 845.22224832
 855.25365629 865.28506425 875.31647222 885.34788018 895.37928814
 905.41069611 915.44210407 925.47351204 935.50492    945.53632797
 955.56773593 965.59914389 975.63055186 985.66195982 995.69336779]
p_y_fitting=[1.17647059 1.2198375  1.25071394 1.27532258 1.29988608 1.33062713
 1.37376839 1.43553253 1.52214223 1.63180821 1.72304689 1.7421042
 1.63523201 1.3904205  1.13313024 1.01708309 1.1960009  1.77885192
 2.51228746 3.02491211 3.27229341 3.32606749 3.25800477 3.13987564
 3.04325797 3.00612944 2.99477021 2.96624649 2.87989718 2.72779258
 2.52656332 2.29343612 2.04563768 1.80039472 1.57493394 1.38648206
 1.25203787 1.17772398 1.15424327 1.17112716 1.21790705 1.28411436
 1.3592805  1.43293688 1.49461491 1.533846   1.54016156 1.50377325
 1.42749768 1.32526804 1.21139862 1.10020369 1.00599753 0.94309441
 0.92580862 0.96845443 1.08534612 1.29079796 1.59052746 1.95449623
 2.34337121 2.71781933 3.03995835 3.2872111  3.44618069 3.50359489
 3.44618144 3.26066809 2.9337826  2.46161718 1.92484753 1.44904096
 1.14040734 0.99998983 0.99400024 1.0886279  1.25006212 1.44449221
 1.6381075  1.79508657 1.87027733 1.81582313 1.60801696 1.48343426
 1.83734351 2.86461984 3.79247102 3.99577566 3.76567156 3.50820882
 3.49490984 3.63289935 3.76820511 3.78541391 3.70562507 3.58013409
 3.46023648 3.39722773 3.44240335 3.64705882]
a_x_fitting=[  3.44530577  13.45061293  23.4559201   33.46122726  43.46653442
  53.47184159  63.47714875  73.48245591  83.48776307  93.49307024
 103.4983774  113.50368456 123.50899173 133.51429889 143.51960605
 153.52491321 163.53022038 173.53552754 183.5408347  193.54614187
 203.55144903 213.55675619 223.56206336 233.56737052 243.57267768
 253.57798484 263.58329201 273.58859917 283.59390633 293.5992135
 303.60452066 313.60982782 323.61513498 333.62044215 343.62574931
 353.63105647 363.63636364 373.6416708  383.64697796 393.65228513
 403.65759229 413.66289945 423.66820661 433.67351378 443.67882094
 453.6841281  463.68943527 473.69474243 483.70004959 493.70535675
 503.71066392 513.71597108 523.72127824 533.72658541 543.73189257
 553.73719973 563.74250689 573.74781406 583.75312122 593.75842838
 603.76373555 613.76904271 623.77434987 633.77965704 643.7849642
 653.79027136 663.79557852 673.80088569 683.80619285 693.81150001
 703.81680718 713.82211434 723.8274215  733.83272866 743.83803583
 753.84334299 763.84865015 773.85395732 783.85926448 793.86457164
 803.86987881 813.87518597 823.88049313 833.88580029 843.89110746
 853.89641462 863.90172178 873.90702895 883.91233611 893.91764327
 903.92295043 913.9282576  923.93356476 933.93887192 943.94417909
 953.94948625 963.95479341 973.96010058 983.96540774 993.9707149 ]
a_y_fitting=[-6.7251462  -6.68049284 -6.61955288 -6.54466696 -6.45817569 -6.36241969
 -6.25973959 -6.15247602 -6.04296959 -5.93356093 -5.82659066 -5.7243994
 -5.62932779 -5.54371644 -5.46990597 -5.41023701 -5.36705018 -5.34268611
 -5.33948542 -5.35978872 -5.40593666 -5.4790505  -5.55364106 -5.57838203
 -5.50346132 -5.33886865 -5.15466747 -5.02133256 -4.97199752 -5.00880142
 -5.1329445  -5.34562089 -5.63860274 -5.97523497 -6.31352243 -6.61147
 -6.82850754 -6.9523727  -6.99683127 -6.97661715 -6.90646421 -6.80110633
 -6.67527739 -6.54371128 -6.42114188 -6.32230305 -6.2619287  -6.25186063
 -6.28610672 -6.35188325 -6.43639318 -6.52683949 -6.61042516 -6.67435314
 -6.70582642 -6.69204797 -6.62022076 -6.47754775 -6.25225919 -5.95690179
 -5.62872792 -5.30609467 -5.0236392  -4.80320319 -4.66387918 -4.62475974
 -4.7049374  -4.92350474 -5.29671085 -5.77774753 -6.25802364 -6.62636665
 -6.80412978 -6.82001616 -6.7248448  -6.56943469 -6.4046048  -6.28117414
 -6.2499617  -6.34944352 -6.53596496 -6.73233916 -6.86127988 -6.8455009
 -6.60771599 -6.09533901 -5.49300887 -5.09716157 -4.95720211 -4.95707408
 -4.98151526 -4.98333346 -4.97420034 -4.96706522 -4.96601228 -4.9687989
 -4.97304605 -4.97637469 -4.97640576 -4.97076023]
d_x_fitting=[8.61326443e-01 1.09275355e+01 2.09937445e+01 3.10599535e+01
 4.11261626e+01 5.11923716e+01 6.12585806e+01 7.13247897e+01
 8.13909987e+01 9.14572077e+01 1.01523417e+02 1.11589626e+02
 1.21655835e+02 1.31722044e+02 1.41788253e+02 1.51854462e+02
 1.61920671e+02 1.71986880e+02 1.82053089e+02 1.92119298e+02
 2.02185507e+02 2.12251716e+02 2.22317925e+02 2.32384134e+02
 2.42450343e+02 2.52516552e+02 2.62582761e+02 2.72648970e+02
 2.82715179e+02 2.92781388e+02 3.02847597e+02 3.12913806e+02
 3.22980015e+02 3.33046225e+02 3.43112434e+02 3.53178643e+02
 3.63244852e+02 3.73311061e+02 3.83377270e+02 3.93443479e+02
 4.03509688e+02 4.13575897e+02 4.23642106e+02 4.33708315e+02
 4.43774524e+02 4.53840733e+02 4.63906942e+02 4.73973151e+02
 4.84039360e+02 4.94105569e+02 5.04171778e+02 5.14237987e+02
 5.24304196e+02 5.34370405e+02 5.44436614e+02 5.54502823e+02
 5.64569032e+02 5.74635241e+02 5.84701450e+02 5.94767659e+02
 6.04833868e+02 6.14900077e+02 6.24966286e+02 6.35032495e+02
 6.45098705e+02 6.55164914e+02 6.65231123e+02 6.75297332e+02
 6.85363541e+02 6.95429750e+02 7.05495959e+02 7.15562168e+02
 7.25628377e+02 7.35694586e+02 7.45760795e+02 7.55827004e+02
 7.65893213e+02 7.75959422e+02 7.86025631e+02 7.96091840e+02
 8.06158049e+02 8.16224258e+02 8.26290467e+02 8.36356676e+02
 8.46422885e+02 8.56489094e+02 8.66555303e+02 8.76621512e+02
 8.86687721e+02 8.96753930e+02 9.06820139e+02 9.16886348e+02
 9.26952557e+02 9.37018766e+02 9.47084976e+02 9.57151185e+02
 9.67217394e+02 9.77283603e+02 9.87349812e+02 9.97416021e+02]
d_y_fitting=[1.4619883  1.58281696 1.68589003 1.77260561 1.84436175 1.90255656
 1.94858809 1.98385443 2.00975367 2.02768386 2.03904311 2.04522947
 2.04764104 2.04767589 2.04673194 2.0450249  2.03873147 2.02316655
 1.99364502 1.94548179 1.87668612 1.80890514 1.77603665 1.8120821
 1.95104292 2.22677528 2.63596454 3.08899088 3.48572398 3.74340069
 3.79195455 3.66500414 3.53088636 3.45864714 3.35181313 3.09815591
 2.65923232 2.29135145 2.24385113 2.39452528 2.54995668 2.67175685
 2.76246563 2.82462307 2.86076926 2.87344424 2.86518809 2.83854088
 2.79604266 2.74023351 2.67365348 2.59884264 2.51834107 2.43468881
 2.35042595 2.26809254 2.19022865 2.11937434 2.05806968 2.00885473
 1.97426957 1.95685425 1.95914884 1.98369341 2.03302802 2.10969273
 2.22083926 2.50505634 3.20995565 3.95457641 3.94981995 3.31840584
 2.6252692  2.24707357 2.14606715 2.23020749 2.40745211 2.58575854
 2.67910465 2.67635339 2.61711345 2.54195561 2.49145066 2.50616939
 2.62668259 2.87474507 3.19075703 3.49803517 3.74479335 3.89158364
 3.9455727  3.94174121 3.91543472 3.89310711 3.87494514 3.85630853
 3.83255702 3.79905036 3.75114829 3.68421053]