
p_x=[4.3066322136089585, 83.54866494401378, 183.4625322997416, 299.74160206718346, 375.53832902670115, 454.78036175710594, 515.9345391903531, 679.5865633074935, 770.0258397932816, 842.3772609819122, 931.9552110249784, 993.9707149009474]
p_y=[2.235294117647059, 3.647058823529412, 3.5294117647058822, 4.470588235294118, 4.0, 1.5294117647058822, 1.2941176470588225, 2.7058823529411766, 3.5294117647058822, 4.470588235294118, 4.588235294117648, 4.470588235294118]
a_x=[7.751937984496124, 86.13264427217916, 173.9879414298019, 215.3316106804479, 255.8139534883721, 293.71231696813095, 358.3118001722653, 446.167097329888, 504.73729543496984, 576.2273901808785, 639.9655469422911, 753.6606373815677, 831.1800172265289, 919.0353143841517, 994.8320413436692]
a_y=[-2.7485380116959064, -1.4619883040935662, -1.4619883040935662, 0.526315789473685, 1.578947368421053, 1.8128654970760234, 0.526315789473685, 0.1754385964912295, -2.8654970760233915, -1.2280701754385959, 0.058479532163742576, 1.8128654970760234, 2.6315789473684212, 2.8654970760233924, 2.6315789473684212]
d_x=[0.0, 84.40999138673558, 126.61498708010335, 187.76916451335057, 276.48578811369504, 366.0637381567614, 445.3057708871662, 508.182601205857, 692.5064599483204, 807.0628768303187, 894.9181739879414, 995.693367786391]
d_y=[1.2280701754385976, 1.3450292397660828, 2.0467836257309946, 2.0467836257309946, 3.0994152046783627, 2.9824561403508776, 0.4093567251461998, 0.29239766081871466, 2.397660818713451, 2.0467836257309946, 2.0467836257309946, 2.0467836257309946]
p_x_fitting=[  4.30663221  14.30323911  24.29984601  34.2964529   44.2930598
  54.28966669  64.28627359  74.28288048  84.27948738  94.27609428
 104.27270117 114.26930807 124.26591496 134.26252186 144.25912876
 154.25573565 164.25234255 174.24894944 184.24555634 194.24216323
 204.23877013 214.23537703 224.23198392 234.22859082 244.22519771
 254.22180461 264.21841151 274.2150184  284.2116253  294.20823219
 304.20483909 314.20144598 324.19805288 334.19465978 344.19126667
 354.18787357 364.18448046 374.18108736 384.17769426 394.17430115
 404.17090805 414.16751494 424.16412184 434.16072873 444.15733563
 454.15394253 464.15054942 474.14715632 484.14376321 494.14037011
 504.13697701 514.1335839  524.1301908  534.12679769 544.12340459
 554.12001148 564.11661838 574.11322528 584.10983217 594.10643907
 604.10304596 614.09965286 624.09625976 634.09286665 644.08947355
 654.08608044 664.08268734 674.07929423 684.07590113 694.07250803
 704.06911492 714.06572182 724.06232871 734.05893561 744.05554251
 754.0521494  764.0487563  774.04536319 784.04197009 794.03857698
 804.03518388 814.03179078 824.02839767 834.02500457 844.02161146
 854.01821836 864.01482526 874.01143215 884.00803905 894.00464594
 904.00125284 913.99785973 923.99446663 933.99107353 943.98768042
 953.98428732 963.98089421 973.97750111 983.97410801 993.9707149 ]
p_y_fitting=[2.23529412 2.57962323 2.86656721 3.10087862 3.28731001 3.43061393
 3.53554296 3.60684964 3.64928654 3.66760621 3.66656122 3.65090411
 3.62538745 3.5947638  3.56378571 3.53720574 3.51977646 3.51625041
 3.53137951 3.56820886 3.62437855 3.69646131 3.78102983 3.87465683
 3.97391502 4.07537712 4.17561583 4.27120386 4.35871392 4.43471874
 4.49575115 4.53714836 4.55287253 4.53680991 4.48284673 4.38486923
 4.23676365 4.03241624 3.76823841 3.45588654 3.11270946 2.75606578
 2.40331411 2.07181307 1.77892128 1.54199735 1.37453076 1.27132556
 1.22155258 1.21438147 1.2389819  1.28452353 1.34109956 1.40521
 1.4760704  1.55290612 1.63494251 1.72140492 1.8115187  1.90450921
 1.99960179 2.09602179 2.19299457 2.28974548 2.38549988 2.4794831
 2.5709205  2.65903744 2.74310157 2.82363242 2.90257941 2.98197003
 3.06383176 3.1501921  3.24307854 3.34451858 3.45653971 3.58109054
 3.71709053 3.85954579 4.00320303 4.14280896 4.27311029 4.38885373
 4.48479173 4.55768984 4.60927903 4.64204229 4.65846262 4.66102299
 4.65220642 4.63449588 4.61037438 4.58232491 4.55283046 4.52437402
 4.49943858 4.48050714 4.4700627  4.47058824]
a_x_fitting=[  7.75193798  17.72244408  27.69295017  37.66345627  47.63396236
  57.60446846  67.57497455  77.54548065  87.51598674  97.48649284
 107.45699893 117.42750502 127.39801112 137.36851721 147.33902331
 157.3095294  167.2800355  177.25054159 187.22104769 197.19155378
 207.16205988 217.13256597 227.10307206 237.07357816 247.04408425
 257.01459035 266.98509644 276.95560254 286.92610863 296.89661473
 306.86712082 316.83762692 326.80813301 336.7786391  346.7491452
 356.71965129 366.69015739 376.66066348 386.63116958 396.60167567
 406.57218177 416.54268786 426.51319396 436.48370005 446.45420614
 456.42471224 466.39521833 476.36572443 486.33623052 496.30673662
 506.27724271 516.24774881 526.2182549  536.18876099 546.15926709
 556.12977318 566.10027928 576.07078537 586.04129147 596.01179756
 605.98230366 615.95280975 625.92331585 635.89382194 645.86432803
 655.83483413 665.80534022 675.77584632 685.74635241 695.71685851
 705.6873646  715.6578707  725.62837679 735.59888289 745.56938898
 755.53989507 765.51040117 775.48090726 785.45141336 795.42191945
 805.39242555 815.36293164 825.33343774 835.30394383 845.27444993
 855.24495602 865.21546211 875.18596821 885.1564743  895.1269804
 905.09748649 915.06799259 925.03849868 935.00900478 944.97951087
 954.95001697 964.92052306 974.89102915 984.86153525 994.83204134]
a_y_fitting=[-2.74853801e+00 -2.18655825e+00 -1.77676618e+00 -1.50069481e+00
 -1.33987721e+00 -1.27584641e+00 -1.29013544e+00 -1.36427735e+00
 -1.47980518e+00 -1.61825197e+00 -1.76115075e+00 -1.89003457e+00
 -1.98643647e+00 -2.03188949e+00 -2.00792667e+00 -1.89608105e+00
 -1.67788566e+00 -1.33532928e+00 -8.78986363e-01 -3.64468639e-01
  1.48651466e-01  6.00881315e-01  9.54689584e-01  1.22428972e+00
  1.43134296e+00  1.59749790e+00  1.73427646e+00  1.82484885e+00
  1.84746130e+00  1.78065254e+00  1.62241427e+00  1.40203822e+00
  1.15164737e+00  9.03364693e-01  6.89313187e-01  5.41615834e-01
  4.86096111e-01  5.07606093e-01  5.74612976e-01  6.55540726e-01
  7.18813308e-01  7.32854689e-01  6.66088834e-01  4.86939709e-01
  1.63831679e-01 -3.16592014e-01 -9.00838442e-01 -1.52008603e+00
 -2.10551321e+00 -2.58829841e+00 -2.89968782e+00 -2.99895961e+00
 -2.91654369e+00 -2.69399048e+00 -2.37285041e+00 -1.99467392e+00
 -1.60101142e+00 -1.23341336e+00 -9.24963911e-01 -6.73248059e-01
 -4.66547939e-01 -2.93145650e-01 -1.41323290e-01  6.37044070e-04
  1.44006337e-01  2.93141381e-01  4.46957873e-01  6.04224523e-01
  7.63710041e-01  9.24183139e-01  1.08441253e+00  1.24316691e+00
  1.39921501e+00  1.55132552e+00  1.69826717e+00  1.83880956e+00
  1.97194432e+00  2.09717478e+00  2.21407606e+00  2.32222330e+00
  2.42119165e+00  2.51055623e+00  2.58989220e+00  2.65878491e+00
  2.71718706e+00  2.76551175e+00  2.80420123e+00  2.83369772e+00
  2.85444348e+00  2.86688075e+00  2.87145175e+00  2.86859874e+00
  2.85876396e+00  2.84238964e+00  2.81991802e+00  2.79179135e+00
  2.75845187e+00  2.72034182e+00  2.67790343e+00  2.63157895e+00]
d_x_fitting=[  0.          10.05750877  20.11501753  30.1725263   40.23003506
  50.28754383  60.34505259  70.40256136  80.46007012  90.51757889
 100.57508766 110.63259642 120.69010519 130.74761395 140.80512272
 150.86263148 160.92014025 170.97764901 181.03515778 191.09266654
 201.15017531 211.20768408 221.26519284 231.32270161 241.38021037
 251.43771914 261.4952279  271.55273667 281.61024543 291.6677542
 301.72526297 311.78277173 321.8402805  331.89778926 341.95529803
 352.01280679 362.07031556 372.12782432 382.18533309 392.24284186
 402.30035062 412.35785939 422.41536815 432.47287692 442.53038568
 452.58789445 462.64540321 472.70291198 482.76042074 492.81792951
 502.87543828 512.93294704 522.99045581 533.04796457 543.10547334
 553.1629821  563.22049087 573.27799963 583.3355084  593.39301717
 603.45052593 613.5080347  623.56554346 633.62305223 643.68056099
 653.73806976 663.79557852 673.85308729 683.91059606 693.96810482
 704.02561359 714.08312235 724.14063112 734.19813988 744.25564865
 754.31315741 764.37066618 774.42817494 784.48568371 794.54319248
 804.60070124 814.65821001 824.71571877 834.77322754 844.8307363
 854.88824507 864.94575383 875.0032626  885.06077137 895.11828013
 905.1757889  915.23329766 925.29080643 935.34831519 945.40582396
 955.46333272 965.52084149 975.57835026 985.63585902 995.69336779]
d_y_fitting=[1.22807018 0.93286025 0.75398606 0.67610172 0.68386134 0.76191903
 0.8949289  1.06754507 1.26442165 1.47021275 1.66957249 1.84715498
 1.98761432 2.07597684 2.11084804 2.10797505 2.08420179 2.05637221
 2.04133022 2.05578059 2.10790135 2.19255185 2.30343374 2.43424867
 2.57869828 2.73048422 2.88330812 3.03087165 3.16687471 3.28497923
 3.3788101  3.44199066 3.46814424 3.45089419 3.38386383 3.26067652
 3.07495559 2.82127001 2.50817483 2.15490854 1.78097971 1.4058969
 1.04916869 0.73030364 0.46881032 0.28226865 0.16993576 0.12094103
 0.12430707 0.1690565  0.24421193 0.33895564 0.44666788 0.5652413
 0.6927912  0.82743289 0.96728168 1.11045288 1.25506179 1.39922372
 1.54105398 1.67866788 1.81018073 1.93370783 2.04736449 2.14926602
 2.23752773 2.31026493 2.36559292 2.40162939 2.41764271 2.41589937
 2.39914797 2.37013709 2.33161531 2.28633123 2.23703343 2.18647049
 2.13739101 2.09254358 2.05467677 2.02626039 2.00737934 1.99690795
 1.99371106 1.9966535  2.0046001  2.01641569 2.03096511 2.04711319
 2.06372477 2.07966467 2.09379773 2.10498879 2.11210267 2.11400421
 2.10955824 2.0976296  2.07708312 2.04678363]