
p_x=[0.0, 44.78897502153316, 72.35142118863048, 105.08182601205857, 130.92161929371233, 183.4625322997416, 204.9956933677864, 223.083548664944, 246.3393626184324, 282.51507321274767, 322.99741602067184, 357.4504737295435, 373.81567614125754, 397.0714900947459, 428.0792420327304, 477.1748492678725, 499.5693367786391, 527.1317829457365, 536.6063738156761, 545.2196382428941, 557.2782084409992, 571.9207579672697, 604.6511627906976, 671.8346253229975, 752.7993109388458, 858.7424633936262, 873.3850129198967, 927.6485788113695, 943.1524547803618, 968.1309216192938, 999.1386735572783]
p_y=[-1.1764705882352935, -1.0588235294117645, -1.1764705882352935, -0.8235294117647047, 0.9411764705882355, 1.2941176470588225, 1.1764705882352935, -1.1764705882352935, -0.9411764705882355, -0.9411764705882355, -0.9411764705882355, -0.9411764705882355, 0.9411764705882355, 1.2941176470588225, 1.1764705882352935, 1.5294117647058822, 1.2941176470588225, 1.1764705882352935, 1.1764705882352935, -0.7058823529411757, -0.8235294117647047, -0.8235294117647047, -0.8235294117647047, -0.7058823529411757, -0.7058823529411757, -0.5882352941176467, 1.1764705882352935, 1.2941176470588225, 1.1764705882352935, -0.5882352941176467, -0.7058823529411757]
a_x=[3.4453057708871664, 93.88458225667529, 201.5503875968992, 323.85874246339364, 378.9836347975883, 406.54608096468564, 427.2179155900086, 440.9991386735573, 465.9776055124892, 499.5693367786391, 536.6063738156761, 630.4909560723514, 768.303186907838, 860.4651162790698, 875.968992248062, 900.0861326442722, 973.2988802756245, 997.4160206718346]
a_y=[-6.374269005847953, -6.491228070175438, -6.374269005847953, -6.491228070175438, -6.491228070175438, -6.491228070175438, -6.374269005847953, -4.853801169590643, -4.502923976608187, -4.502923976608187, -5.789473684210527, -6.023391812865498, -6.374269005847953, -6.257309941520468, -5.204678362573098, -4.502923976608187, -5.6725146198830405, -6.725146198830409]
d_x=[0.8613264427217916, 65.46080964685616, 105.94315245478036, 198.96640826873386, 278.20844099913865, 354.86649440137813, 416.0206718346253, 447.8897502153316, 489.2334194659776, 534.8837209302325, 550.3875968992248, 596.0378983634797, 643.4108527131783, 772.609819121447, 827.7347114556417, 860.4651162790698, 882.8596037898363, 918.1739879414298, 962.1016365202412, 998.2773471145564]
d_y=[-1.1111111111111107, -0.9941520467836256, -0.8771929824561404, -1.1111111111111107, -0.8771929824561404, -0.8771929824561404, -0.5263157894736832, 1.1111111111111107, 1.461988304093568, 0.8771929824561404, -0.5263157894736832, -1.1111111111111107, -0.6432748538011701, -0.5263157894736832, -0.8771929824561404, -0.9941520467836256, 1.2280701754385976, 1.3450292397660828, 1.2280701754385976, -0.9941520467836256]
p_x_fitting=[  0.          10.09230983  20.18461967  30.2769295   40.36923934
  50.46154917  60.553859    70.64616884  80.73847867  90.83078851
 100.92309834 111.01540817 121.10771801 131.20002784 141.29233767
 151.38464751 161.47695734 171.56926718 181.66157701 191.75388684
 201.84619668 211.93850651 222.03081635 232.12312618 242.21543601
 252.30774585 262.40005568 272.49236552 282.58467535 292.67698518
 302.76929502 312.86160485 322.95391469 333.04622452 343.13853435
 353.23084419 363.32315402 373.41546385 383.50777369 393.60008352
 403.69239336 413.78470319 423.87701302 433.96932286 444.06163269
 454.15394253 464.24625236 474.33856219 484.43087203 494.52318186
 504.6154917  514.70780153 524.80011136 534.8924212  544.98473103
 555.07704087 565.1693507  575.26166053 585.35397037 595.4462802
 605.53859003 615.63089987 625.7232097  635.81551954 645.90782937
 656.0001392  666.09244904 676.18475887 686.27706871 696.36937854
 706.46168837 716.55399821 726.64630804 736.73861788 746.83092771
 756.92323754 767.01554738 777.10785721 787.20016705 797.29247688
 807.38478671 817.47709655 827.56940638 837.66171621 847.75402605
 857.84633588 867.93864572 878.03095555 888.12326538 898.21557522
 908.30788505 918.40019489 928.49250472 938.58481455 948.67712439
 958.76943422 968.86174406 978.95405389 989.04636372 999.13867356]
p_y_fitting=[-1.17647059 -1.12428349 -1.08526552 -1.06159318 -1.055443   -1.0689915
 -1.1044152  -1.16389061 -1.23690945 -1.22802262 -1.00690285 -0.45811264
  0.29830881  0.95521045  1.28089776  1.34056306  1.26772268  1.19589297
  1.25859024  1.50501223  1.40257235  0.30072073 -1.07924149 -1.46235028
 -1.11225197 -0.78850333 -0.74743345 -0.84875282 -0.94144259 -0.91787754
 -0.84045295 -0.81319881 -0.94014509 -1.25049233 -1.47022758 -1.24854795
 -0.28525629  0.90555862  1.39756274  1.35015935  1.21083171  1.1507277
  1.15757491  1.21554938  1.304742    1.4019606   1.48392017  1.52733569
  1.508231    1.39594856  1.16339167  0.95144369  1.0690093   1.35291279
 -0.66608513 -0.92662536 -0.72696455 -0.86457511 -0.90771953 -0.8736656
 -0.81939682 -0.78751558 -0.77635271 -0.77574745 -0.77553902 -0.76556666
 -0.7356696  -0.67607886 -0.58979557 -0.49511191 -0.41122112 -0.35731648
 -0.35259125 -0.41623868 -0.56745204 -0.82464971 -1.1776061  -1.57971999
 -1.98204123 -2.3356197  -2.59150524 -2.7007477  -2.61439696 -2.28350285
 -1.65911525 -0.692284    0.56629049  1.55998644  1.98075087  1.98424616
  1.75026223  1.45858899  1.28894342  1.26258645  0.93079114  0.19562385
 -0.64606354 -1.28383463 -1.40725304 -0.70588235]
a_x_fitting=[  3.44530577  13.485414    23.52552223  33.56563046  43.6057387
  53.64584693  63.68595516  73.72606339  83.76617162  93.80627985
 103.84638808 113.88649632 123.92660455 133.96671278 144.00682101
 154.04692924 164.08703747 174.1271457  184.16725393 194.20736217
 204.2474704  214.28757863 224.32768686 234.36779509 244.40790332
 254.44801155 264.48811979 274.52822802 284.56833625 294.60844448
 304.64855271 314.68866094 324.72876917 334.7688774  344.80898564
 354.84909387 364.8892021  374.92931033 384.96941856 395.00952679
 405.04963502 415.08974326 425.12985149 435.16995972 445.21006795
 455.25017618 465.29028441 475.33039264 485.37050087 495.41060911
 505.45071734 515.49082557 525.5309338  535.57104203 545.61115026
 555.65125849 565.69136672 575.73147496 585.77158319 595.81169142
 605.85179965 615.89190788 625.93201611 635.97212434 646.01223258
 656.05234081 666.09244904 676.13255727 686.1726655  696.21277373
 706.25288196 716.29299019 726.33309843 736.37320666 746.41331489
 756.45342312 766.49353135 776.53363958 786.57374781 796.61385605
 806.65396428 816.69407251 826.73418074 836.77428897 846.8143972
 856.85450543 866.89461366 876.9347219  886.97483013 897.01493836
 907.05504659 917.09515482 927.13526305 937.17537128 947.21547952
 957.25558775 967.29569598 977.33580421 987.37591244 997.41602067]
a_y_fitting=[-6.37426901 -6.4086051  -6.43651929 -6.45847783 -6.47494697 -6.48639296
 -6.49328204 -6.49608046 -6.49525448 -6.49127033 -6.48459427 -6.47569254
 -6.4650314  -6.45307708 -6.44029585 -6.42715394 -6.41411761 -6.4016531
 -6.39022666 -6.38030454 -6.37235187 -6.36672045 -6.36355292 -6.36296938
 -6.36508989 -6.37003452 -6.37792337 -6.38887649 -6.40301397 -6.42045589
 -6.44132232 -6.46573334 -6.49380815 -6.52394192 -6.54920258 -6.56163225
 -6.55327306 -6.51616716 -6.44613551 -6.39640417 -6.46483524 -6.66912779
 -6.51526572 -5.50246373 -4.55730589 -4.36523343 -4.49490326 -4.53094883
 -4.47686888 -4.46462794 -4.61871897 -4.94475856 -5.35336946 -5.7525209
 -6.0628248  -6.27392899 -6.39892802 -6.45093562 -6.44306557 -6.38843159
 -6.30014746 -6.19132692 -6.07508371 -5.96422546 -5.86583266 -5.78190574
 -5.71426898 -5.66474664 -5.635163   -5.62734232 -5.64310889 -5.68428696
 -5.75270082 -5.85017473 -5.97853297 -6.1395998  -6.33519949 -6.56436605
 -6.80677116 -7.03387785 -7.21711946 -7.32792934 -7.33774083 -7.21798728
 -6.94010203 -6.47551844 -5.81224856 -5.15057971 -4.73979568 -4.5378743
 -4.45292184 -4.4474855  -4.51674388 -4.65631772 -4.86182774 -5.12889468
 -5.45313927 -5.83018223 -6.2556443  -6.7251462 ]
d_x_fitting=[8.61326443e-01 1.09362357e+01 2.10111450e+01 3.10860543e+01
 4.11609636e+01 5.12358729e+01 6.13107822e+01 7.13856915e+01
 8.14606008e+01 9.15355101e+01 1.01610419e+02 1.11685329e+02
 1.21760238e+02 1.31835147e+02 1.41910057e+02 1.51984966e+02
 1.62059875e+02 1.72134785e+02 1.82209694e+02 1.92284603e+02
 2.02359512e+02 2.12434422e+02 2.22509331e+02 2.32584240e+02
 2.42659150e+02 2.52734059e+02 2.62808968e+02 2.72883878e+02
 2.82958787e+02 2.93033696e+02 3.03108605e+02 3.13183515e+02
 3.23258424e+02 3.33333333e+02 3.43408243e+02 3.53483152e+02
 3.63558061e+02 3.73632971e+02 3.83707880e+02 3.93782789e+02
 4.03857698e+02 4.13932608e+02 4.24007517e+02 4.34082426e+02
 4.44157336e+02 4.54232245e+02 4.64307154e+02 4.74382064e+02
 4.84456973e+02 4.94531882e+02 5.04606791e+02 5.14681701e+02
 5.24756610e+02 5.34831519e+02 5.44906429e+02 5.54981338e+02
 5.65056247e+02 5.75131157e+02 5.85206066e+02 5.95280975e+02
 6.05355884e+02 6.15430794e+02 6.25505703e+02 6.35580612e+02
 6.45655522e+02 6.55730431e+02 6.65805340e+02 6.75880250e+02
 6.85955159e+02 6.96030068e+02 7.06104977e+02 7.16179887e+02
 7.26254796e+02 7.36329705e+02 7.46404615e+02 7.56479524e+02
 7.66554433e+02 7.76629343e+02 7.86704252e+02 7.96779161e+02
 8.06854070e+02 8.16928980e+02 8.27003889e+02 8.37078798e+02
 8.47153708e+02 8.57228617e+02 8.67303526e+02 8.77378436e+02
 8.87453345e+02 8.97528254e+02 9.07603163e+02 9.17678073e+02
 9.27752982e+02 9.37827891e+02 9.47902801e+02 9.57977710e+02
 9.68052619e+02 9.78127529e+02 9.88202438e+02 9.98277347e+02]
d_y_fitting=[-1.11111111 -1.13270182 -1.13366063 -1.11800754 -1.0897625  -1.0529455
 -1.01157651 -0.96967549 -0.93126244 -0.90035731 -0.88098009 -0.87691983
 -0.88806311 -0.91104575 -0.94240438 -0.97867564 -1.01639615 -1.05210254
 -1.08233145 -1.1036195  -1.11253858 -1.10772478 -1.09098426 -1.0643925
 -1.03002497 -0.98995715 -0.94626451 -0.90102251 -0.85634023 -0.81521362
 -0.78159394 -0.7594798  -0.75286978 -0.76576248 -0.80215648 -0.86605039
 -0.95686036 -1.04620595 -1.09528139 -1.06526249 -0.917325   -0.61264471
 -0.12765785  0.44575066  0.96289013  1.28856454  1.41790701  1.43885707
  1.44134476  1.50989797  1.61869827  1.63879339  1.43727347  0.8812286
 -0.03913572 -0.84492471 -1.25829611 -1.36942775 -1.28801046 -1.1237351
 -0.97128763 -0.85010588 -0.7560892  -0.68512891 -0.63311965 -0.59649629
 -0.5728247  -0.55981287 -0.55516882 -0.55660055 -0.56181607 -0.56852339
 -0.5744305  -0.57724542 -0.57467616 -0.56443072 -0.54421711 -0.51205434
 -0.47812631 -0.46846267 -0.51015642 -0.63030056 -0.85598809 -1.17443968
 -1.37448217 -1.18335584 -0.37671133  0.73081139  1.50228462  1.70630177
  1.57213879  1.35349779  1.25619692  1.26399385  1.29632165  1.27260672
  1.11227548  0.73475433  0.05946968 -0.99415205]