
p_x=[4.3066322136089585, 92.16192937123171, 116.27906976744185, 161.06804478897502, 188.63049095607235, 256.6752799310939, 395.3488372093023, 583.1180017226529, 745.0473729543497, 838.931955211025, 994.8320413436692]
p_y=[1.4117647058823533, 1.5294117647058822, 3.2941176470588243, 3.647058823529412, 3.4117647058823533, 1.882352941176471, 3.647058823529412, 3.88235294117647, 3.764705882352941, 3.0588235294117645, 3.1764705882352935]
a_x=[2.5839793281653747, 87.85529715762273, 118.00172265288545, 204.1343669250646, 270.4565030146425, 352.2825150732127, 396.2101636520241, 564.1688199827735, 637.3815676141257, 691.6451335055987, 819.1214470284239, 994.8320413436692]
a_y=[-5.789473684210527, -5.6725146198830405, -4.035087719298245, -3.9181286549707615, -4.385964912280702, -4.970760233918128, -3.5672514619883025, -2.9824561403508767, -0.7602339181286553, -0.6432748538011701, -0.7602339181286553, -0.2923976608187129]
d_x=[1.7226528854435832, 90.43927648578811, 109.38845822566753, 241.17140396210164, 266.14987080103356, 401.3781223083548, 547.8036175710595, 587.4246339362619, 715.7622739018088, 821.7054263565892, 997.4160206718346]
d_y=[1.461988304093568, 1.578947368421053, 2.9824561403508776, 3.9181286549707606, 2.1637426900584797, 2.1637426900584797, 1.6959064327485383, 3.450292397660819, 3.6842105263157894, 3.9181286549707606, 3.5672514619883042]
p_x_fitting=[  4.30663221  14.31193938  24.31724654  34.3225537   44.32786087
  54.33316803  64.33847519  74.34378235  84.34908952  94.35439668
 104.35970384 114.36501101 124.37031817 134.37562533 144.38093249
 154.38623966 164.39154682 174.39685398 184.40216115 194.40746831
 204.41277547 214.41808264 224.4233898  234.42869696 244.43400412
 254.43931129 264.44461845 274.44992561 284.45523278 294.46053994
 304.4658471  314.47115426 324.47646143 334.48176859 344.48707575
 354.49238292 364.49769008 374.50299724 384.5083044  394.51361157
 404.51891873 414.52422589 424.52953306 434.53484022 444.54014738
 454.54545455 464.55076171 474.55606887 484.56137603 494.5666832
 504.57199036 514.57729752 524.58260469 534.58791185 544.59321901
 554.59852617 564.60383334 574.6091405  584.61444766 594.61975483
 604.62506199 614.63036915 624.63567632 634.64098348 644.64629064
 654.6515978  664.65690497 674.66221213 684.66751929 694.67282646
 704.67813362 714.68344078 724.68874794 734.69405511 744.69936227
 754.70466943 764.7099766  774.71528376 784.72059092 794.72589809
 804.73120525 814.73651241 824.74181957 834.74712674 844.7524339
 854.75774106 864.76304823 874.76835539 884.77366255 894.77896971
 904.78427688 914.78958404 924.7948912  934.80019837 944.80550553
 954.81081269 964.81611985 974.82142702 984.82673418 994.83204134]
p_y_fitting=[ 1.41176471 -0.27763024 -1.32357885 -1.81711335 -1.849266   -1.51106904
 -0.89355472 -0.08775527  0.81529705  1.72457     2.54903133  3.19764881
  3.59368322  3.7631296   3.77691786  3.70616712  3.62132091  3.55194654
  3.46405665  3.32013692  3.11484815  2.86913495  2.6047117   2.34329278
  2.10659256  1.91632543  1.79193956  1.73481168  1.73767066  1.79319133
  1.89404854  2.03291712  2.20247192  2.39538777  2.60433953  2.82200203
  3.0410501   3.2541586   3.45400237  3.63325623  3.78578866  3.91160749
  4.0126889   4.09100997  4.14854781  4.18727949  4.20918209  4.21623271
  4.21040843  4.19368634  4.16804353  4.13545708  4.09790407  4.0573616
  4.01580674  3.9752166   3.93756825  3.90483878  3.87900348  3.8612331
  3.85062739  3.84595749  3.84599452  3.84950961  3.85527388  3.86205847
  3.86863449  3.87377308  3.87624536  3.87482245  3.86827549  3.8553756
  3.83489391  3.80560154  3.76626962  3.71608832  3.65610845  3.58789709
  3.51302133  3.43304825  3.34954495  3.26407852  3.17821605  3.09352463
  3.01157135  2.9339233   2.86214757  2.79781126  2.74248145  2.69772523
  2.66510969  2.64620193  2.64256903  2.65577809  2.6873962   2.73899044
  2.81212791  2.9083757   3.02930089  3.17647059]
a_x_fitting=[  2.58397933  12.60668703  22.62939472  32.65210242  42.67481012
  52.69751781  62.72022551  72.74293321  82.76564091  92.7883486
 102.8110563  112.833764   122.85647169 132.87917939 142.90188709
 152.92459479 162.94730248 172.97001018 182.99271788 193.01542557
 203.03813327 213.06084097 223.08354866 233.10625636 243.12896406
 253.15167176 263.17437945 273.19708715 283.21979485 293.24250254
 303.26521024 313.28791794 323.31062564 333.33333333 343.35604103
 353.37874873 363.40145642 373.42416412 383.44687182 393.46957952
 403.49228721 413.51499491 423.53770261 433.5604103  443.583118
 453.6058257  463.6285334  473.65124109 483.67394879 493.69665649
 503.71936418 513.74207188 523.76477958 533.78748728 543.81019497
 553.83290267 563.85561037 573.87831806 583.90102576 593.92373346
 603.94644116 613.96914885 623.99185655 634.01456425 644.03727194
 654.05997964 664.08268734 674.10539504 684.12810273 694.15081043
 704.17351813 714.19622582 724.21893352 734.24164122 744.26434892
 754.28705661 764.30976431 774.33247201 784.3551797  794.3778874
 804.4005951  814.4233028  824.44601049 834.46871819 844.49142589
 854.51413358 864.53684128 874.55954898 884.58225668 894.60496437
 904.62767207 914.65037977 924.67308746 934.69579516 944.71850286
 954.74121056 964.76391825 974.78662595 984.80933365 994.83204134]
a_y_fitting=[-5.78947368 -6.78045727 -7.3951866  -7.6837268  -7.69614302 -7.48250038
 -7.09286402 -6.57729907 -5.98587066 -5.36864394 -4.77568402 -4.25705605
 -3.861469   -3.60402664 -3.4648294  -3.42234173 -3.45502812 -3.54135301
 -3.6597809  -3.78877624 -3.9068035  -3.99622376 -4.06108665 -4.11294365
 -4.16335346 -4.22387478 -4.30606632 -4.42137919 -4.5708271  -4.73641122
 -4.89811418 -5.03591866 -5.12980729 -5.15976275 -5.10576768 -4.94781931
 -4.68106265 -4.3444364  -3.98474729 -3.64880206 -3.37980641 -3.1870471
 -3.06119035 -2.9927104  -2.97208153 -2.98977799 -3.03627406 -3.10204398
 -3.17756203 -3.25330247 -3.31973956 -3.36734755 -3.38660073 -3.36797333
 -3.30193964 -3.17897391 -2.9895504  -2.72903866 -2.41431499 -2.06816023
 -1.71335541 -1.37268152 -1.06891958 -0.82485059 -0.66126514 -0.57559504
 -0.55009679 -0.5667692  -0.60761108 -0.65466901 -0.69577095 -0.72997317
 -0.75762199 -0.77906371 -0.79464467 -0.80471117 -0.80960953 -0.80968608
 -0.80528713 -0.796759   -0.78444801 -0.76870046 -0.74986269 -0.72828101
 -0.70430174 -0.67827119 -0.65053569 -0.62144155 -0.59133508 -0.56056261
 -0.52947046 -0.49840494 -0.46771237 -0.43773906 -0.40883134 -0.38133553
 -0.35559794 -0.33196488 -0.31078268 -0.29239766]
d_x_fitting=[  1.72265289  11.78016165  21.83767042  31.89517918  41.95268795
  52.01019671  62.06770548  72.12521424  82.18272301  92.24023178
 102.29774054 112.35524931 122.41275807 132.47026684 142.5277756
 152.58528437 162.64279313 172.7003019  182.75781066 192.81531943
 202.8728282  212.93033696 222.98784573 233.04535449 243.10286326
 253.16037202 263.21788079 273.27538955 283.33289832 293.39040709
 303.44791585 313.50542462 323.56293338 333.62044215 343.67795091
 353.73545968 363.79296844 373.85047721 383.90798598 393.96549474
 404.02300351 414.08051227 424.13802104 434.1955298  444.25303857
 454.31054733 464.3680561  474.42556486 484.48307363 494.5405824
 504.59809116 514.65559993 524.71310869 534.77061746 544.82812622
 554.88563499 564.94314375 575.00065252 585.05816129 595.11567005
 605.17317882 615.23068758 625.28819635 635.34570511 645.40321388
 655.46072264 665.51823141 675.57574018 685.63324894 695.69075771
 705.74826647 715.80577524 725.863284   735.92079277 745.97830153
 756.0358103  766.09331906 776.15082783 786.2083366  796.26584536
 806.32335413 816.38086289 826.43837166 836.49588042 846.55338919
 856.61089795 866.66840672 876.72591549 886.78342425 896.84093302
 906.89844178 916.95595055 927.01345931 937.07096808 947.12847684
 957.18598561 967.24349438 977.30100314 987.35851191 997.41602067]
d_y_fitting=[ 1.4619883   0.29079569 -0.46069744 -0.84386533 -0.91008225 -0.71072244
 -0.29716017  0.27923031  0.96707475  1.71499888  2.47162846  3.18579214
  3.82267516  4.37556645  4.84052527  5.2136109   5.49088259  5.66839962
  5.74222125  5.70840676  5.5630154   5.30210645  4.92173917  4.41797283
  3.78701676  3.06036821  2.35003573  1.77079234  1.35311086  1.07885755
  0.92931276  0.88575684  0.92947011  1.04173292  1.2038256   1.39702851
  1.60262197  1.80188633  1.97610193  2.1065491   2.17460543  2.172031
  2.11004602  2.00201133  1.86128773  1.70123604  1.53521707  1.37659165
  1.23872059  1.13496471  1.07868482  1.08324174  1.16199628  1.32830927
  1.59554152  1.97303481  2.4292369   2.90873921  3.3558351   3.71972247
  3.9902556   4.17739146  4.29122992  4.34187081  4.33941399  4.2939593
  4.21560661  4.11445576  4.00060661  3.88415899  3.77521278  3.6838678
  3.61811548  3.57762212  3.55999964  3.56285991  3.58381483  3.62047629
  3.67045618  3.7313664   3.80081883  3.87642537  3.9557979   4.03654832
  4.11628853  4.1926304   4.26318584  4.32556674  4.37738498  4.41625246
  4.43978107  4.4455827   4.43126924  4.39445258  4.33274462  4.24375725
  4.12510236  3.97439183  3.78923757  3.56725146]