
p_x=[0.8613264427217916, 24.978466838931958, 58.57019810508183, 92.16192937123171, 115.41774332472008, 128.33763996554694, 150.7321274763135, 168.81998277347117, 217.05426356589146, 260.12058570198104, 282.51507321274767, 331.61068044788976, 380.70628768303186, 484.9267872523686, 548.6649440137812, 577.0887166236004, 604.6511627906976, 627.9069767441861, 659.7760551248923, 689.0611541774333, 777.7777777777778, 908.69939707149, 996.5546942291128]
p_y=[-1.2941176470588225, -1.5294117647058805, -1.4117647058823515, -1.647058823529413, -1.1764705882352935, 0.8235294117647065, 0.9411764705882355, 0.8235294117647065, 0.9411764705882355, 0.8235294117647065, 2.3529411764705888, 3.1764705882352935, 3.647058823529412, 2.3529411764705888, 1.5294117647058822, 1.4117647058823533, 1.4117647058823533, 3.1764705882352935, 3.647058823529412, 3.0588235294117645, 3.2941176470588243, 3.1764705882352935, 3.0588235294117645]
a_x=[2.5839793281653747, 56.84754521963824, 109.38845822566753, 134.36692506459949, 172.26528854435833, 197.24375538329025, 240.31007751937986, 266.14987080103356, 285.9603789836348, 317.82945736434107, 356.58914728682174, 385.8742463393626, 476.3135228251507, 546.9422911283376, 583.9793281653747, 611.5417743324721, 626.1843238587425, 671.8346253229975, 732.9888027562446, 807.0628768303187, 876.8303186907838, 942.29112833764, 993.9707149009474]
a_y=[-6.6081871345029235, -6.6081871345029235, -6.842105263157894, -5.789473684210527, -5.204678362573098, -5.204678362573098, -5.555555555555555, -5.321637426900585, -4.269005847953215, -3.333333333333332, -3.333333333333332, -3.099415204678362, -4.619883040935672, -4.853801169590643, -5.321637426900585, -4.7368421052631575, -3.8011695906432745, -3.6842105263157894, -3.099415204678362, -3.450292397660819, -3.9181286549707615, -4.035087719298245, -3.6842105263157894]
d_x=[0.8613264427217916, 53.402239448751075, 88.71662360034453, 118.00172265288545, 137.81223083548667, 167.09732988802756, 172.26528854435833, 195.52110249784667, 227.39018087855297, 260.98191214470285, 280.79242032730406, 330.74935400516796, 379.8449612403101, 470.2842377260982, 557.2782084409992, 609.8191214470285, 638.2428940568475, 668.3893195521102, 693.3677863910423, 762.2739018087855, 827.7347114556417, 893.1955211024979, 995.693367786391]
d_y=[-1.2280701754385959, -1.1111111111111107, -1.2280701754385959, -1.3450292397660828, 0.29239766081871466, 0.7602339181286553, 0.7602339181286553, 0.9941520467836256, 0.7602339181286553, 0.8771929824561404, 2.0467836257309946, 3.2163742690058488, 3.333333333333334, 2.0467836257309946, 1.8128654970760234, 1.6959064327485383, 3.5672514619883042, 3.9181286549707606, 4.035087719298246, 3.8011695906432754, 3.6842105263157894, 3.5672514619883042, 3.5672514619883042]
p_x_fitting=[8.61326443e-01 1.09188352e+01 2.09763440e+01 3.10338527e+01
 4.10913615e+01 5.11488703e+01 6.12063790e+01 7.12638878e+01
 8.13213966e+01 9.13789053e+01 1.01436414e+02 1.11493923e+02
 1.21551432e+02 1.31608940e+02 1.41666449e+02 1.51723958e+02
 1.61781467e+02 1.71838975e+02 1.81896484e+02 1.91953993e+02
 2.02011502e+02 2.12069011e+02 2.22126519e+02 2.32184028e+02
 2.42241537e+02 2.52299046e+02 2.62356554e+02 2.72414063e+02
 2.82471572e+02 2.92529081e+02 3.02586589e+02 3.12644098e+02
 3.22701607e+02 3.32759116e+02 3.42816624e+02 3.52874133e+02
 3.62931642e+02 3.72989151e+02 3.83046660e+02 3.93104168e+02
 4.03161677e+02 4.13219186e+02 4.23276695e+02 4.33334203e+02
 4.43391712e+02 4.53449221e+02 4.63506730e+02 4.73564238e+02
 4.83621747e+02 4.93679256e+02 5.03736765e+02 5.13794273e+02
 5.23851782e+02 5.33909291e+02 5.43966800e+02 5.54024309e+02
 5.64081817e+02 5.74139326e+02 5.84196835e+02 5.94254344e+02
 6.04311852e+02 6.14369361e+02 6.24426870e+02 6.34484379e+02
 6.44541887e+02 6.54599396e+02 6.64656905e+02 6.74714414e+02
 6.84771922e+02 6.94829431e+02 7.04886940e+02 7.14944449e+02
 7.25001958e+02 7.35059466e+02 7.45116975e+02 7.55174484e+02
 7.65231993e+02 7.75289501e+02 7.85347010e+02 7.95404519e+02
 8.05462028e+02 8.15519536e+02 8.25577045e+02 8.35634554e+02
 8.45692063e+02 8.55749572e+02 8.65807080e+02 8.75864589e+02
 8.85922098e+02 8.95979607e+02 9.06037115e+02 9.16094624e+02
 9.26152133e+02 9.36209642e+02 9.46267150e+02 9.56324659e+02
 9.66382168e+02 9.76439677e+02 9.86497185e+02 9.96554694e+02]
p_y_fitting=[-1.29411765 -1.45027688 -1.52033585 -1.52743816 -1.49472742 -1.44534722
 -1.40248476 -1.39402079 -1.456654   -1.6280559  -1.8491541  -1.57169025
 -0.21229231  1.11680361  1.24473621  0.91375419  0.79652802  0.84501946
  0.92893962  1.00556907  1.04066571  0.99998743  0.85277443  0.64675656
  0.50727264  0.56296768  0.94164841  1.63515443  2.35027867  2.82481961
  3.06761683  3.15615514  3.16791937  3.18036867  3.24721841  3.35449372
  3.47623646  3.58648847  3.65935935  3.6787604   3.6485689   3.57509137
  3.46463434  3.32350434  3.15800789  2.97445152  2.77914177  2.57838515
  2.37848819  2.18573969  2.00632336  1.84638436  1.71206776  1.60951866
  1.54488215  1.52252744  1.51165446  1.44918486  1.2901857   1.18475928
  1.39599035  2.08168335  2.92752072  3.51466412  3.74165644  3.71885122
  3.55928562  3.34695928  3.13569871  2.97593314  2.88490549  2.85247295
  2.8676733   2.9195443   2.99712374  3.08944939  3.18555903  3.27449044
  3.34618552  3.39838777  3.43282911  3.45127358  3.45548525  3.44722814
  3.42826631  3.40036381  3.36528467  3.32479295  3.28065269  3.23462794
  3.18848275  3.14398115  3.1028872   3.06696494  3.03797843  3.01769169
  3.00786879  3.01027376  3.02667066  3.05882353]
a_x_fitting=[  2.58397933  12.59798676  22.61199419  32.62600162  42.64000905
  52.65401648  62.66802391  72.68203134  82.69603877  92.7100462
 102.72405363 112.73806106 122.75206849 132.76607592 142.78008335
 152.79409078 162.80809821 172.82210564 182.83611307 192.8501205
 202.86412793 212.87813536 222.89214279 232.90615022 242.92015765
 252.93416508 262.94817251 272.96217994 282.97618737 292.9901948
 303.00420223 313.01820966 323.03221709 333.04622452 343.06023195
 353.07423938 363.08824681 373.10225424 383.11626167 393.1302691
 403.14427653 413.15828396 423.17229139 433.18629882 443.20030625
 453.21431368 463.22832111 473.24232854 483.25633597 493.2703434
 503.28435083 513.29835826 523.31236569 533.32637312 543.34038055
 553.35438798 563.36839541 573.38240284 583.39641027 593.4104177
 603.42442513 613.43843256 623.45243999 633.46644742 643.48045485
 653.49446228 663.50846971 673.52247714 683.53648457 693.550492
 703.56449943 713.57850686 723.59251429 733.60652172 743.62052915
 753.63453658 763.64854401 773.66255144 783.67655887 793.6905663
 803.70457373 813.71858116 823.73258859 833.74659602 843.76060345
 853.77461088 863.78861831 873.80262574 883.81663317 893.8306406
 903.84464803 913.85865546 923.87266289 933.88667032 943.90067775
 953.91468518 963.92869261 973.94270004 983.95670747 993.9707149 ]
a_y_fitting=[-6.60818713 -6.29750071 -6.1742174  -6.19728575 -6.32565431 -6.51827165
 -6.73408631 -6.93204685 -7.07110183 -7.11019981 -7.00828933 -6.72551022
 -6.2928863  -5.85097215 -5.53100089 -5.34249023 -5.24625833 -5.20299592
 -5.18316368 -5.19031563 -5.23420994 -5.3106552  -5.40357249 -5.4965026
 -5.57270375 -5.58459134 -5.4264015  -5.00461783 -4.4326879  -3.93777787
 -3.59490759 -3.38868253 -3.30173351 -3.29935428 -3.33036354 -3.3429277
 -3.29048897 -3.19192599 -3.11036921 -3.10456281 -3.1837415  -3.32981427
 -3.52440337 -3.74913107 -3.98561965 -4.21549136 -4.42036848 -4.58187326
 -4.68369998 -4.73144144 -4.74384451 -4.73983538 -4.73834025 -4.75828533
 -4.81859681 -4.93535575 -5.08819282 -5.23151353 -5.31921907 -5.29979377
 -5.09591153 -4.62322991 -3.95889436 -3.51194388 -3.37397807 -3.43415625
 -3.57956271 -3.69739588 -3.71243294 -3.64107719 -3.51343306 -3.35960495
 -3.2096973  -3.09381294 -3.03408504 -3.02613448 -3.0600761  -3.12602475
 -3.21409526 -3.31440246 -3.41706121 -3.51271532 -3.5982036  -3.67438331
 -3.74217966 -3.80251784 -3.85632309 -3.90452059 -3.94788749 -3.98565951
 -4.01615728 -4.03768938 -4.04856437 -4.04709083 -4.03157733 -4.00033245
 -3.95166475 -3.88388282 -3.79529522 -3.68421053]
d_x_fitting=[8.61326443e-01 1.09101349e+01 2.09589434e+01 3.10077519e+01
 4.10565604e+01 5.11053689e+01 6.11541774e+01 7.12029859e+01
 8.12517944e+01 9.13006029e+01 1.01349411e+02 1.11398220e+02
 1.21447028e+02 1.31495837e+02 1.41544645e+02 1.51593454e+02
 1.61642262e+02 1.71691071e+02 1.81739879e+02 1.91788688e+02
 2.01837496e+02 2.11886305e+02 2.21935113e+02 2.31983922e+02
 2.42032730e+02 2.52081539e+02 2.62130347e+02 2.72179156e+02
 2.82227964e+02 2.92276773e+02 3.02325581e+02 3.12374390e+02
 3.22423198e+02 3.32472007e+02 3.42520815e+02 3.52569624e+02
 3.62618432e+02 3.72667241e+02 3.82716049e+02 3.92764858e+02
 4.02813666e+02 4.12862475e+02 4.22911283e+02 4.32960092e+02
 4.43008900e+02 4.53057709e+02 4.63106517e+02 4.73155326e+02
 4.83204134e+02 4.93252943e+02 5.03301751e+02 5.13350560e+02
 5.23399368e+02 5.33448177e+02 5.43496985e+02 5.53545794e+02
 5.63594602e+02 5.73643411e+02 5.83692219e+02 5.93741028e+02
 6.03789836e+02 6.13838645e+02 6.23887453e+02 6.33936262e+02
 6.43985070e+02 6.54033879e+02 6.64082687e+02 6.74131496e+02
 6.84180304e+02 6.94229113e+02 7.04277921e+02 7.14326730e+02
 7.24375538e+02 7.34424347e+02 7.44473155e+02 7.54521964e+02
 7.64570772e+02 7.74619581e+02 7.84668389e+02 7.94717198e+02
 8.04766006e+02 8.14814815e+02 8.24863623e+02 8.34912432e+02
 8.44961240e+02 8.55010049e+02 8.65058857e+02 8.75107666e+02
 8.85156474e+02 8.95205283e+02 9.05254091e+02 9.15302900e+02
 9.25351708e+02 9.35400517e+02 9.45449325e+02 9.55498134e+02
 9.65546942e+02 9.75595751e+02 9.85644559e+02 9.95693368e+02]
d_y_fitting=[-1.22807018 -1.3653441  -1.39031844 -1.33718109 -1.24011996 -1.13332295
 -1.05097795 -1.02727287 -1.0963956  -1.29161101 -1.54201774 -1.57833299
 -1.11533117 -0.22175977  0.50625272  0.77633359  0.78384303  0.75854714
  0.84187357  0.96317454  1.01083788  0.95829462  0.83969379  0.69168403
  0.58467201  0.62681796  0.92817521  1.50799595  2.12690419  2.58040648
  2.87572038  3.05436923  3.15787636  3.22772091  3.29146031  3.34298395
  3.37119224  3.36498555  3.31335349  3.21305881  3.07455926  2.9097066
  2.73035261  2.54834907  2.37554776  2.22380045  2.10495892  2.03076851
  2.00370177  2.00989411  2.03381795  2.0599457   2.0727498   2.05670266
  1.99627669  1.87594433  1.6842225   1.46379344  1.2960084   1.26305316
  1.44711349  1.92673408  2.63891314  3.33677501  3.77399323  3.91987701
  3.92266296  3.9297457   3.98340543  4.03870777  4.05998401  4.04845655
  4.01247164  3.9603755   3.90051436  3.84123446  3.79085946  3.75429882
  3.72942737  3.71325238  3.70278112  3.69502084  3.68697881  3.67589331
  3.66127218  3.64391144  3.6246219   3.60421435  3.58349959  3.56328844
  3.54439169  3.52762014  3.5137846   3.50369587  3.49816476  3.49800206
  3.50401857  3.51702511  3.53783247  3.56725146]