
p_x=[1.7226528854435832, 42.20499569336779, 86.99397071490095, 188.63049095607235, 244.6167097329888, 288.5443583118002, 318.69078380706287, 382.4289405684754, 421.1886304909561, 475.4521963824289, 508.182601205857, 547.8036175710595, 583.1180017226529, 601.2058570198105, 623.6003445305771, 648.578811369509, 745.9086993970715, 816.5374677002584, 902.6701119724376, 980.1894918173988]
p_y=[1.6470588235294112, 2.0, 2.7058823529411766, 4.705882352941177, 5.0588235294117645, 3.4117647058823533, 1.4117647058823533, 1.2941176470588225, 3.764705882352941, 4.23529411764706, 5.529411764705882, 6.0, 5.294117647058823, 2.9411764705882346, 3.0588235294117645, 4.23529411764706, 4.0, 3.5294117647058822, 1.0588235294117645, 1.0588235294117645]
a_x=[2.5839793281653747, 69.76744186046511, 138.67355727820842, 183.4625322997416, 232.5581395348837, 285.099052540913, 330.74935400516796, 375.53832902670115, 432.3858742463393, 492.6787252368648, 544.3583118001723, 594.3152454780361, 621.8776916451335, 677.8639104220499, 746.7700258397932, 823.4280792420327, 895.7795004306632, 972.4375538329026]
a_y=[-2.514619883040936, -0.5263157894736832, -0.4093567251461998, 2.7485380116959064, 3.2163742690058488, 2.8654970760233924, -0.6432748538011701, -0.7602339181286553, 0.9941520467836256, 2.1637426900584797, 3.450292397660819, 3.450292397660819, 2.0467836257309946, 3.8011695906432754, 3.5672514619883042, 2.7485380116959064, -0.1754385964912295, -0.4093567251461998]
d_x=[1.7226528854435832, 91.3006029285099, 180.01722652885442, 251.50732127476317, 286.8217054263566, 316.1068044788975, 347.114556416882, 390.1808785529716, 444.4444444444444, 510.76658053402235, 652.0241171403962, 779.5004306632214, 900.947459086994, 978.4668389319552]
d_y=[1.578947368421053, 3.2163742690058488, 4.619883040935672, 5.2046783625731, 5.087719298245615, 4.619883040935672, 1.9298245614035086, 2.1637426900584797, 4.385964912280702, 4.970760233918129, 4.269005847953217, 3.6842105263157894, 2.514619883040936, 1.461988304093568]
p_x_fitting=[  1.72265289  11.60615631  21.48965973  31.37316316  41.25666658
  51.14017     61.02367343  70.90717685  80.79068027  90.6741837
 100.55768712 110.44119054 120.32469397 130.20819739 140.09170082
 149.97520424 159.85870766 169.74221109 179.62571451 189.50921793
 199.39272136 209.27622478 219.1597282  229.04323163 238.92673505
 248.81023847 258.6937419  268.57724532 278.46074874 288.34425217
 298.22775559 308.11125902 317.99476244 327.87826586 337.76176929
 347.64527271 357.52877613 367.41227956 377.29578298 387.1792864
 397.06278983 406.94629325 416.82979667 426.7133001  436.59680352
 446.48030695 456.36381037 466.24731379 476.13081722 486.01432064
 495.89782406 505.78132749 515.66483091 525.54833433 535.43183776
 545.31534118 555.1988446  565.08234803 574.96585145 584.84935488
 594.7328583  604.61636172 614.49986515 624.38336857 634.26687199
 644.15037542 654.03387884 663.91738226 673.80088569 683.68438911
 693.56789253 703.45139596 713.33489938 723.2184028  733.10190623
 742.98540965 752.86891308 762.7524165  772.63591992 782.51942335
 792.40292677 802.28643019 812.16993362 822.05343704 831.93694046
 841.82044389 851.70394731 861.58745073 871.47095416 881.35445758
 891.23796101 901.12146443 911.00496785 920.88847128 930.7719747
 940.65547812 950.53898155 960.42248497 970.30598839 980.18949182]
p_y_fitting=[1.64705882 1.70164535 1.77780676 1.87386426 1.98813908 2.11895242
 2.26462551 2.42347954 2.59383575 2.77401417 2.96228091 3.15682671
 3.35583672 3.55749606 3.75998987 3.96150329 4.16022146 4.35432952
 4.54201259 4.72145416 4.88780349 5.02689593 5.12278567 5.15952688
 5.12117375 4.99193862 4.76138431 4.42559439 3.98104758 3.42422257
 2.76604931 2.07888335 1.45139784 0.96118046 0.63101209 0.46676634
 0.47431198 0.65951782 1.02825263 1.58404594 2.27139614 2.97271131
 3.56744788 3.94126995 4.08967833 4.10233256 4.07194093 4.0912117
 4.25284122 4.60448227 5.04701124 5.45145795 5.7040372  5.82006938
 5.88007542 5.96507818 6.13150507 6.22044974 5.96159466 5.08490999
 3.68518783 2.71922064 2.66677573 3.09901437 3.60435969 4.0622589
 4.41177317 4.63386196 4.74607035 4.76717293 4.7159443  4.61115905
 4.47159178 4.31601709 4.16320958 4.03194385 3.93902451 3.88121661
 3.84359705 3.81109674 3.76864662 3.70117762 3.59362065 3.4316736
 3.21465494 2.95358649 2.65987079 2.34491039 2.02010782 1.69686563
 1.38658636 1.10067254 0.85052673 0.64755146 0.50314927 0.42872271
 0.43567431 0.53540662 0.73932218 1.05882353]
a_x_fitting=[  2.58397933  12.38048008  22.17698083  31.97348159  41.76998234
  51.56648309  61.36298384  71.1594846   80.95598535  90.7524861
 100.54898685 110.34548761 120.14198836 129.93848911 139.73498986
 149.53149062 159.32799137 169.12449212 178.92099287 188.71749363
 198.51399438 208.31049513 218.10699588 227.90349664 237.69999739
 247.49649814 257.2929989  267.08949965 276.8860004  286.68250115
 296.47900191 306.27550266 316.07200341 325.86850416 335.66500492
 345.46150567 355.25800642 365.05450717 374.85100793 384.64750868
 394.44400943 404.24051018 414.03701094 423.83351169 433.63001244
 443.42651319 453.22301395 463.0195147  472.81601545 482.6125162
 492.40901696 502.20551771 512.00201846 521.79851921 531.59501997
 541.39152072 551.18802147 560.98452222 570.78102298 580.57752373
 590.37402448 600.17052524 609.96702599 619.76352674 629.56002749
 639.35652825 649.153029   658.94952975 668.7460305  678.54253126
 688.33903201 698.13553276 707.93203351 717.72853427 727.52503502
 737.32153577 747.11803652 756.91453728 766.71103803 776.50753878
 786.30403953 796.10054029 805.89704104 815.69354179 825.49004254
 835.2865433  845.08304405 854.8795448  864.67604555 874.47254631
 884.26904706 894.06554781 903.86204856 913.65854932 923.45505007
 933.25155082 943.04805158 952.84455233 962.64105308 972.43755383]
a_y_fitting=[-2.51461988 -1.60536809 -0.97241709 -0.57571742 -0.37521963 -0.33087426
 -0.40263187 -0.55044301 -0.73425821 -0.91402803 -1.04970302 -1.10123372
 -1.02857068 -0.79166445 -0.3504977   0.30068921  1.06831654  1.84090093
  2.50695899  2.95975909  3.18521786  3.25350171  3.23784433  3.2114794
  3.24408084  3.33227036  3.40420671  3.38540795  3.20139212  2.77782099
  2.09313725  1.25703419  0.39926249 -0.35042714 -0.86622026 -1.1120854
 -1.14135903 -1.01123083 -0.77889052 -0.49587176 -0.18576726  0.13644304
  0.45578162  0.75727098  1.02594294  1.25331599  1.44872627  1.62454239
  1.79313292  1.96686646  2.15811157  2.37599334  2.61554517  2.86797449
  3.12448867  3.37629509  3.612481    3.80002745  3.89277373  3.8443853
  3.60852766  3.1485836   2.57467392  2.11056685  1.95681592  2.11037085
  2.47280484  2.94514546  3.4284203   3.82366422  4.05870595  4.14852576
  4.12579329  4.02317817  3.87335003  3.70897852  3.56273288  3.45814131
  3.38585901  3.32915429  3.27129546  3.19555085  3.08518876  2.92347752
  2.69373814  2.38910622  2.02398249  1.61554941  1.18098945  0.73748509
  0.3022188  -0.10762694 -0.47486968 -0.78232692 -1.01281621 -1.14915506
 -1.17416102 -1.07065159 -0.82144432 -0.40935673]
d_x_fitting=[  1.72265289  11.58875577  21.45485866  31.32096155  41.18706444
  51.05316733  60.91927022  70.78537311  80.651476    90.51757889
 100.38368178 110.24978467 120.11588756 129.98199045 139.84809334
 149.71419623 159.58029912 169.446402   179.31250489 189.17860778
 199.04471067 208.91081356 218.77691645 228.64301934 238.50912223
 248.37522512 258.24132801 268.1074309  277.97353379 287.83963668
 297.70573957 307.57184246 317.43794534 327.30404823 337.17015112
 347.03625401 356.9023569  366.76845979 376.63456268 386.50066557
 396.36676846 406.23287135 416.09897424 425.96507713 435.83118002
 445.69728291 455.5633858  465.42948869 475.29559157 485.16169446
 495.02779735 504.89390024 514.76000313 524.62610602 534.49220891
 544.3583118  554.22441469 564.09051758 573.95662047 583.82272336
 593.68882625 603.55492914 613.42103203 623.28713492 633.1532378
 643.01934069 652.88544358 662.75154647 672.61764936 682.48375225
 692.34985514 702.21595803 712.08206092 721.94816381 731.8142667
 741.68036959 751.54647248 761.41257537 771.27867826 781.14478114
 791.01088403 800.87698692 810.74308981 820.6091927  830.47529559
 840.34139848 850.20750137 860.07360426 869.93970715 879.80581004
 889.67191293 899.53801582 909.40411871 919.2702216  929.13632449
 939.00242737 948.86853026 958.73463315 968.60073604 978.46683893]
d_y_fitting=[1.57894737 1.76621567 1.95217333 2.13664957 2.31947367 2.50047487
 2.67948242 2.85632558 3.03083359 3.20283571 3.37216119 3.53863928
 3.70209923 3.86237029 4.01928172 4.17266277 4.32234269 4.46815073
 4.60991614 4.7468296  4.874915   4.98921644 5.08477772 5.15664263
 5.19985497 5.20945854 5.18226141 5.13444335 5.09416209 5.08971463
 5.10281986 4.97807522 4.53516593 3.7089804  2.74368912 1.93482725
 1.51398186 1.45078406 1.64779814 2.00758832 2.43589041 2.88117202
 3.32253576 3.7397521  4.1125915  4.42083511 4.6516988  4.81282114
 4.91531659 4.97029963 4.98888474 4.98218637 4.96120496 4.93262933
 4.89761712 4.85696323 4.81146258 4.76191005 4.70910057 4.65382903
 4.59689035 4.53907942 4.48119116 4.42402047 4.36836225 4.31501141
 4.26476268 4.21807781 4.1743915  4.13294112 4.09296401 4.05369754
 4.01437906 3.97424591 3.93253546 3.88848506 3.84133207 3.79031383
 3.7346677  3.67363178 3.60669592 3.53396705 3.45564496 3.37192942
 3.2830202  3.18911709 3.09041985 2.98712826 2.8794421  2.76756114
 2.65168517 2.53201394 2.40874724 2.28208485 2.15222654 2.01937208
 1.88372125 1.74547383 1.60482959 1.4619883 ]