
p_x=[1.7226528854435832, 68.90611541774334, 105.08182601205857, 213.6089577950043, 267.01119724375536, 300.60292850990527, 316.1068044788975, 338.5012919896641, 365.2024117140396, 416.0206718346253, 447.8897502153316, 474.59086993970715, 488.3720930232558, 519.3798449612403, 551.2489233419467, 579.6726959517657, 614.9870801033591, 852.7131782945736, 995.693367786391]
p_y=[1.4117647058823533, 1.1764705882352935, 1.0588235294117645, 1.5294117647058822, 1.764705882352942, 1.1764705882352935, -0.35294117647058876, -0.8235294117647047, -0.8235294117647047, -0.5882352941176467, -0.5882352941176467, -0.5882352941176467, 1.0588235294117645, 1.882352941176471, 1.882352941176471, 2.0, 1.882352941176471, 2.235294117647059, 1.764705882352942]
a_x=[1.7226528854435832, 39.621016365202415, 155.03875968992247, 198.96640826873386, 247.20068906115418, 279.06976744186045, 324.72006890611544, 460.8096468561585, 478.8975021533161, 499.5693367786391, 527.1317829457365, 571.0594315245479, 609.8191214470285, 640.8268733850128, 674.4186046511628, 712.3169681309216, 770.8871662360034, 824.2894056847545, 855.2971576227391, 897.5021533161068, 940.5684754521964, 1000.0]
a_y=[-6.374269005847953, -5.438596491228068, -4.853801169590643, -5.789473684210527, -5.555555555555555, -4.152046783625732, -5.438596491228068, -5.087719298245615, -4.853801169590643, -3.2163742690058488, -2.8654970760233915, -3.8011695906432745, -4.619883040935672, -5.555555555555555, -6.023391812865498, -4.502923976608187, -3.450292397660819, -3.450292397660819, -3.9181286549707615, -4.970760233918128, -5.789473684210527, -6.374269005847953]
d_x=[0.0, 36.17571059431524, 85.27131782945736, 134.36692506459949, 161.06804478897502, 185.18518518518516, 218.77691645133507, 248.06201550387595, 274.76313522825154, 298.01894918173986, 326.442721791559, 388.458225667528, 437.55383290267014, 458.2256675279931, 478.0361757105943, 503.8759689922481, 530.5770887166236, 589.1472868217055, 825.1507321274763, 994.8320413436692]
d_y=[-0.5263157894736832, 0.526315789473685, 0.7602339181286553, 1.461988304093568, 2.7485380116959064, 1.578947368421053, 1.461988304093568, 2.0467836257309946, 2.1637426900584797, 1.6959064327485383, -0.7602339181286553, -0.8771929824561404, -0.4093567251461998, 1.3450292397660828, 1.578947368421053, 1.9298245614035086, 2.0467836257309946, 2.6315789473684212, 2.8654970760233924, 2.6315789473684212]
p_x_fitting=[  1.72265289  11.76276112  21.80286935  31.84297758  41.88308581
  51.92319404  61.96330227  72.0034105   82.04351874  92.08362697
 102.1237352  112.16384343 122.20395166 132.24405989 142.28416812
 152.32427636 162.36438459 172.40449282 182.44460105 192.48470928
 202.52481751 212.56492574 222.60503397 232.64514221 242.68525044
 252.72535867 262.7654669  272.80557513 282.84568336 292.88579159
 302.92589983 312.96600806 323.00611629 333.04622452 343.08633275
 353.12644098 363.16654921 373.20665744 383.24676568 393.28687391
 403.32698214 413.36709037 423.4071986  433.44730683 443.48741506
 453.52752329 463.56763153 473.60773976 483.64784799 493.68795622
 503.72806445 513.76817268 523.80828091 533.84838915 543.88849738
 553.92860561 563.96871384 574.00882207 584.0489303  594.08903853
 604.12914676 614.169255   624.20936323 634.24947146 644.28957969
 654.32968792 664.36979615 674.40990438 684.45001262 694.49012085
 704.53022908 714.57033731 724.61044554 734.65055377 744.690662
 754.73077023 764.77087847 774.8109867  784.85109493 794.89120316
 804.93131139 814.97141962 825.01152785 835.05163609 845.09174432
 855.13185255 865.17196078 875.21206901 885.25217724 895.29228547
 905.3323937  915.37250194 925.41261017 935.4527184  945.49282663
 955.53293486 965.57304309 975.61315132 985.65325956 995.69336779]
p_y_fitting=[ 1.41176471  1.41429189  1.39664322  1.36325104  1.3185477   1.26696554
  1.21293692  1.16089419  1.1152697   1.0804958   1.06100483  1.06077253
  1.07914812  1.11279077  1.15832638  1.21238082  1.27157998  1.33254976
  1.39191604  1.44630471  1.49234166  1.52665277  1.54778377  1.56479145
  1.59031156  1.63698285  1.71744406  1.83732202  1.88719474  1.66359087
  0.96258162 -0.08207886 -0.71512449 -0.84086062 -0.81170117 -0.81028133
 -0.82185332 -0.82317669 -0.8054814  -0.76653362 -0.70413149 -0.61607314
 -0.50639707 -0.43612674 -0.4967987  -0.76218304 -0.98998357 -0.66875211
  0.48455377  1.5214388   1.91676598  1.93168201  1.85255127  1.82872255
  1.84973761  1.89611223  1.94875968  1.9893303   2.00000494  1.97726706
  1.93451043  1.88610544  1.84448817  1.81220642  1.78865656  1.77323358
  1.7653325   1.76434832  1.76967606  1.78071071  1.79684729  1.8174808
  1.84200626  1.86981867  1.90031303  1.93288436  1.96692766  2.00183795
  2.03701022  2.07183948  2.10572076  2.13804904  2.16821934  2.19562667
  2.21966603  2.23973244  2.2552209   2.26552641  2.27004399  2.26816864
  2.25929537  2.2428192   2.21813511  2.18463814  2.14172327  2.08878552
  2.0252199   1.95042142  1.86378508  1.76470588]
a_x_fitting=[   1.72265289   11.80626245   21.88987202   31.97348159   42.05709115
   52.14070072   62.22431029   72.30791985   82.39152942   92.47513899
  102.55874855  112.64235812  122.72596769  132.80957725  142.89318682
  152.97679639  163.06040595  173.14401552  183.22762509  193.31123465
  203.39484422  213.47845379  223.56206336  233.64567292  243.72928249
  253.81289206  263.89650162  273.98011119  284.06372076  294.14733032
  304.23093989  314.31454946  324.39815902  334.48176859  344.56537816
  354.64898772  364.73259729  374.81620686  384.89981642  394.98342599
  405.06703556  415.15064512  425.23425469  435.31786426  445.40147383
  455.48508339  465.56869296  475.65230253  485.73591209  495.81952166
  505.90313123  515.98674079  526.07035036  536.15395993  546.23756949
  556.32117906  566.40478863  576.48839819  586.57200776  596.65561733
  606.73922689  616.82283646  626.90644603  636.99005559  647.07366516
  657.15727473  667.2408843   677.32449386  687.40810343  697.491713
  707.57532256  717.65893213  727.7425417   737.82615126  747.90976083
  757.9933704   768.07697996  778.16058953  788.2441991   798.32780866
  808.41141823  818.4950278   828.57863736  838.66224693  848.7458565
  858.82946606  868.91307563  878.9966852   889.08029477  899.16390433
  909.2475139   919.33112347  929.41473303  939.4983426   949.58195217
  959.66556173  969.7491713   979.83278087  989.91639043 1000.        ]
a_y_fitting=[-6.37426901 -6.10670613 -5.85108389 -5.61004958 -5.38625052 -5.18233404
 -5.00094744 -4.84473805 -4.71635317 -4.61844013 -4.55364624 -4.52461882
 -4.53400518 -4.58445264 -4.67860851 -4.81912012 -5.0066146  -5.22657187
 -5.45759692 -5.67826046 -5.86694978 -5.99633175 -6.03236791 -5.94063789
 -5.68672133 -5.2463273  -4.71771537 -4.28054845 -4.11009906 -4.24389861
 -4.58002165 -5.01034341 -5.42673911 -5.73968208 -5.94151981 -6.0471231
 -6.07136341 -6.02911222 -5.93524099 -5.80462119 -5.65212429 -5.49262176
 -5.34098506 -5.21208566 -5.12079503 -5.08198465 -5.10282022 -4.98752002
 -4.37552006 -3.49293095 -2.90694391 -2.75182159 -2.8483003  -3.03059886
 -3.24433727 -3.4732084  -3.70093815 -3.91219269 -4.10981257 -4.31307992
 -4.54186943 -4.81360564 -5.11993143 -5.43705539 -5.73914099 -5.97488355
 -6.07435522 -5.96788109 -5.6436787  -5.19128355 -4.71045705 -4.29801519
 -3.99163551 -3.77427669 -3.62683759 -3.53021705 -3.46531391 -3.41466771
 -3.3765515  -3.35799991 -3.36614216 -3.40810748 -3.49090851 -3.61763753
 -3.78662225 -3.99580562 -4.23794417 -4.49811086 -4.76075757 -5.01034901
 -5.23582401 -5.43714748 -5.61595266 -5.77387279 -5.91254111 -6.03359087
 -6.13865529 -6.22936763 -6.30736112 -6.37426901]
d_x_fitting=[  0.          10.0488085   20.097617    30.1464255   40.19523399
  50.24404249  60.29285099  70.34165949  80.39046799  90.43927649
 100.48808498 110.53689348 120.58570198 130.63451048 140.68331898
 150.73212748 160.78093597 170.82974447 180.87855297 190.92736147
 200.97616997 211.02497847 221.07378697 231.12259546 241.17140396
 251.22021246 261.26902096 271.31782946 281.36663796 291.41544645
 301.46425495 311.51306345 321.56187195 331.61068045 341.65948895
 351.70829744 361.75710594 371.80591444 381.85472294 391.90353144
 401.95233994 412.00114844 422.04995693 432.09876543 442.14757393
 452.19638243 462.24519093 472.29399943 482.34280792 492.39161642
 502.44042492 512.48923342 522.53804192 532.58685042 542.63565891
 552.68446741 562.73327591 572.78208441 582.83089291 592.87970141
 602.92850991 612.9773184  623.0261269  633.0749354  643.1237439
 653.1725524  663.2213609  673.27016939 683.31897789 693.36778639
 703.41659489 713.46540339 723.51421189 733.56302038 743.61182888
 753.66063738 763.70944588 773.75825438 783.80706288 793.85587138
 803.90467987 813.95348837 824.00229687 834.05110537 844.09991387
 854.14872237 864.19753086 874.24633936 884.29514786 894.34395636
 904.39276486 914.44157336 924.49038185 934.53919035 944.58799885
 954.63680735 964.68561585 974.73442435 984.78323285 994.83204134]
d_y_fitting=[-0.52631579 -0.13428721  0.17703937  0.41528175  0.58805777  0.70298524
  0.76768197  0.78976578  0.77685448  0.73777076  0.70727502  0.74511651
  0.91205945  1.26886811  1.85803112  2.47728529  2.74963709  2.42377997
  1.8126046   1.36490847  1.23128965  1.3149073   1.511554    1.73565383
  1.94001906  2.08258134  2.14788278  2.16387042  2.15077216  1.98778647
  1.46445945  0.57480248 -0.37568714 -1.06546854 -1.38473851 -1.4276854
 -1.29678332 -1.09450636 -0.92332861 -0.884065   -0.98447947 -1.0917249
 -1.06127178 -0.74859062 -0.02097437  0.91869744  1.50362853  1.58996413
  1.60121688  1.74276699  1.91078806  2.00201646  2.0302663   2.05387869
  2.11203696  2.20098496  2.31115655  2.43298557  2.55690588  2.67343797
  2.77711686  2.8681009   2.94696832  3.01429735  3.07066624  3.11665323
  3.15283653  3.1797944   3.19810507  3.20834677  3.21109774  3.20693621
  3.19644043  3.18018862  3.15875903  3.13272989  3.10267944  3.0691859
  3.03282752  2.99418254  2.95382919  2.9123457   2.87031031  2.82830126
  2.78689679  2.74667512  2.7082145   2.67209316  2.63888934  2.60918127
  2.5835472   2.56256534  2.54681395  2.53687126  2.53331549  2.5367249
  2.54767772  2.56675217  2.5945265   2.63157895]