
p_x=[2.5839793281653747, 47.37295434969854, 105.08182601205857, 158.48406546080966, 192.0757967269595, 221.36089577950042, 235.1421188630491, 276.48578811369504, 300.60292850990527, 310.07751937984494, 322.99741602067184, 329.88802756244615, 353.1438415159345, 377.2609819121447, 422.91128337639964, 530.5770887166236, 636.5202411714039, 684.7545219638242, 705.4263565891473, 726.0981912144703, 736.4341085271318, 762.2739018087855, 792.4203273040482, 827.7347114556417, 850.99052540913, 859.603789836348, 872.5236864771748, 890.6115417743324, 901.8087855297158, 942.29112833764, 964.6856158484065, 995.693367786391]
p_y=[1.6470588235294112, 1.882352941176471, 1.6470588235294112, 1.2941176470588225, 0.9411764705882355, 1.2941176470588225, 2.235294117647059, 2.5882352941176467, 2.5882352941176467, 2.4705882352941178, 2.5882352941176467, 1.4117647058823533, 0.9411764705882355, 1.1764705882352935, 1.2941176470588225, 1.2941176470588225, 1.4117647058823533, 1.1764705882352935, 1.1764705882352935, 1.2941176470588225, 2.5882352941176467, 2.8235294117647056, 2.7058823529411766, 2.4705882352941178, 2.235294117647059, 1.0588235294117645, 0.8235294117647065, 1.1764705882352935, 1.0588235294117645, 1.0588235294117645, 0.9411764705882355, 1.1764705882352935]
a_x=[2.5839793281653747, 45.65030146425495, 102.4978466838932, 165.37467700258398, 211.88630490956072, 222.2222222222222, 241.17140396210164, 295.4349698535745, 317.82945736434107, 335.9173126614987, 341.94659776055124, 352.2825150732127, 360.89577950043065, 379.8449612403101, 403.1007751937984, 435.83118001722653, 460.8096468561585, 494.40137812230836, 557.2782084409992, 657.192075796727, 693.3677863910423, 723.5142118863049, 741.6020671834625, 765.7192075796727, 792.4203273040482, 830.318690783807, 840.6546080964686, 850.99052540913, 856.1584840654608, 865.6330749354005, 874.2463393626184, 893.1955211024979, 935.4005167958657, 963.8242894056848, 993.9707149009474]
a_y=[-5.906432748538011, -5.906432748538011, -6.023391812865498, -6.374269005847953, -6.023391812865498, -5.555555555555555, -4.853801169590643, -4.619883040935672, -4.502923976608187, -4.853801169590643, -6.023391812865498, -6.023391812865498, -5.906432748538011, -6.023391812865498, -5.6725146198830405, -5.906432748538011, -5.6725146198830405, -5.6725146198830405, -6.140350877192983, -6.374269005847953, -6.374269005847953, -6.374269005847953, -4.502923976608187, -4.269005847953215, -4.385964912280702, -3.9181286549707615, -4.269005847953215, -4.619883040935672, -6.140350877192983, -6.257309941520468, -6.491228070175438, -6.491228070175438, -6.023391812865498, -5.789473684210527, -5.789473684210527]
d_x=[0.0, 47.37295434969854, 102.4978466838932, 167.95865633074936, 192.9371231696813, 217.91559000861326, 232.5581395348837, 253.2299741602067, 287.6830318690784, 313.52282515073216, 336.77863910422053, 352.2825150732127, 370.3703703703703, 391.90353143841514, 440.9991386735573, 540.0516795865633, 648.578811369509, 724.3755383290267, 742.4633936261843, 758.8285960378984, 799.3109388458226, 826.8733850129198, 845.8225667527993, 863.910422049957, 900.0861326442722, 931.0938845822567, 964.6856158484065, 994.8320413436692]
d_y=[1.2280701754385976, 1.9298245614035086, 1.461988304093568, 1.8128654970760234, 2.0467836257309946, 1.461988304093568, 0.29239766081871466, 0.526315789473685, 0.6432748538011701, 0.8771929824561404, 0.8771929824561404, 2.0467836257309946, 2.6315789473684212, 2.514619883040936, 2.1637426900584797, 2.1637426900584797, 2.6315789473684212, 2.1637426900584797, 1.461988304093568, 0.7602339181286553, 1.1111111111111107, 0.8771929824561404, 0.7602339181286553, 2.1637426900584797, 2.514619883040936, 2.280701754385966, 2.1637426900584797, 2.0467836257309946]
p_x_fitting=[  2.58397933  12.61538729  22.64679526  32.67820322  42.70961119
  52.74101915  62.77242711  72.80383508  82.83524304  92.86665101
 102.89805897 112.92946693 122.9608749  132.99228286 143.02369083
 153.05509879 163.08650676 173.11791472 183.14932268 193.18073065
 203.21213861 213.24354658 223.27495454 233.30636251 243.33777047
 253.36917843 263.4005864  273.43199436 283.46340233 293.49481029
 303.52621825 313.55762622 323.58903418 333.62044215 343.65185011
 353.68325808 363.71466604 373.746074   383.77748197 393.80888993
 403.8402979  413.87170586 423.90311383 433.93452179 443.96592975
 453.99733772 464.02874568 474.06015365 484.09156161 494.12296958
 504.15437754 514.1857855  524.21719347 534.24860143 544.2800094
 554.31141736 564.34282532 574.37423329 584.40564125 594.43704922
 604.46845718 614.49986515 624.53127311 634.56268107 644.59408904
 654.625497   664.65690497 674.68831293 684.7197209  694.75112886
 704.78253682 714.81394479 724.84535275 734.87676072 744.90816868
 754.93957665 764.97098461 775.00239257 785.03380054 795.0652085
 805.09661647 815.12802443 825.15943239 835.19084036 845.22224832
 855.25365629 865.28506425 875.31647222 885.34788018 895.37928814
 905.41069611 915.44210407 925.47351204 935.50492    945.53632797
 955.56773593 965.59914389 975.63055186 985.66195982 995.69336779]
p_y_fitting=[1.64705882 1.75169613 1.82323583 1.86547243 1.88220044 1.87721436
 1.85430869 1.81727795 1.76991664 1.71601926 1.65938031 1.60324024
 1.54650361 1.48603323 1.41867995 1.34129463 1.25086988 1.1483874
 1.03927086 0.92921046 0.85845622 0.96694932 1.41154622 2.12125679
 2.577577   2.70830426 2.66298637 2.59200436 2.6247163  2.67005581
 2.51397284 2.61628464 2.51551094 0.92877884 0.62201788 0.95897313
 1.15158153 1.17930944 1.1779394  1.19742339 1.22976372 1.26587431
 1.29667094 1.31560098 1.32365907 1.32324002 1.31673865 1.30654975
 1.29506815 1.28468865 1.27780606 1.2768152  1.28411086 1.30203632
 1.33046067 1.36573724 1.40395138 1.44118844 1.47353376 1.49707269
 1.50789057 1.50207275 1.47570457 1.42487139 1.34805344 1.26115738
 1.18779467 1.15161092 1.17625175 1.24642522 1.18945985 0.94441478
 1.18529321 2.40786428 3.09905792 3.02148677 2.77221923 2.70544023
 2.72356491 2.68119074 2.52801388 2.3916428  2.41921103 2.69054462
 2.68632124 1.63655358 0.7410761  0.89874859 1.13226353 1.14532983
 1.02237288 0.98853418 1.01518201 1.05258383 1.05155885 0.99850103
 0.9364141  0.91334724 0.97734968 1.17647059]
a_x_fitting=[  2.58397933  12.59798676  22.61199419  32.62600162  42.64000905
  52.65401648  62.66802391  72.68203134  82.69603877  92.7100462
 102.72405363 112.73806106 122.75206849 132.76607592 142.78008335
 152.79409078 162.80809821 172.82210564 182.83611307 192.8501205
 202.86412793 212.87813536 222.89214279 232.90615022 242.92015765
 252.93416508 262.94817251 272.96217994 282.97618737 292.9901948
 303.00420223 313.01820966 323.03221709 333.04622452 343.06023195
 353.07423938 363.08824681 373.10225424 383.11626167 393.1302691
 403.14427653 413.15828396 423.17229139 433.18629882 443.20030625
 453.21431368 463.22832111 473.24232854 483.25633597 493.2703434
 503.28435083 513.29835826 523.31236569 533.32637312 543.34038055
 553.35438798 563.36839541 573.38240284 583.39641027 593.4104177
 603.42442513 613.43843256 623.45243999 633.46644742 643.48045485
 653.49446228 663.50846971 673.52247714 683.53648457 693.550492
 703.56449943 713.57850686 723.59251429 733.60652172 743.62052915
 753.63453658 763.64854401 773.66255144 783.67655887 793.6905663
 803.70457373 813.71858116 823.73258859 833.74659602 843.76060345
 853.77461088 863.78861831 873.80262574 883.81663317 893.8306406
 903.84464803 913.85865546 923.87266289 933.88667032 943.90067775
 953.91468518 963.92869261 973.94270004 983.95670747 993.9707149 ]
a_y_fitting=[-5.90643275 -5.90150527 -5.89927039 -5.90011045 -5.90440777 -5.9125447
 -5.92490356 -5.9418667  -5.96381645 -5.99113514 -6.0242051  -6.06336003
 -6.10875175 -6.16048959 -6.21868289 -6.28344101 -6.35487326 -6.42987991
 -6.47683542 -6.44917052 -6.3001846  -5.98323085 -5.52495403 -5.11583447
 -4.80800815 -4.60851059 -4.50390133 -4.47773626 -4.51357126 -4.59496221
 -4.69061609 -4.64249709 -4.27727879 -4.44946873 -6.1475827  -5.99227477
 -5.91927231 -6.00895941 -5.99657684 -5.82455069 -5.67218321 -5.68598252
 -5.80056752 -5.89827066 -5.87579726 -5.76102114 -5.65173528 -5.60927546
 -5.62118179 -5.66627358 -5.72563029 -5.79304983 -5.86677528 -5.94505439
 -6.02613492 -6.1082646  -6.18964101 -6.26773452 -6.33946765 -6.4017495
 -6.45148914 -6.48559568 -6.5009782  -6.49454579 -6.46320754 -6.40387255
 -6.31635335 -6.23902473 -6.23763272 -6.37850536 -6.65310659 -6.76938812
 -6.36819965 -5.31667531 -4.36425309 -4.09180202 -4.22611119 -4.40582251
 -4.47228823 -4.35955199 -4.0691173  -3.78656306 -3.72881092 -4.09529191
 -4.15546405 -5.4591407  -6.3491247  -6.47181233 -6.63457117 -6.47963352
 -6.32426777 -6.20937514 -6.11874916 -6.03618336 -5.94848818 -5.86158044
 -5.78883412 -5.7436402  -5.73938972 -5.78947368]
d_x_fitting=[  0.          10.0488085   20.097617    30.1464255   40.19523399
  50.24404249  60.29285099  70.34165949  80.39046799  90.43927649
 100.48808498 110.53689348 120.58570198 130.63451048 140.68331898
 150.73212748 160.78093597 170.82974447 180.87855297 190.92736147
 200.97616997 211.02497847 221.07378697 231.12259546 241.17140396
 251.22021246 261.26902096 271.31782946 281.36663796 291.41544645
 301.46425495 311.51306345 321.56187195 331.61068045 341.65948895
 351.70829744 361.75710594 371.80591444 381.85472294 391.90353144
 401.95233994 412.00114844 422.04995693 432.09876543 442.14757393
 452.19638243 462.24519093 472.29399943 482.34280792 492.39161642
 502.44042492 512.48923342 522.53804192 532.58685042 542.63565891
 552.68446741 562.73327591 572.78208441 582.83089291 592.87970141
 602.92850991 612.9773184  623.0261269  633.0749354  643.1237439
 653.1725524  663.2213609  673.27016939 683.31897789 693.36778639
 703.41659489 713.46540339 723.51421189 733.56302038 743.61182888
 753.66063738 763.70944588 773.75825438 783.80706288 793.85587138
 803.90467987 813.95348837 824.00229687 834.05110537 844.09991387
 854.14872237 864.19753086 874.24633936 884.29514786 894.34395636
 904.39276486 914.44157336 924.49038185 934.53919035 944.58799885
 954.63680735 964.68561585 974.73442435 984.78323285 994.83204134]
d_y_fitting=[1.22807018 1.5614617  1.77971758 1.90026881 1.94054637 1.91798125
 1.85000441 1.75404686 1.64753956 1.54791351 1.47259968 1.43700102
 1.44153201 1.47988928 1.54573775 1.63274235 1.734568   1.84481975
 1.95188535 2.03496055 2.05532758 1.84879194 1.20169923 0.36877402
 0.18995075 0.4696336  0.65474255 0.66425207 0.62908466 0.6785233
 0.81955245 0.88784806 0.76067147 0.71716386 1.19169307 2.00652143
 2.49253458 2.63900138 2.61327379 2.51461988 2.41641865 2.33264286
 2.26241372 2.20485246 2.15908032 2.1242382  2.09952303 2.08414168
 2.077301   2.07820784 2.08606906 2.10009153 2.11948208 2.14344759
 2.17119679 2.20215092 2.23613592 2.27302315 2.31268395 2.35498966
 2.39981162 2.44702119 2.49648972 2.54808853 2.60168899 2.65695563
 2.70768281 2.74109993 2.74409009 2.70353638 2.6063219  2.43932975
 2.18944302 1.84557951 1.40725974 0.93814512 0.66753599 0.67132814
 0.83438726 1.03270531 1.14451024 1.11149915 0.94635034 0.69531562
 0.697689   1.33783665 2.18375035 2.63569832 2.71940773 2.60436673
 2.45756606 2.36349051 2.30719217 2.26793432 2.23232136 2.19805102
 2.16374269 2.12801576 2.0894896  2.04678363]