
p_x=[1.7226528854435832, 31.869078380706288, 113.69509043927648, 273.90180878552974, 354.86649440137813, 444.4444444444444, 512.4892334194659, 602.0671834625323, 703.7037037037037, 774.3324720068906, 939.7071490094746, 997.4160206718346]
p_y=[-1.764705882352942, -1.1764705882352935, 1.882352941176471, 2.4705882352941178, 2.3529411764705888, 3.1764705882352935, 0.35294117647058876, 0.47058823529411775, 1.0588235294117645, 0.9411764705882355, -0.117647058823529, -0.47058823529411775]
a_x=[0.0, 31.007751937984494, 111.9724375538329, 198.10508182601205, 350.55986218776917, 479.7588285960379, 527.9931093884583, 606.3738156761412, 629.6296296296297, 739.0180878552973, 770.8871662360034, 844.0999138673557, 905.254091300603, 971.5762273901809, 997.4160206718346]
a_y=[-7.426900584795323, -6.257309941520468, -1.6959064327485365, -1.2280701754385959, -0.6432748538011701, -2.9824561403508767, -5.204678362573098, -4.385964912280702, -3.099415204678362, -2.7485380116959064, -1.4619883040935662, -1.8128654970760234, -4.619883040935672, -4.269005847953215, -3.9181286549707615]
d_x=[3.4453057708871664, 26.701119724375538, 131.78294573643413, 196.38242894056847, 357.4504737295435, 521.9638242894057, 641.6881998277347, 826.0120585701981, 979.328165374677, 998.2773471145564]
d_y=[-0.058479532163742576, 0.6432748538011701, 2.0467836257309946, 2.8654970760233924, 2.9824561403508776, -1.1111111111111107, 1.6959064327485383, -0.1754385964912295, -2.397660818713449, -2.9824561403508767]
p_x_fitting=[  1.72265289  11.78016165  21.83767042  31.89517918  41.95268795
  52.01019671  62.06770548  72.12521424  82.18272301  92.24023178
 102.29774054 112.35524931 122.41275807 132.47026684 142.5277756
 152.58528437 162.64279313 172.7003019  182.75781066 192.81531943
 202.8728282  212.93033696 222.98784573 233.04535449 243.10286326
 253.16037202 263.21788079 273.27538955 283.33289832 293.39040709
 303.44791585 313.50542462 323.56293338 333.62044215 343.67795091
 353.73545968 363.79296844 373.85047721 383.90798598 393.96549474
 404.02300351 414.08051227 424.13802104 434.1955298  444.25303857
 454.31054733 464.3680561  474.42556486 484.48307363 494.5405824
 504.59809116 514.65559993 524.71310869 534.77061746 544.82812622
 554.88563499 564.94314375 575.00065252 585.05816129 595.11567005
 605.17317882 615.23068758 625.28819635 635.34570511 645.40321388
 655.46072264 665.51823141 675.57574018 685.63324894 695.69075771
 705.74826647 715.80577524 725.863284   735.92079277 745.97830153
 756.0358103  766.09331906 776.15082783 786.2083366  796.26584536
 806.32335413 816.38086289 826.43837166 836.49588042 846.55338919
 856.61089795 866.66840672 876.72591549 886.78342425 896.84093302
 906.89844178 916.95595055 927.01345931 937.07096808 947.12847684
 957.18598561 967.24349438 977.30100314 987.35851191 997.41602067]
p_y_fitting=[-1.76470588 -1.64500033 -1.44428673 -1.17569703 -0.8523632  -0.48741723
 -0.09399107  0.31478331  0.72577393  1.12584884  1.50187605  1.8407236
  2.13105059  2.37224398  2.56766713  2.7206899   2.83468217  2.91301379
  2.95905462  2.97617455  2.96774342  2.9371311   2.88770746  2.82284236
  2.74590567  2.66026725  2.56929696  2.47636468  2.38528777  2.30204234
  2.23325457  2.18555076  2.16555722  2.17990026  2.23520618  2.33810128
  2.49190739  2.68137887  2.8847899   3.08040794  3.24650045  3.36133488
  3.40317869  3.35029934  3.18096429  2.88281954  2.48322998  2.02007336
  1.5312275   1.05457024  0.62797938  0.28924415  0.06059076 -0.06901552
 -0.11489159 -0.09235437 -0.01672075  0.09669236  0.23256804  0.3755894
  0.51052071  0.62798181  0.72828496  0.81265262  0.88230722  0.93847123
  0.98236709  1.01521724  1.03824416  1.05267027  1.05971644  1.06027938
  1.05453918  1.04258003  1.02448609  1.00034153  0.97023051  0.93423758
  0.89255212  0.84561034  0.79388397  0.73784474  0.67796438  0.61471462
  0.5485672   0.47999383  0.40946625  0.3374562   0.26443539  0.19087556
  0.11724844  0.04402577 -0.02832074 -0.09931935 -0.16849833 -0.23538595
 -0.29951048 -0.36040019 -0.41758335 -0.47058824]
a_x_fitting=[  0.          10.0749093   20.1498186   30.2247279   40.2996372
  50.3745465   60.4494558   70.5243651   80.5992744   90.6741837
 100.749093   110.8240023  120.8989116  130.9738209  141.0487302
 151.1236395  161.1985488  171.2734581  181.34836739 191.42327669
 201.49818599 211.57309529 221.64800459 231.72291389 241.79782319
 251.87273249 261.94764179 272.02255109 282.09746039 292.17236969
 302.24727899 312.32218829 322.39709759 332.47200689 342.54691619
 352.62182549 362.69673479 372.77164409 382.84655339 392.92146269
 402.99637199 413.07128129 423.14619059 433.22109989 443.29600919
 453.37091849 463.44582779 473.52073709 483.59564639 493.67055569
 503.74546499 513.82037429 523.89528359 533.97019288 544.04510218
 554.12001148 564.19492078 574.26983008 584.34473938 594.41964868
 604.49455798 614.56946728 624.64437658 634.71928588 644.79419518
 654.86910448 664.94401378 675.01892308 685.09383238 695.16874168
 705.24365098 715.31856028 725.39346958 735.46837888 745.54328818
 755.61819748 765.69310678 775.76801608 785.84292538 795.91783468
 805.99274398 816.06765328 826.14256258 836.21747188 846.29238118
 856.36729048 866.44219978 876.51710908 886.59201837 896.66692767
 906.74183697 916.81674627 926.89165557 936.96656487 947.04147417
 957.11638347 967.19129277 977.26620207 987.34111137 997.41602067]
a_y_fitting=[-7.42690058 -7.16451125 -6.78042443 -6.29821323 -5.74145079 -5.13371023
 -4.49856467 -3.85958724 -3.24035107 -2.66442928 -2.15539499 -1.73682133
 -1.42763294 -1.22051234 -1.09894236 -1.04639593 -1.04634596 -1.0822654
 -1.13762716 -1.19590418 -1.24069224 -1.2627786  -1.26399498 -1.24711128
 -1.21489744 -1.17012336 -1.11555897 -1.05397418 -0.98813891 -0.92082307
 -0.85479659 -0.79282938 -0.73769137 -0.69215246 -0.65898257 -0.64095206
 -0.64091926 -0.66193619 -0.70708071 -0.77943065 -0.88206388 -1.01805825
 -1.1904916  -1.40244178 -1.65698664 -1.95720404 -2.30617183 -2.70696785
 -3.16231836 -3.65959598 -4.16519465 -4.64399726 -5.06088669 -5.38195381
 -5.59185574 -5.68979738 -5.67537291 -5.54817649 -5.3078023  -4.95384451
 -4.48589729 -3.9158337  -3.34245053 -2.89838717 -2.63406328 -2.51863669
 -2.51781747 -2.59731566 -2.72284131 -2.86010449 -2.97481525 -3.03268364
 -2.99941971 -2.84073353 -2.52812933 -2.1053336  -1.66508694 -1.29920555
 -1.05350246 -0.92588365 -0.91201694 -1.00757012 -1.208211   -1.50960737
 -1.90736613 -2.38666882 -2.91055333 -3.43922714 -3.93289773 -4.35177259
 -4.65609386 -4.82224845 -4.86840609 -4.81940645 -4.70008924 -4.53529414
 -4.34986084 -4.16862903 -4.01643841 -3.91812865]
d_x_fitting=[  3.44530577  13.49411427  23.54292277  33.59173127  43.64053976
  53.68934826  63.73815676  73.78696526  83.83577376  93.88458226
 103.93339076 113.98219925 124.03100775 134.07981625 144.12862475
 154.17743325 164.22624175 174.27505024 184.32385874 194.37266724
 204.42147574 214.47028424 224.51909274 234.56790123 244.61670973
 254.66551823 264.71432673 274.76313523 284.81194373 294.86075223
 304.90956072 314.95836922 325.00717772 335.05598622 345.10479472
 355.15360322 365.20241171 375.25122021 385.30002871 395.34883721
 405.39764571 415.44645421 425.4952627  435.5440712  445.5928797
 455.6416882  465.6904967  475.7393052  485.7881137  495.83692219
 505.88573069 515.93453919 525.98334769 536.03215619 546.08096469
 556.12977318 566.17858168 576.22739018 586.27619868 596.32500718
 606.37381568 616.42262417 626.47143267 636.52024117 646.56904967
 656.61785817 666.66666667 676.71547517 686.76428366 696.81309216
 706.86190066 716.91070916 726.95951766 737.00832616 747.05713465
 757.10594315 767.15475165 777.20356015 787.25236865 797.30117715
 807.34998564 817.39879414 827.44760264 837.49641114 847.54521964
 857.59402814 867.64283664 877.69164513 887.74045363 897.78926213
 907.83807063 917.88687913 927.93568763 937.98449612 948.03330462
 958.08211312 968.13092162 978.17973012 988.22853862 998.27734711]
d_y_fitting=[-0.05847953  0.27482346  0.56184365  0.80749981  1.01671071  1.19439512
  1.34547182  1.47485955  1.58747711  1.68824325  1.78207674  1.87389636
  1.96862086  2.07115482  2.18425268  2.30623889  2.4348915   2.56798859
  2.70330823  2.83862848  2.97170691  3.10014954  3.22149445  3.33327943
  3.43304223  3.51832064  3.58665242  3.63557534  3.66262718  3.66534571
  3.64126871  3.58793393  3.50287915  3.38364216  3.22776071  3.03277257
  2.79695162  2.52454018  2.22267733  1.89852132  1.55923037  1.21196272
  0.86387661  0.52213026  0.19388192 -0.11371018 -0.3934878  -0.63829272
 -0.84096669 -0.99435149 -1.09128887 -1.12462061 -1.0873803  -0.98005925
 -0.81283658 -0.59653888 -0.34199271 -0.06002465  0.23853871  0.54287082
  0.84214508  1.12553492  1.38221378  1.60135506  1.77241462  1.89180157
  1.96314225  1.99039832  1.97753138  1.92850308  1.84727504  1.73780887
  1.60406623  1.45000872  1.27959798  1.09679564  0.90556331  0.70986264
  0.51365525  0.32090276  0.13556681 -0.03839099 -0.19701262 -0.33818477
 -0.46463449 -0.57987322 -0.68741237 -0.79076337 -0.89343763 -0.99894657
 -1.11080162 -1.2325142  -1.36759572 -1.5195576  -1.69191128 -1.88816816
 -2.11183966 -2.36643721 -2.65547223 -2.98245614]