
p_x=[1.7226528854435832, 115.41774332472008, 254.9526270456503, 458.2256675279931, 546.9422911283376, 590.0086132644273, 620.1550387596899, 647.7174849267873, 664.0826873385013, 687.3385012919897, 704.5650301464254, 739.0180878552973, 777.7777777777778, 862.1877691645134, 935.4005167958657, 994.8320413436692]
p_y=[-0.8235294117647047, -0.8235294117647047, -0.8235294117647047, -1.1764705882352935, -1.1764705882352935, -1.0588235294117645, -1.1764705882352935, -2.8235294117647065, -2.7058823529411757, -2.5882352941176467, -1.5294117647058805, -1.5294117647058805, -1.4117647058823515, -1.1764705882352935, -0.9411764705882355, -0.7058823529411757]
a_x=[1.7226528854435832, 49.956933677863915, 102.4978466838932, 160.2067183462532, 183.4625322997416, 206.71834625322995, 227.39018087855297, 244.6167097329888, 268.73385012919897, 294.57364341085275, 317.82945736434107, 348.8372093023256, 378.9836347975883, 417.7433247200689, 510.76658053402235, 706.287683031869, 1000.0]
a_y=[-6.491228070175438, -6.491228070175438, -6.842105263157894, -6.725146198830409, -6.725146198830409, -6.725146198830409, -4.853801169590643, -4.502923976608187, -4.385964912280702, -4.269005847953215, -4.502923976608187, -6.6081871345029235, -6.842105263157894, -6.959064327485379, -6.6081871345029235, -6.491228070175438, -6.959064327485379]
d_x=[3.4453057708871664, 50.818260120585705, 98.19121447028424, 155.03875968992247, 181.739879414298, 205.85701981050818, 222.2222222222222, 236.8647717484927, 256.6752799310939, 292.85099052540914, 324.72006890611544, 353.1438415159345, 408.2687338501292, 473.7295434969854, 544.3583118001723, 598.6218776916451, 613.2644272179157, 629.6296296296297, 640.8268733850128, 662.3600344530577, 679.5865633074935, 685.6158484065461, 706.287683031869, 732.1274763135228, 770.0258397932816, 814.8148148148148, 875.1076658053403, 948.3204134366924, 996.5546942291128]
d_y=[0.9941520467836256, 1.3450292397660828, 1.1111111111111107, 1.2280701754385976, 1.3450292397660828, 1.2280701754385976, 3.0994152046783627, 3.450292397660819, 3.5672514619883042, 3.450292397660819, 3.0994152046783627, 1.6959064327485383, 1.6959064327485383, 1.9298245614035086, 2.280701754385966, 1.9298245614035086, 0.9941520467836256, -0.2923976608187129, -1.2280701754385959, -0.9941520467836256, -0.9941520467836256, -0.7602339181286553, 1.6959064327485383, 2.0467836257309946, 2.1637426900584797, 2.280701754385966, 2.397660818713451, 2.0467836257309946, 1.8128654970760234]
p_x_fitting=[  1.72265289  11.75406085  21.78546881  31.81687678  41.84828474
  51.87969271  61.91110067  71.94250864  81.9739166   92.00532456
 102.03673253 112.06814049 122.09954846 132.13095642 142.16236438
 152.19377235 162.22518031 172.25658828 182.28799624 192.31940421
 202.35081217 212.38222013 222.4136281  232.44503606 242.47644403
 252.50785199 262.53925996 272.57066792 282.60207588 292.63348385
 302.66489181 312.69629978 322.72770774 332.7591157  342.79052367
 352.82193163 362.8533396  372.88474756 382.91615553 392.94756349
 402.97897145 413.01037942 423.04178738 433.07319535 443.10460331
 453.13601128 463.16741924 473.1988272  483.23023517 493.26164313
 503.2930511  513.32445906 523.35586703 533.38727499 543.41868295
 553.45009092 563.48149888 573.51290685 583.54431481 593.57572277
 603.60713074 613.6385387  623.66994667 633.70135463 643.7327626
 653.76417056 663.79557852 673.82698649 683.85839445 693.88980242
 703.92121038 713.95261835 723.98402631 734.01543427 744.04684224
 754.0782502  764.10965817 774.14106613 784.17247409 794.20388206
 804.23529002 814.26669799 824.29810595 834.32951392 844.36092188
 854.39232984 864.42373781 874.45514577 884.48655374 894.5179617
 904.54936967 914.58077763 924.61218559 934.64359356 944.67500152
 954.70640949 964.73781745 974.76922542 984.80063338 994.83204134]
p_y_fitting=[-0.82352941 -0.832088   -0.83835246 -0.84252776 -0.84481887 -0.84543075
 -0.84456838 -0.84243672 -0.83924075 -0.83518544 -0.83047575 -0.82531666
 -0.81991314 -0.81447015 -0.80919266 -0.80428565 -0.79995408 -0.79640292
 -0.79383715 -0.79246174 -0.79248164 -0.79410184 -0.7975273  -0.80296299
 -0.81061389 -0.82068495 -0.83334354 -0.84843636 -0.86564786 -0.88466123
 -0.90515964 -0.92682628 -0.94934435 -0.97239702 -0.99566749 -1.01883893
 -1.04159453 -1.06361748 -1.08459097 -1.10419818 -1.12212229 -1.13804649
 -1.15165397 -1.16262792 -1.17065151 -1.17540793 -1.17661023 -1.17468242
 -1.17077335 -1.16606443 -1.16173712 -1.15897286 -1.15895307 -1.16285921
 -1.1718727  -1.18629113 -1.19543874 -1.18121392 -1.12537477 -1.01116947
 -0.89844038 -0.95891734 -1.36892324 -2.07716482 -2.69522143 -2.84519166
 -2.7080337  -2.73366315 -2.69357579 -2.22156659 -1.56278126 -1.25515952
 -1.28049791 -1.44990049 -1.57929244 -1.5956682  -1.53671514 -1.44490399
 -1.36070584 -1.29869829 -1.2554038  -1.22697706 -1.20957272 -1.19934545
 -1.19244992 -1.18504079 -1.17328151 -1.15474948 -1.12998164 -1.09988677
 -1.06537365 -1.02735104 -0.98672774 -0.94441252 -0.90131415 -0.85834142
 -0.81640309 -0.77640795 -0.73926478 -0.70588235]
a_x_fitting=[   1.72265289   11.80626245   21.88987202   31.97348159   42.05709115
   52.14070072   62.22431029   72.30791985   82.39152942   92.47513899
  102.55874855  112.64235812  122.72596769  132.80957725  142.89318682
  152.97679639  163.06040595  173.14401552  183.22762509  193.31123465
  203.39484422  213.47845379  223.56206336  233.64567292  243.72928249
  253.81289206  263.89650162  273.98011119  284.06372076  294.14733032
  304.23093989  314.31454946  324.39815902  334.48176859  344.56537816
  354.64898772  364.73259729  374.81620686  384.89981642  394.98342599
  405.06703556  415.15064512  425.23425469  435.31786426  445.40147383
  455.48508339  465.56869296  475.65230253  485.73591209  495.81952166
  505.90313123  515.98674079  526.07035036  536.15395993  546.23756949
  556.32117906  566.40478863  576.48839819  586.57200776  596.65561733
  606.73922689  616.82283646  626.90644603  636.99005559  647.07366516
  657.15727473  667.2408843   677.32449386  687.40810343  697.491713
  707.57532256  717.65893213  727.7425417   737.82615126  747.90976083
  757.9933704   768.07697996  778.16058953  788.2441991   798.32780866
  808.41141823  818.4950278   828.57863736  838.66224693  848.7458565
  858.82946606  868.91307563  878.9966852   889.08029477  899.16390433
  909.2475139   919.33112347  929.41473303  939.4983426   949.58195217
  959.66556173  969.7491713   979.83278087  989.91639043 1000.        ]
a_y_fitting=[-6.49122807 -6.42460133 -6.39992416 -6.40994366 -6.44740693 -6.50506107
 -6.57565319 -6.65193038 -6.72663975 -6.79252839 -6.84234341 -6.87027062
 -6.87614732 -6.86119832 -6.82664842 -6.77372244 -6.70403451 -6.65391957
 -6.72133639 -6.91997934 -6.87491784 -6.1727387  -5.15354194 -4.58519184
 -4.50344027 -4.47404159 -4.4146054  -4.35978156 -4.31771104 -4.27133237
 -4.23555679 -4.37501546 -4.87394137 -5.63532969 -6.37320608 -6.81286265
 -6.92272443 -6.87036994 -6.82241142 -6.83764822 -6.8889353  -6.94673958
 -6.9838293  -6.9934862  -6.97976246 -6.94680569 -6.8987635  -6.83978351
 -6.77401332 -6.70560054 -6.63869278 -6.57733486 -6.52339269 -6.47665154
 -6.43681355 -6.40358085 -6.37665559 -6.3557399  -6.34053593 -6.33074581
 -6.32607169 -6.3262157  -6.33087999 -6.33976669 -6.35257794 -6.36901588
 -6.38878265 -6.4115804  -6.43711126 -6.46507737 -6.49518086 -6.52712389
 -6.56060859 -6.59533709 -6.63101155 -6.66733409 -6.70400686 -6.74073199
 -6.77721164 -6.81314792 -6.848243   -6.882199   -6.91471806 -6.94550233
 -6.97425395 -7.00067504 -7.02446776 -7.04533424 -7.06297663 -7.07709706
 -7.08739766 -7.09358059 -7.09534798 -7.09240197 -7.0844447  -7.07117831
 -7.05230494 -7.02752672 -6.99654581 -6.95906433]
d_x_fitting=[  3.44530577  13.47671374  23.5081217   33.53952966  43.57093763
  53.60234559  63.63375356  73.66516152  83.69656948  93.72797745
 103.75938541 113.79079338 123.82220134 133.85360931 143.88501727
 153.91642523 163.9478332  173.97924116 184.01064913 194.04205709
 204.07346506 214.10487302 224.13628098 234.16768895 244.19909691
 254.23050488 264.26191284 274.2933208  284.32472877 294.35613673
 304.3875447  314.41895266 324.45036063 334.48176859 344.51317655
 354.54458452 364.57599248 374.60740045 384.63880841 394.67021638
 404.70162434 414.7330323  424.76444027 434.79584823 444.8272562
 454.85866416 464.89007213 474.92148009 484.95288805 494.98429602
 505.01570398 515.04711195 525.07851991 535.10992787 545.14133584
 555.1727438  565.20415177 575.23555973 585.2669677  595.29837566
 605.32978362 615.36119159 625.39259955 635.42400752 645.45541548
 655.48682345 665.51823141 675.54963937 685.58104734 695.6124553
 705.64386327 715.67527123 725.7066792  735.73808716 745.76949512
 755.80090309 765.83231105 775.86371902 785.89512698 795.92653494
 805.95794291 815.98935087 826.02075884 836.0521668  846.08357477
 856.11498273 866.14639069 876.17779866 886.20920662 896.24061459
 906.27202255 916.30343052 926.33483848 936.36624644 946.39765441
 956.42906237 966.46047034 976.4918783  986.52328626 996.55469423]
d_y_fitting=[ 0.99415205  1.15599584  1.26409416  1.3258409   1.34862991  1.33985507
  1.30691024  1.2571893   1.19808611  1.13699455  1.08137723  1.03993356
  1.02243407  1.03868471  1.09849143  1.21166015  1.36788469  1.44405104
  1.27935479  0.96324851  1.1040569   2.17085077  3.23288349  3.45137223
  3.47968353  3.55418213  3.57788229  3.5424117   3.48596488  3.44702064
  3.42969348  3.34976599  3.1090239   2.65145543  2.10404517  1.6432627
  1.38958241  1.31517642  1.36794434  1.49578584  1.64660054  1.77098906
  1.85362981  1.90252968  1.92614938  1.93294962  1.93139111  1.92993298
  1.93570924  1.95212676  1.9819419   2.02791103  2.09279052  2.17933674
  2.29030161  2.41675576  2.51274832  2.52501133  2.40027684  2.0852769
  1.53797262  0.84540328  0.08195385 -0.84094851 -1.34905209 -1.16605817
 -0.97304454 -1.02192298 -0.76261809  0.3600857   1.63444185  2.18537363
  2.15803999  2.00260397  1.97146433  2.03133732  2.12666042  2.20410843
  2.24634719  2.26509338  2.27289297  2.28228716  2.30170792  2.32797064
  2.35585247  2.38013053  2.39558195  2.39698551  2.38094355  2.34937221
  2.30515024  2.25115637  2.19026934  2.12536788  2.05933074  1.99503664
  1.93536434  1.88319255  1.84140002  1.8128655 ]