
p_x=[2.5839793281653747, 105.94315245478036, 279.93109388458225, 388.458225667528, 478.0361757105943, 709.7329888027563, 987.0801033591732]
p_y=[-0.47058823529411775, 0.23529411764705976, 1.0588235294117645, -0.117647058823529, 0.117647058823529, 1.6470588235294112, 1.2941176470588225]
a_x=[3.4453057708871664, 110.24978466838932, 215.3316106804479, 301.464254952627, 399.6554694229113, 484.0654608096469, 728.6821705426356, 766.5805340223944, 987.0801033591732]
a_y=[-4.970760233918128, -4.502923976608187, -3.333333333333332, -1.9298245614035086, -3.6842105263157894, -2.0467836257309955, 2.280701754385966, 2.1637426900584797, -0.2923976608187129]
d_x=[1.7226528854435832, 111.9724375538329, 305.77088716623604, 391.90353143841514, 493.5400516795866, 730.4048234280792, 989.6640826873385]
d_y=[1.1111111111111107, 1.578947368421053, 2.7485380116959064, 1.3450292397660828, 1.6959064327485383, 2.1637426900584797, 1.8128654970760234]
p_x_fitting=[  2.58397933  12.52838462  22.47278991  32.41719521  42.3616005
  52.30600579  62.25041109  72.19481638  82.13922167  92.08362697
 102.02803226 111.97243755 121.91684285 131.86124814 141.80565343
 151.75005873 161.69446402 171.63886931 181.58327461 191.5276799
 201.47208519 211.41649049 221.36089578 231.30530107 241.24970637
 251.19411166 261.13851695 271.08292225 281.02732754 290.97173283
 300.91613813 310.86054342 320.80494871 330.74935401 340.6937593
 350.63816459 360.58256988 370.52697518 380.47138047 390.41578576
 400.36019106 410.30459635 420.24900164 430.19340694 440.13781223
 450.08221752 460.02662282 469.97102811 479.9154334  489.8598387
 499.80424399 509.74864928 519.69305458 529.63745987 539.58186516
 549.52627046 559.47067575 569.41508104 579.35948634 589.30389163
 599.24829692 609.19270222 619.13710751 629.0815128  639.0259181
 648.97032339 658.91472868 668.85913398 678.80353927 688.74794456
 698.69234986 708.63675515 718.58116044 728.52556573 738.46997103
 748.41437632 758.35878161 768.30318691 778.2475922  788.19199749
 798.13640279 808.08080808 818.02521337 827.96961867 837.91402396
 847.85842925 857.80283455 867.74723984 877.69164513 887.63605043
 897.58045572 907.52486101 917.46926631 927.4136716  937.35807689
 947.30248219 957.24688748 967.19129277 977.13569807 987.08010336]
p_y_fitting=[-4.70588235e-01 -4.52300628e-01 -4.19682235e-01 -3.74078639e-01
 -3.16835421e-01 -2.49298164e-01 -1.72812451e-01 -8.87238626e-02
  1.62201793e-03  9.68796084e-02  1.95703327e-01  2.96747590e-01
  3.98666817e-01  5.00115425e-01  5.99747832e-01  6.96218455e-01
  7.88181712e-01  8.74292022e-01  9.53203800e-01  1.02357147e+00
  1.08404944e+00  1.13329213e+00  1.16995397e+00  1.19268936e+00
  1.20015273e+00  1.19099849e+00  1.16388107e+00  1.11745487e+00
  1.05037560e+00  9.62598965e-01  8.57829736e-01  7.40444464e-01
  6.14819703e-01  4.85332006e-01  3.56357926e-01  2.32274017e-01
  1.17456831e-01  1.62829215e-02 -6.68711578e-02 -1.27637924e-01
 -1.63652189e-01 -1.77055791e-01 -1.70606591e-01 -1.47062451e-01
 -1.09181231e-01 -5.97207922e-02 -1.43899640e-03  6.29062957e-02
  1.30560138e-01  1.99481925e-01  2.69274979e-01  3.39773044e-01
  4.10809861e-01  4.82219173e-01  5.53834720e-01  6.25490247e-01
  6.97019494e-01  7.68256204e-01  8.39034119e-01  9.09186981e-01
  9.78548532e-01  1.04695251e+00  1.11423267e+00  1.18022274e+00
  1.24475647e+00  1.30766760e+00  1.36878987e+00  1.42795703e+00
  1.48500281e+00  1.53976096e+00  1.59206522e+00  1.64174933e+00
  1.68864704e+00  1.73259208e+00  1.77341820e+00  1.81095915e+00
  1.84504865e+00  1.87552047e+00  1.90220833e+00  1.92494598e+00
  1.94356716e+00  1.95790561e+00  1.96779508e+00  1.97306931e+00
  1.97356204e+00  1.96910701e+00  1.95953797e+00  1.94468865e+00
  1.92439280e+00  1.89848417e+00  1.86679648e+00  1.82916349e+00
  1.78541894e+00  1.73539656e+00  1.67893011e+00  1.61585332e+00
  1.54599994e+00  1.46920371e+00  1.38529836e+00  1.29411765e+00]
a_x_fitting=[  3.44530577  13.3810108   23.31671582  33.25242085  43.18812588
  53.1238309   63.05953593  72.99524095  82.93094598  92.86665101
 102.80235603 112.73806106 122.67376608 132.60947111 142.54517614
 152.48088116 162.41658619 172.35229122 182.28799624 192.22370127
 202.15940629 212.09511132 222.03081635 231.96652137 241.9022264
 251.83793142 261.77363645 271.70934148 281.6450465  291.58075153
 301.51645656 311.45216158 321.38786661 331.32357163 341.25927666
 351.19498169 361.13068671 371.06639174 381.00209676 390.93780179
 400.87350682 410.80921184 420.74491687 430.6806219  440.61632692
 450.55203195 460.48773697 470.423442   480.35914703 490.29485205
 500.23055708 510.1662621  520.10196713 530.03767216 539.97337718
 549.90908221 559.84478723 569.78049226 579.71619729 589.65190231
 599.58760734 609.52331237 619.45901739 629.39472242 639.33042744
 649.26613247 659.2018375  669.13754252 679.07324755 689.00895257
 698.9446576  708.88036263 718.81606765 728.75177268 738.68747771
 748.62318273 758.55888776 768.49459278 778.43029781 788.36600284
 798.30170786 808.23741289 818.17311791 828.10882294 838.04452797
 847.98023299 857.91593802 867.85164305 877.78734807 887.7230531
 897.65875812 907.59446315 917.53016818 927.4658732  937.40157823
 947.33728325 957.27298828 967.20869331 977.14439833 987.08010336]
a_y_fitting=[-4.97076023 -4.89991208 -4.83979023 -4.78863898 -4.74470261 -4.70622541
 -4.67145167 -4.63862567 -4.6059917  -4.57179405 -4.534277   -4.49168484
 -4.44226186 -4.38425235 -4.31590058 -4.23545086 -4.14114746 -4.03123468
 -3.9039568  -3.7575581  -3.59028288 -3.40037542 -3.18680655 -2.95676475
 -2.7226337  -2.49687901 -2.2919663  -2.12036116 -1.99452922 -1.92693607
 -1.93004733 -2.01135459 -2.1587645  -2.35536404 -2.58424022 -2.82848
 -3.07117038 -3.29539835 -3.48425089 -3.620815   -3.68818607 -3.67589705
 -3.59139071 -3.44519959 -3.24785623 -3.00989317 -2.74184295 -2.45423811
 -2.15761119 -1.86208389 -1.57224213 -1.288703   -1.01199709 -0.74265495
 -0.48120717 -0.22818432  0.01588303  0.25046432  0.47502896  0.68904639
  0.89198603  1.08331732  1.26250967  1.42903252  1.5823553   1.72194743
  1.84727835  1.95781747  2.05303423  2.13239806  2.19537838  2.24144463
  2.27006622  2.28071259  2.2731549   2.24834614  2.20752861  2.15194461
  2.08283645  2.00144643  1.90901686  1.80679003  1.69600825  1.57791383
  1.45374906  1.32475625  1.1921777   1.05725572  0.9212326   0.78535066
  0.65085219  0.5189795   0.39097489  0.26808067  0.15153913  0.04259258
 -0.05751668 -0.14754634 -0.2262541  -0.29239766]
d_x_fitting=[  1.72265289  11.70185925  21.68106561  31.66027197  41.63947833
  51.61868469  61.59789106  71.57709742  81.55630378  91.53551014
 101.5147165  111.49392286 121.47312923 131.45233559 141.43154195
 151.41074831 161.38995467 171.36916103 181.34836739 191.32757376
 201.30678012 211.28598648 221.26519284 231.2443992  241.22360556
 251.20281193 261.18201829 271.16122465 281.14043101 291.11963737
 301.09884373 311.0780501  321.05725646 331.03646282 341.01566918
 350.99487554 360.9740819  370.95328827 380.93249463 390.91170099
 400.89090735 410.87011371 420.84932007 430.82852644 440.8077328
 450.78693916 460.76614552 470.74535188 480.72455824 490.70376461
 500.68297097 510.66217733 520.64138369 530.62059005 540.59979641
 550.57900278 560.55820914 570.5374155  580.51662186 590.49582822
 600.47503458 610.45424095 620.43344731 630.41265367 640.39186003
 650.37106639 660.35027275 670.32947912 680.30868548 690.28789184
 700.2670982  710.24630456 720.22551092 730.20471728 740.18392365
 750.16313001 760.14233637 770.12154273 780.10074909 790.07995545
 800.05916182 810.03836818 820.01757454 829.9967809  839.97598726
 849.95519362 859.93439999 869.91360635 879.89281271 889.87201907
 899.85122543 909.83043179 919.80963816 929.78884452 939.76805088
 949.74725724 959.7264636  969.70566996 979.68487633 989.66408269]
d_y_fitting=[1.11111111 1.04775913 1.01154526 1.00044713 1.01244239 1.04550869
 1.09762366 1.16676495 1.25091019 1.34803704 1.45612314 1.57314612
 1.69708364 1.82591333 1.95761283 2.09015979 2.22153185 2.34970666
 2.47266185 2.58837507 2.69482396 2.78998617 2.87183933 2.93836109
 2.98752909 3.01732098 3.02571439 3.01068697 2.97021637 2.90228021
 2.80485616 2.67618511 2.51974599 2.34383833 2.15694126 1.96753394
 1.7840955  1.61510509 1.46904185 1.35438492 1.27801191 1.23815412
 1.23013818 1.24928856 1.29092974 1.35038619 1.42298239 1.50404281
 1.58889194 1.67285424 1.75155382 1.82354334 1.88903092 1.94824344
 2.00140778 2.04875084 2.09049948 2.1268806  2.15812109 2.18444782
 2.20608767 2.22326754 2.23621431 2.24515486 2.25031607 2.25192483
 2.25020802 2.24539253 2.23770524 2.22737303 2.2146228  2.19968141
 2.18277576 2.16413273 2.14397921 2.12254207 2.10004821 2.0767245
 2.05279783 2.02849508 2.00404315 1.9796689  1.95559923 1.93206102
 1.90928116 1.88748652 1.86690399 1.84776046 1.83028281 1.81469792
 1.80123268 1.79011397 1.78156867 1.77582368 1.77310587 1.77364212
 1.77765933 1.78538437 1.79704413 1.8128655 ]