
p_x=[5.167958656330749, 85.27131782945736, 178.29457364341087, 261.84323858742465, 354.86649440137813, 423.77260981912144, 480.6201550387597, 508.182601205857, 552.1102497846684, 602.928509905254, 692.5064599483204, 720.9302325581394, 726.0981912144703, 761.4125753660637, 784.668389319552, 813.0921619293713, 838.931955211025, 956.0723514211886, 995.693367786391]
p_y=[0.0, -0.117647058823529, 0.0, 2.0, 2.3529411764705888, 2.5882352941176467, 2.11764705882353, 1.0588235294117645, 0.9411764705882355, 0.47058823529411775, 0.5882352941176467, 1.6470588235294112, 2.0, 2.0, 0.0, -0.9411764705882355, -0.9411764705882355, -1.0588235294117645, -1.1764705882352935]
a_x=[1.7226528854435832, 78.38070628768304, 178.29457364341087, 216.19293712316966, 248.92334194659776, 268.73385012919897, 310.93884582256675, 366.9250645994832, 447.0284237726098, 531.4384151593454, 577.9500430663221, 640.8268733850128, 685.6158484065461, 791.5590008613265, 965.5469422911284, 995.693367786391]
a_y=[-6.140350877192983, -6.140350877192983, -5.906432748538011, -5.6725146198830405, -5.906432748538011, -4.035087719298245, -3.450292397660819, -3.5672514619883025, -3.5672514619883025, -5.321637426900585, -5.087719298245615, -5.321637426900585, -5.087719298245615, -5.087719298245615, -5.906432748538011, -5.789473684210527]
d_x=[5.167958656330749, 82.68733850129199, 174.84926787252368, 246.3393626184324, 285.099052540913, 335.9173126614987, 435.83118001722653, 512.4892334194659, 689.0611541774333, 830.318690783807, 860.4651162790698, 930.2325581395348, 987.941429801895]
d_y=[0.1754385964912295, 0.1754385964912295, 0.526315789473685, 1.6959064327485383, 2.0467836257309946, 2.0467836257309946, 2.397660818713451, 2.514619883040936, 2.1637426900584797, 1.1111111111111107, 0.4093567251461998, 0.058479532163742576, -0.058479532163742576]
p_x_fitting=[  5.16795866  15.17326582  25.17857298  35.18388015  45.18918731
  55.19449447  65.19980163  75.2051088   85.21041596  95.21572312
 105.22103029 115.22633745 125.23164461 135.23695177 145.24225894
 155.2475661  165.25287326 175.25818043 185.26348759 195.26879475
 205.27410191 215.27940908 225.28471624 235.2900234  245.29533057
 255.30063773 265.30594489 275.31125206 285.31655922 295.32186638
 305.32717354 315.33248071 325.33778787 335.34309503 345.3484022
 355.35370936 365.35901652 375.36432368 385.36963085 395.37493801
 405.38024517 415.38555234 425.3908595  435.39616666 445.40147383
 455.40678099 465.41208815 475.41739531 485.42270248 495.42800964
 505.4333168  515.43862397 525.44393113 535.44923829 545.45454545
 555.45985262 565.46515978 575.47046694 585.47577411 595.48108127
 605.48638843 615.4916956  625.49700276 635.50230992 645.50761708
 655.51292425 665.51823141 675.52353857 685.52884574 695.5341529
 705.53946006 715.54476722 725.55007439 735.55538155 745.56068871
 755.56599588 765.57130304 775.5766102  785.58191736 795.58722453
 805.59253169 815.59783885 825.60314602 835.60845318 845.61376034
 855.61906751 865.62437467 875.62968183 885.63498899 895.64029616
 905.64560332 915.65091048 925.65621765 935.66152481 945.66683197
 955.67213913 965.6774463  975.68275346 985.68806062 995.69336779]
p_y_fitting=[ 0.          0.07498084  0.11376725  0.1216514   0.10392549  0.06588171
  0.01281225 -0.04999071 -0.11723498 -0.18362837 -0.24387868 -0.29269374
 -0.32478135 -0.33484931 -0.31760546 -0.26775759 -0.18001351 -0.04908104
  0.12936103  0.34948703  0.59942872  0.86723759  1.14096509  1.4086627
  1.65838188  1.8781741   2.0562204   2.18780705  2.2788652   2.33620001
  2.36661661  2.37692013  2.37391571  2.36440849  2.3552036   2.35310602
  2.36323259  2.38486334  2.41601764  2.45471491  2.49897452  2.54681587
  2.59624241  2.6394144   2.65396615  2.61531287  2.49886977  2.28005207
  1.93699664  1.51673411  1.13887912  0.91474908  0.84440466  0.86660566
  0.91947235  0.94162547  0.90140381  0.81303123  0.69465798  0.56443427
  0.44046915  0.3361552   0.25586587  0.20295775  0.18078746  0.19271162
  0.24208683  0.3322697   0.46661684  0.64884835  0.91022347  1.3283549
  1.96400357  2.45586522  2.58479233  2.3319576   1.68284653  0.77491674
 -0.06496849 -0.59324629 -0.85650951 -0.95626898 -0.97380299 -0.95114223
 -0.92391204 -0.90571318 -0.89598098 -0.89391662 -0.89872131 -0.90959622
 -0.92574257 -0.94636153 -0.9706543  -0.99782207 -1.02706604 -1.0575874
 -1.08858735 -1.11926706 -1.14882774 -1.17647059]
a_x_fitting=[  1.72265289  11.76276112  21.80286935  31.84297758  41.88308581
  51.92319404  61.96330227  72.0034105   82.04351874  92.08362697
 102.1237352  112.16384343 122.20395166 132.24405989 142.28416812
 152.32427636 162.36438459 172.40449282 182.44460105 192.48470928
 202.52481751 212.56492574 222.60503397 232.64514221 242.68525044
 252.72535867 262.7654669  272.80557513 282.84568336 292.88579159
 302.92589983 312.96600806 323.00611629 333.04622452 343.08633275
 353.12644098 363.16654921 373.20665744 383.24676568 393.28687391
 403.32698214 413.36709037 423.4071986  433.44730683 443.48741506
 453.52752329 463.56763153 473.60773976 483.64784799 493.68795622
 503.72806445 513.76817268 523.80828091 533.84838915 543.88849738
 553.92860561 563.96871384 574.00882207 584.0489303  594.08903853
 604.12914676 614.169255   624.20936323 634.24947146 644.28957969
 654.32968792 664.36979615 674.40990438 684.45001262 694.49012085
 704.53022908 714.57033731 724.61044554 734.65055377 744.690662
 754.73077023 764.77087847 774.8109867  784.85109493 794.89120316
 804.93131139 814.97141962 825.01152785 835.05163609 845.09174432
 855.13185255 865.17196078 875.21206901 885.25217724 895.29228547
 905.3323937  915.37250194 925.41261017 935.4527184  945.49282663
 955.53293486 965.57304309 975.61315132 985.65325956 995.69336779]
a_y_fitting=[-6.14035088 -6.06996446 -6.02891036 -6.01286775 -6.01751582 -6.03853377
 -6.07160078 -6.11239605 -6.15659875 -6.19988807 -6.23794321 -6.26644335
 -6.28106769 -6.2774954  -6.25140569 -6.19847772 -6.11439071 -5.99482382
 -5.83640311 -5.66981908 -5.56848801 -5.6085332  -5.84935891 -6.13483379
 -6.15900667 -5.62165079 -4.60991907 -3.73437365 -3.30927046 -3.22003319
 -3.32405106 -3.47892193 -3.5854131  -3.64009543 -3.65242353 -3.63185195
 -3.5878353  -3.52982256 -3.46718723 -3.40924847 -3.36532425 -3.34473252
 -3.35679126 -3.41081844 -3.51613201 -3.68080018 -3.89729269 -4.1474833
 -4.41304364 -4.67564535 -4.91696005 -5.11865937 -5.26241493 -5.33001345
 -5.31864783 -5.25626401 -5.17446016 -5.10483446 -5.07720354 -5.09549762
 -5.14410674 -5.20694018 -5.26790719 -5.31091706 -5.32007998 -5.29061771
 -5.23445225 -5.16488281 -5.09520862 -5.0371109  -4.99307716 -4.96235181
 -4.94417559 -4.93778927 -4.94243357 -4.95734927 -4.9817771  -5.01495781
 -5.05613216 -5.10453814 -5.15924676 -5.2190692  -5.28279419 -5.34921043
 -5.41710664 -5.48527155 -5.55249386 -5.61756229 -5.67926556 -5.73639238
 -5.78773148 -5.83207156 -5.86820134 -5.89490955 -5.91098489 -5.91521608
 -5.90639184 -5.88330088 -5.84473192 -5.78947368]
d_x_fitting=[  5.16795866  15.09496342  25.02196817  34.94897293  44.87597769
  54.80298245  64.72998721  74.65699197  84.58399673  94.51100149
 104.43800625 114.36501101 124.29201576 134.21902052 144.14602528
 154.07303004 164.0000348  173.92703956 183.85404432 193.78104908
 203.70805384 213.6350586  223.56206336 233.48906811 243.41607287
 253.34307763 263.27008239 273.19708715 283.12409191 293.05109667
 302.97810143 312.90510619 322.83211095 332.7591157  342.68612046
 352.61312522 362.54012998 372.46713474 382.3941395  392.32114426
 402.24814902 412.17515378 422.10215854 432.0291633  441.95616805
 451.88317281 461.81017757 471.73718233 481.66418709 491.59119185
 501.51819661 511.44520137 521.37220613 531.29921089 541.22621564
 551.1532204  561.08022516 571.00722992 580.93423468 590.86123944
 600.7882442  610.71524896 620.64225372 630.56925848 640.49626324
 650.42326799 660.35027275 670.27727751 680.20428227 690.13128703
 700.05829179 709.98529655 719.91230131 729.83930607 739.76631083
 749.69331558 759.62032034 769.5473251  779.47432986 789.40133462
 799.32833938 809.25534414 819.1823489  829.10935366 839.03635842
 848.96336318 858.89036793 868.81737269 878.74437745 888.67138221
 898.59838697 908.52539173 918.45239649 928.37940125 938.30640601
 948.23341077 958.16041552 968.08742028 978.01442504 987.9414298 ]
d_y_fitting=[ 0.1754386   0.2069956   0.22434121  0.23002776  0.22660756  0.21663296
  0.20265628  0.18722986  0.17290601  0.16223708  0.15777539  0.16207327
  0.17768305  0.20715705  0.25304762  0.31790708  0.40428776  0.51474198
  0.65063897  0.80708574  0.97712518  1.15379891  1.33014856  1.49921572
  1.65404204  1.78799369  1.89772368  1.98179536  2.03879568  2.06814524
  2.075405    2.06887995  2.05688786  2.04774649  2.0492287   2.06310964
  2.0874492   2.12025192  2.15952231  2.20326491  2.24948425  2.29618487
  2.34137129  2.38304803  2.41930702  2.44946344  2.47373291  2.49235192
  2.50555701  2.51358467  2.51667142  2.51505377  2.50899467  2.49890239
  2.4852348   2.46844986  2.4490055   2.42735967  2.40397029  2.37929532
  2.35379268  2.32792033  2.30213619  2.27689821  2.25266433  2.22989248
  2.20904061  2.19056666  2.17492856  2.16258361  2.15328788  2.1447608
  2.13435417  2.11941974  2.09730929  2.0653746   2.02096744  1.96143959
  1.88414281  1.78642888  1.66564957  1.51915666  1.34430193  1.13843713
  0.90265615  0.65969265  0.44004119  0.27036865  0.15246443  0.07819898
  0.03941704  0.02796337  0.0356827   0.05441977  0.07601934  0.09232613
  0.0951849   0.07644038  0.02793732 -0.05847953]