
p_x=[4.3066322136089585, 88.71662360034453, 193.79844961240312, 294.57364341085275, 372.09302325581393, 446.167097329888, 577.0887166236004, 660.637381567614, 745.9086993970715, 814.8148148148148, 913.8673557278208, 981.9121447028424]
p_y=[-1.764705882352942, -1.5294117647058805, -1.5294117647058805, -1.1764705882352935, -2.4705882352941178, -2.8235294117647065, -2.117647058823529, 1.2941176470588225, 2.11764705882353, 1.882352941176471, -0.8235294117647047, -1.647058823529413]
a_x=[3.4453057708871664, 81.8260120585702, 134.36692506459949, 175.71059431524546, 218.77691645133507, 279.93109388458225, 344.53057708871665, 427.2179155900086, 546.9422911283376, 607.2351421188631, 664.944013781223, 711.4556416881999, 751.937984496124, 799.3109388458226, 850.99052540913, 894.9181739879414, 943.1524547803618, 981.9121447028424]
a_y=[-2.163742690058479, -2.163742690058479, -1.8128654970760234, 0.7602339181286553, 1.2280701754385976, 0.8771929824561404, -1.6959064327485365, -1.6959064327485365, -1.3450292397660828, -1.3450292397660828, -0.2923976608187129, 1.8128654970760234, 2.514619883040936, 2.280701754385966, 1.1111111111111107, -0.8771929824561404, -0.8771929824561404, -0.9941520467836256]
d_x=[0.0, 76.65805340223946, 178.29457364341087, 229.11283376399655, 288.5443583118002, 366.9250645994832, 439.2764857881137, 547.8036175710595, 607.2351421188631, 747.6313522825151, 804.4788975021532, 885.4435831180017, 967.269595176572]
d_y=[1.3450292397660828, 1.578947368421053, 3.333333333333334, 3.8011695906432754, 3.5672514619883042, 0.6432748538011701, -0.2923976608187129, 1.461988304093568, 2.9824561403508776, 3.9181286549707606, 4.152046783625732, 3.0994152046783627, 1.2280701754385976]
p_x_fitting=[  4.30663221  14.18143537  24.05623853  33.93104168  43.80584484
  53.680648    63.55545115  73.43025431  83.30505747  93.17986062
 103.05466378 112.92946693 122.80427009 132.67907325 142.5538764
 152.42867956 162.30348272 172.17828587 182.05308903 191.92789219
 201.80269534 211.6774985  221.55230166 231.42710481 241.30190797
 251.17671113 261.05151428 270.92631744 280.80112059 290.67592375
 300.55072691 310.42553006 320.30033322 330.17513638 340.04993953
 349.92474269 359.79954585 369.674349   379.54915216 389.42395532
 399.29875847 409.17356163 419.04836478 428.92316794 438.7979711
 448.67277425 458.54757741 468.42238057 478.29718372 488.17198688
 498.04679004 507.92159319 517.79639635 527.67119951 537.54600266
 547.42080582 557.29560898 567.17041213 577.04521529 586.92001844
 596.7948216  606.66962476 616.54442791 626.41923107 636.29403423
 646.16883738 656.04364054 665.9184437  675.79324685 685.66805001
 695.54285317 705.41765632 715.29245948 725.16726263 735.04206579
 744.91686895 754.7916721  764.66647526 774.54127842 784.41608157
 794.29088473 804.16568789 814.04049104 823.9152942  833.79009736
 843.66490051 853.53970367 863.41450683 873.28930998 883.16411314
 893.03891629 902.91371945 912.78852261 922.66332576 932.53812892
 942.41293208 952.28773523 962.16253839 972.03734155 981.9121447 ]
p_y_fitting=[-1.76470588 -1.67965853 -1.61430657 -1.56660939 -1.53452637 -1.5160169
 -1.50904039 -1.5115562  -1.52152374 -1.53690239 -1.55565154 -1.57573058
 -1.5950989  -1.61171589 -1.62354093 -1.62853343 -1.62465275 -1.60985831
 -1.58210948 -1.53936565 -1.48032216 -1.40893259 -1.33143826 -1.25408991
 -1.18313826 -1.12483405 -1.08542801 -1.07117087 -1.08831335 -1.1431062
 -1.24117087 -1.37890762 -1.54571627 -1.73082215 -1.92345059 -2.11282691
 -2.28817644 -2.4387245  -2.55496571 -2.63825737 -2.69547254 -2.73352762
 -2.75933902 -2.77982313 -2.80189634 -2.83243975 -2.87421632 -2.92207278
 -2.96995767 -3.01181948 -3.04160676 -3.05326801 -3.04075176 -2.99800653
 -2.91898083 -2.7976232  -2.62788214 -2.40370618 -2.11904384 -1.77153494
 -1.37378097 -0.94217356 -0.49310438 -0.04296507  0.39185273  0.79495735
  1.14995715  1.44111027  1.66543433  1.8315987   1.94870038  2.02583643
  2.07210386  2.09659971  2.108421    2.11666477  2.12833391  2.13908949
  2.14077055  2.12521324  2.08425371  2.0097281   1.89347256  1.72937986
  1.52175979  1.27821242  1.00633911  0.71374122  0.40802009  0.09677707
 -0.21238646 -0.51186918 -0.79406971 -1.05138672 -1.27621884 -1.46096472
 -1.59802302 -1.67979237 -1.69867142 -1.64705882]
a_x_fitting=[  3.44530577  13.32880919  23.21231262  33.09581604  42.97931947
  52.86282289  62.74632631  72.62982974  82.51333316  92.39683658
 102.28034001 112.16384343 122.04734685 131.93085028 141.8143537
 151.69785712 161.58136055 171.46486397 181.34836739 191.23187082
 201.11537424 210.99887767 220.88238109 230.76588451 240.64938794
 250.53289136 260.41639478 270.29989821 280.18340163 290.06690505
 299.95040848 309.8339119  319.71741532 329.60091875 339.48442217
 349.3679256  359.25142902 369.13493244 379.01843587 388.90193929
 398.78544271 408.66894614 418.55244956 428.43595298 438.31945641
 448.20295983 458.08646325 467.96996668 477.8534701  487.73697353
 497.62047695 507.50398037 517.3874838  527.27098722 537.15449064
 547.03799407 556.92149749 566.80500091 576.68850434 586.57200776
 596.45551118 606.33901461 616.22251803 626.10602145 635.98952488
 645.8730283  655.75653173 665.64003515 675.52353857 685.407042
 695.29054542 705.17404884 715.05755227 724.94105569 734.82455911
 744.70806254 754.59156596 764.47506938 774.35857281 784.24207623
 794.12557966 804.00908308 813.8925865  823.77608993 833.65959335
 843.54309677 853.4266002  863.31010362 873.19360704 883.07711047
 892.96061389 902.84411731 912.72762074 922.61112416 932.49462759
 942.37813101 952.26163443 962.14513786 972.02864128 981.9121447 ]
a_y_fitting=[-2.16374269 -1.7283505  -1.48427529 -1.39829655 -1.43719374 -1.56774635
 -1.75673384 -1.97093569 -2.17713137 -2.34210036 -2.43262214 -2.41547617
 -2.25744194 -1.92529892 -1.39597147 -0.73365254 -0.04703632  0.55482792
  0.96823731  1.17966662  1.25061458  1.24486339  1.22605238  1.23201569
  1.24507184  1.24033682  1.1929266   1.07795719  0.87054474  0.55650428
  0.16129345 -0.28045036 -0.73408977 -1.16498738 -1.53850583 -1.82098122
 -2.00229102 -2.09651182 -2.1188253  -2.08441311 -2.00845695 -1.90613846
 -1.79263932 -1.6831361  -1.58895864 -1.51075486 -1.44733353 -1.39750344
 -1.36007335 -1.33385204 -1.31764829 -1.31027087 -1.31052855 -1.31723012
 -1.32918435 -1.3452     -1.36355971 -1.38050167 -1.39176765 -1.3930994
 -1.38023868 -1.34892724 -1.29392264 -1.20480833 -1.06947348 -0.87580624
 -0.61169478 -0.26503049  0.16504137  0.64289471  1.12552459  1.56992609
  1.93356533  2.19674596  2.37235884  2.47579342  2.5224108   2.52469495
  2.48981767  2.42437726  2.33497199  2.22776798  2.09773972  1.92792659
  1.70078699  1.3987793   1.00456282  0.52597653  0.02023766 -0.44969637
 -0.82086815 -1.03914232 -1.11518026 -1.08852814 -0.99886502 -0.88586999
 -0.7892221  -0.74860043 -0.80368406 -0.99415205]
d_x_fitting=[  0.           9.77039995  19.5407999   29.31119985  39.08159981
  48.85199976  58.62239971  68.39279966  78.16319961  87.93359956
  97.70399951 107.47439946 117.24479942 127.01519937 136.78559932
 146.55599927 156.32639922 166.09679917 175.86719912 185.63759907
 195.40799903 205.17839898 214.94879893 224.71919888 234.48959883
 244.25999878 254.03039873 263.80079868 273.57119864 283.34159859
 293.11199854 302.88239849 312.65279844 322.42319839 332.19359834
 341.96399829 351.73439825 361.5047982  371.27519815 381.0455981
 390.81599805 400.586398   410.35679795 420.1271979  429.89759786
 439.66799781 449.43839776 459.20879771 468.97919766 478.74959761
 488.51999756 498.29039752 508.06079747 517.83119742 527.60159737
 537.37199732 547.14239727 556.91279722 566.68319717 576.45359713
 586.22399708 595.99439703 605.76479698 615.53519693 625.30559688
 635.07599683 644.84639678 654.61679674 664.38719669 674.15759664
 683.92799659 693.69839654 703.46879649 713.23919644 723.00959639
 732.77999635 742.5503963  752.32079625 762.0911962  771.86159615
 781.6319961  791.40239605 801.172796   810.94319596 820.71359591
 830.48399586 840.25439581 850.02479576 859.79519571 869.56559566
 879.33599562 889.10639557 898.87679552 908.64719547 918.41759542
 928.18799537 937.95839532 947.72879527 957.49919523 967.26959518]
d_y_fitting=[ 1.34502924  1.24982347  1.19836303  1.18694195  1.21185425  1.26939397
  1.35585513  1.46753176  1.60071788  1.75170753  1.91679473  2.09227351
  2.2744379   2.45958193  2.64399962  2.82398501  2.99583211  3.15583497
  3.3002876   3.42593259  3.53339638  3.62529666  3.7042673   3.7729422
  3.83352181  3.88025014  3.90039402  3.88098381  3.80904985  3.67162248
  3.4562642   3.1648683   2.81492742  2.42472059  2.01252682  1.59662517
  1.19529464  0.82681429  0.50913238  0.2502085   0.04647805 -0.10626335
 -0.21222005 -0.27559644 -0.3005969  -0.29142575 -0.25180071 -0.18371304
 -0.08877133  0.03141585  0.1752399   0.34109224  0.5273643   0.73244747
  0.95473319  1.19261286  1.44447791  1.70791842  1.97659553  2.24296819
  2.499495    2.7386346   2.95284559  3.13569058  3.28770889  3.41215752
  3.5122996   3.59139824  3.6527166   3.69951779  3.73506494  3.76262119
  3.78544966  3.8068135   3.82997581  3.85819975  3.89474843  3.94267229
  3.99963692  4.05763409  4.10838503  4.14361095  4.1550331   4.13490762
  4.08182429  3.99851453  3.88778132  3.75242764  3.59525646  3.41907077
  3.22667353  3.02086772  2.80445633  2.58024232  2.35102868  2.11961839
  1.88881441  1.66141973  1.44023733  1.22807018]