
p_x=[2.5839793281653747, 82.68733850129199, 118.00172265288545, 169.68130921619291, 198.96640826873386, 236.8647717484927, 281.65374677002586, 327.3040482342808, 397.9328165374677, 467.7002583979328, 507.32127476313525, 534.0223944875107, 579.6726959517657, 610.6804478897502, 658.9147286821704, 708.8716623600344, 739.8794142980189, 797.588285960379, 846.683893195521, 923.3419465977606, 994.8320413436692]
p_y=[1.764705882352942, 1.882352941176471, 3.0588235294117645, 3.0588235294117645, 2.11764705882353, 1.764705882352942, 3.1764705882352935, 2.4705882352941178, 2.4705882352941178, 2.4705882352941178, 4.117647058823529, 2.5882352941176467, 2.235294117647059, 2.0, 2.0, 3.4117647058823533, 3.647058823529412, 3.5294117647058822, 2.235294117647059, 2.8235294117647056, 2.235294117647059]
a_x=[2.5839793281653747, 56.84754521963824, 90.43927648578811, 138.67355727820842, 351.4211886304909, 673.5572782084411, 997.4160206718346]
a_y=[-5.555555555555555, -4.970760233918128, -4.970760233918128, -4.970760233918128, -5.555555555555555, -5.6725146198830405, -6.023391812865498]
d_x=[3.4453057708871664, 117.14039621016366, 457.3643410852713, 996.5546942291128]
d_y=[1.2280701754385976, 1.461988304093568, 1.461988304093568, 1.6959064327485383]
p_x_fitting=[  2.58397933  12.60668703  22.62939472  32.65210242  42.67481012
  52.69751781  62.72022551  72.74293321  82.76564091  92.7883486
 102.8110563  112.833764   122.85647169 132.87917939 142.90188709
 152.92459479 162.94730248 172.97001018 182.99271788 193.01542557
 203.03813327 213.06084097 223.08354866 233.10625636 243.12896406
 253.15167176 263.17437945 273.19708715 283.21979485 293.24250254
 303.26521024 313.28791794 323.31062564 333.33333333 343.35604103
 353.37874873 363.40145642 373.42416412 383.44687182 393.46957952
 403.49228721 413.51499491 423.53770261 433.5604103  443.583118
 453.6058257  463.6285334  473.65124109 483.67394879 493.69665649
 503.71936418 513.74207188 523.76477958 533.78748728 543.81019497
 553.83290267 563.85561037 573.87831806 583.90102576 593.92373346
 603.94644116 613.96914885 623.99185655 634.01456425 644.03727194
 654.05997964 664.08268734 674.10539504 684.12810273 694.15081043
 704.17351813 714.19622582 724.21893352 734.24164122 744.26434892
 754.28705661 764.30976431 774.33247201 784.3551797  794.3778874
 804.4005951  814.4233028  824.44601049 834.46871819 844.49142589
 854.51413358 864.53684128 874.55954898 884.58225668 894.60496437
 904.62767207 914.65037977 924.67308746 934.69579516 944.71850286
 954.74121056 964.76391825 974.78662595 984.80933365 994.83204134]
p_y_fitting=[1.76470588 1.23735808 0.92182457 0.78968602 0.8125231  0.96191648
 1.20944681 1.52669476 1.885241   2.25666619 2.61255101 2.9244761
 3.16449633 3.31641698 3.37628262 3.34070982 3.20631519 2.97008652
 2.65214185 2.30895376 1.99988816 1.77331438 1.66354972 1.7039954
 1.9227788  2.27642936 2.66987707 3.00691275 3.1914369  3.17134893
 3.00565485 2.77062843 2.54254346 2.39385292 2.3401916  2.35363498
 2.4051484  2.46569717 2.50624661 2.49776204 2.4134331  2.26652772
 2.10505929 1.97819213 1.93509055 2.02491887 2.29684141 2.79084261
 3.40609045 3.93155563 4.15326847 3.8821686  3.24794541 2.60069391
 2.22432461 2.09984808 2.12703743 2.20566483 2.23725144 2.18328431
 2.07879847 1.96321547 1.86882049 1.81668234 1.82688662 1.91951893
 2.11316282 2.39426299 2.71840907 3.03994552 3.31321679 3.49479794
 3.58575635 3.62816767 3.66474422 3.71001069 3.74530638 3.75006704
 3.70372842 3.58572628 3.37878561 3.10211704 2.79766426 2.50771522
 2.27455787 2.13573868 2.0915724  2.12478946 2.21801625 2.35387913
 2.51500447 2.68401864 2.84354801 2.97621894 3.06465781 3.09149099
 3.03934483 2.89084573 2.62862003 2.23529412]
a_x_fitting=[  2.58397933  12.63278783  22.68159633  32.73040482  42.77921332
  52.82802182  62.87683032  72.92563882  82.97444732  93.02325581
 103.07206431 113.12087281 123.16968131 133.21848981 143.26729831
 153.3161068  163.3649153  173.4137238  183.4625323  193.5113408
 203.5601493  213.6089578  223.65776629 233.70657479 243.75538329
 253.80419179 263.85300029 273.90180879 283.95061728 293.99942578
 304.04823428 314.09704278 324.14585128 334.19465978 344.24346827
 354.29227677 364.34108527 374.38989377 384.43870227 394.48751077
 404.53631927 414.58512776 424.63393626 434.68274476 444.73155326
 454.78036176 464.82917026 474.87797875 484.92678725 494.97559575
 505.02440425 515.07321275 525.12202125 535.17082974 545.21963824
 555.26844674 565.31725524 575.36606374 585.41487224 595.46368073
 605.51248923 615.56129773 625.61010623 635.65891473 645.70772323
 655.75653173 665.80534022 675.85414872 685.90295722 695.95176572
 706.00057422 716.04938272 726.09819121 736.14699971 746.19580821
 756.24461671 766.29342521 776.34223371 786.3910422  796.4398507
 806.4886592  816.5374677  826.5862762  836.6350847  846.6838932
 856.73270169 866.78151019 876.83031869 886.87912719 896.92793569
 906.97674419 917.02555268 927.07436118 937.12316968 947.17197818
 957.22078668 967.26959518 977.31840367 987.36721217 997.41602067]
a_y_fitting=[-5.55555556 -5.3502309  -5.19749884 -5.08986961 -5.01985344 -4.97996057
 -4.96270123 -4.96058565 -4.96612408 -4.97185389 -4.97337682 -4.97213059
 -4.97020757 -4.96970016 -4.97266215 -4.98005258 -4.99160612 -5.00699282
 -5.02588278 -5.04794606 -5.07285275 -5.1002729  -5.12987661 -5.16133394
 -5.19431497 -5.22848978 -5.26352843 -5.29910101 -5.33487759 -5.37052825
 -5.40572305 -5.44013208 -5.47342541 -5.50527312 -5.53534527 -5.56331355
 -5.58898841 -5.61242488 -5.63370287 -5.6529023  -5.67010308 -5.68538511
 -5.69882832 -5.71051261 -5.72051791 -5.72892411 -5.73581113 -5.7412589
 -5.74534731 -5.74815628 -5.74976573 -5.75025556 -5.7497057  -5.74819604
 -5.74580651 -5.74261702 -5.73870748 -5.73415781 -5.72904791 -5.7234577
 -5.71746708 -5.71115599 -5.70460432 -5.69789199 -5.69109891 -5.684305
 -5.67759016 -5.67103432 -5.66471738 -5.65871925 -5.65311985 -5.6479991
 -5.64343689 -5.63951316 -5.6363078  -5.63390074 -5.63237188 -5.63180113
 -5.63226842 -5.63385365 -5.63663674 -5.64069759 -5.64611613 -5.65297225
 -5.66134589 -5.67131694 -5.68296533 -5.69637096 -5.71161375 -5.7287736
 -5.74793044 -5.76916418 -5.79255472 -5.81818199 -5.84612588 -5.87646633
 -5.90928323 -5.9446565  -5.98266606 -6.02339181]
d_x_fitting=[  3.44530577  13.47671374  23.5081217   33.53952966  43.57093763
  53.60234559  63.63375356  73.66516152  83.69656948  93.72797745
 103.75938541 113.79079338 123.82220134 133.85360931 143.88501727
 153.91642523 163.9478332  173.97924116 184.01064913 194.04205709
 204.07346506 214.10487302 224.13628098 234.16768895 244.19909691
 254.23050488 264.26191284 274.2933208  284.32472877 294.35613673
 304.3875447  314.41895266 324.45036063 334.48176859 344.51317655
 354.54458452 364.57599248 374.60740045 384.63880841 394.67021638
 404.70162434 414.7330323  424.76444027 434.79584823 444.8272562
 454.85866416 464.89007213 474.92148009 484.95288805 494.98429602
 505.01570398 515.04711195 525.07851991 535.10992787 545.14133584
 555.1727438  565.20415177 575.23555973 585.2669677  595.29837566
 605.32978362 615.36119159 625.39259955 635.42400752 645.45541548
 655.48682345 665.51823141 675.54963937 685.58104734 695.6124553
 705.64386327 715.67527123 725.7066792  735.73808716 745.76949512
 755.80090309 765.83231105 775.86371902 785.89512698 795.92653494
 805.95794291 815.98935087 826.02075884 836.0521668  846.08357477
 856.11498273 866.14639069 876.17779866 886.20920662 896.24061459
 906.27202255 916.30343052 926.33483848 936.36624644 946.39765441
 956.42906237 966.46047034 976.4918783  986.52328626 996.55469423]
d_y_fitting=[1.22807018 1.25575836 1.28198685 1.3067863  1.33018737 1.3522207
 1.37291695 1.39230676 1.4104208  1.4272897  1.44294413 1.45741474
 1.47073216 1.48292707 1.4940301  1.50407192 1.51308316 1.52109449
 1.52813655 1.53424    1.53943549 1.54375367 1.54722518 1.54988069
 1.55175085 1.5528663  1.55325769 1.55295569 1.55199093 1.55039408
 1.54819577 1.54542668 1.54211744 1.5382987  1.53400113 1.52925537
 1.52409206 1.51854188 1.51263545 1.50640345 1.49987651 1.49308529
 1.48606045 1.47883262 1.47143247 1.46389065 1.4562378  1.44850459
 1.44072165 1.43291965 1.42512923 1.41738104 1.40970574 1.40213398
 1.39469641 1.38742368 1.38034644 1.37349534 1.36690105 1.3605942
 1.35460544 1.34896544 1.34370484 1.3388543  1.33444445 1.33050597
 1.32706949 1.32416567 1.32182517 1.32007862 1.31895669 1.31849003
 1.31870928 1.3196451  1.32132814 1.32378906 1.32705849 1.3311671
 1.33614554 1.34202445 1.3488345  1.35660632 1.36537058 1.37515792
 1.385999   1.39792446 1.41096496 1.42515116 1.44051369 1.45708322
 1.47489039 1.49396585 1.51434027 1.53604428 1.55910855 1.58356371
 1.60944043 1.63676936 1.66558114 1.69590643]