
p_x=[2.5839793281653747, 46.51162790697674, 94.74590869939708, 161.92937123169682, 210.16365202411714, 224.8062015503876, 239.44875107665806, 244.6167097329888, 256.6752799310939, 293.71231696813095, 352.2825150732127, 437.55383290267014, 461.6709732988803, 536.6063738156761, 578.8113695090439, 663.2213608957795, 779.5004306632214, 866.4944013781222, 935.4005167958657, 993.1093884582257]
p_y=[-1.5294117647058805, -1.5294117647058805, -1.764705882352942, -1.764705882352942, -2.0, -1.0588235294117645, -0.235294117647058, 1.4117647058823533, 2.0, 1.882352941176471, 1.6470588235294112, 1.5294117647058822, 1.4117647058823533, 0.47058823529411775, -1.4117647058823515, -1.1764705882352935, -0.8235294117647047, 1.764705882352942, 1.882352941176471, 1.882352941176471]
a_x=[3.4453057708871664, 94.74590869939708, 238.58742463393625, 268.73385012919897, 308.35486649440134, 341.08527131782944, 442.72179155900085, 560.7235142118863, 585.7019810508183, 606.3738156761412, 654.6080964685616, 711.4556416881999, 737.2954349698537, 779.5004306632214, 833.7639965546942, 869.0783807062877, 897.5021533161068, 976.7441860465116, 995.693367786391]
a_y=[-5.321637426900585, -5.204678362573098, -5.438596491228068, -4.970760233918128, -3.6842105263157894, -3.8011695906432745, -3.9181286549707615, -4.269005847953215, -4.385964912280702, -5.438596491228068, -6.140350877192983, -5.6725146198830405, -4.502923976608187, -3.2163742690058488, -2.514619883040936, -2.280701754385966, -2.397660818713449, -2.397660818713449, -2.397660818713449]
d_x=[1.7226528854435832, 101.63652024117141, 228.25150732127477, 243.75538329026702, 274.76313522825154, 298.88027562446166, 327.3040482342808, 449.6124031007752, 511.6279069767442, 554.6942291128337, 579.6726959517657, 594.3152454780361, 607.2351421188631, 623.6003445305771, 638.2428940568475, 677.0025839793282, 769.1645133505599, 812.2308354866494, 831.1800172265289, 882.8596037898363, 947.4590869939708, 994.8320413436692]
d_y=[-1.2280701754385959, -1.3450292397660828, -1.6959064327485365, -1.6959064327485365, 1.1111111111111107, 1.6959064327485383, 1.8128654970760234, 2.0467836257309946, 1.9298245614035086, 1.9298245614035086, 1.9298245614035086, 0.9941520467836256, -1.1111111111111107, -0.8771929824561404, -0.5263157894736832, -0.6432748538011701, -0.5263157894736832, -0.4093567251461998, 1.461988304093568, 2.514619883040936, 3.0994152046783627, 2.9824561403508776]
p_x_fitting=[  2.58397933  12.58928649  22.59459365  32.59990082  42.60520798
  52.61051514  62.61582231  72.62112947  82.62643663  92.63174379
 102.63705096 112.64235812 122.64766528 132.65297245 142.65827961
 152.66358677 162.66889394 172.6742011  182.67950826 192.68481542
 202.69012259 212.69542975 222.70073691 232.70604408 242.71135124
 252.7166584  262.72196556 272.72727273 282.73257989 292.73788705
 302.74319422 312.74850138 322.75380854 332.7591157  342.76442287
 352.76973003 362.77503719 372.78034436 382.78565152 392.79095868
 402.79626585 412.80157301 422.80688017 432.81218733 442.8174945
 452.82280166 462.82810882 472.83341599 482.83872315 492.84403031
 502.84933747 512.85464464 522.8599518  532.86525896 542.87056613
 552.87587329 562.88118045 572.88648762 582.89179478 592.89710194
 602.9024091  612.90771627 622.91302343 632.91833059 642.92363776
 652.92894492 662.93425208 672.93955924 682.94486641 692.95017357
 702.95548073 712.9607879  722.96609506 732.97140222 742.97670938
 752.98201655 762.98732371 772.99263087 782.99793804 793.0032452
 803.00855236 813.01385953 823.01916669 833.02447385 843.02978101
 853.03508818 863.04039534 873.0457025  883.05100967 893.05631683
 903.06162399 913.06693115 923.07223832 933.07754548 943.08285264
 953.08815981 963.09346697 973.09877413 983.1040813  993.10938846]
p_y_fitting=[-1.52941176 -1.44291313 -1.41920875 -1.4435283  -1.5011015  -1.57715804
 -1.65692761 -1.72563992 -1.76852467 -1.77081156 -1.72145513 -1.63796065
 -1.55104084 -1.4914801  -1.49006278 -1.57757326 -1.78478386 -2.10553026
 -2.41514338 -2.56523645 -2.40742272 -1.79761473 -1.09657518 -1.13600938
  0.8248943   2.17040866  1.77932309  1.66278013  1.73861428  1.87143107
  1.9450052   1.94597155  1.8953187   1.81405934  1.72320614  1.64377124
  1.59146961  1.56370071  1.55390823  1.55553589  1.56202738  1.56682641
  1.56337669  1.54512191  1.50615068  1.45371366  1.40734748  1.37813002
  1.35178859  1.30958281  1.2327723   1.10261668  0.90037558  0.60730861
  0.20801604 -0.26773706 -0.75772957 -1.19902873 -1.52968138 -1.7241121
 -1.80303895 -1.79017888 -1.70924884 -1.5839658  -1.43804671 -1.29520852
 -1.1791682  -1.10842894 -1.0787631  -1.07974992 -1.10096853 -1.13199804
 -1.16241759 -1.18180627 -1.17974323 -1.14580756 -1.06957841 -0.94063487
 -0.74874797 -0.49396307 -0.19157656  0.14187902  0.48987113  0.83586722
  1.16333474  1.45574115  1.69655392  1.87052496  1.97800114  2.02971448
  2.03658526  2.00953377  1.95948027  1.89734504  1.83404837  1.78051052
  1.74765178  1.74639241  1.78765271  1.88235294]
a_x_fitting=[  3.44530577  13.46801347  23.49072117  33.51342886  43.53613656
  53.55884426  63.58155195  73.60425965  83.62696735  93.64967505
 103.67238274 113.69509044 123.71779814 133.74050583 143.76321353
 153.78592123 163.80862892 173.83133662 183.85404432 193.87675202
 203.89945971 213.92216741 223.94487511 233.9675828  243.9902905
 254.0129982  264.0357059  274.05841359 284.08112129 294.10382899
 304.12653668 314.14924438 324.17195208 334.19465978 344.21736747
 354.24007517 364.26278287 374.28549056 384.30819826 394.33090596
 404.35361366 414.37632135 424.39902905 434.42173675 444.44444444
 454.46715214 464.48985984 474.51256754 484.53527523 494.55798293
 504.58069063 514.60339832 524.62610602 534.64881372 544.67152142
 554.69422911 564.71693681 574.73964451 584.7623522  594.7850599
 604.8077676  614.8304753  624.85318299 634.87589069 644.89859839
 654.92130608 664.94401378 674.96672148 684.98942918 695.01213687
 705.03484457 715.05755227 725.08025996 735.10296766 745.12567536
 755.14838306 765.17109075 775.19379845 785.21650615 795.23921384
 805.26192154 815.28462924 825.30733694 835.33004463 845.35275233
 855.37546003 865.39816772 875.42087542 885.44358312 895.46629082
 905.48899851 915.51170621 925.53441391 935.5571216  945.5798293
 955.602537   965.6252447  975.64795239 985.67066009 995.69336779]
a_y_fitting=[-5.32163743 -5.24114516 -5.18183295 -5.14180401 -5.11916158 -5.11200888
 -5.11844914 -5.1365856  -5.16452147 -5.20035999 -5.24220439 -5.28815789
 -5.33632373 -5.38480512 -5.43170531 -5.47512752 -5.51317497 -5.5439509
 -5.56555853 -5.5761011  -5.57368182 -5.55640394 -5.52237067 -5.46968525
 -5.39561729 -5.28137018 -5.09363828 -4.80143345 -4.4303891  -4.05832626
 -3.76501597 -3.62540259 -3.63556037 -3.72725845 -3.83077593 -3.90341288
 -3.94675585 -3.96649653 -3.96832662 -3.95793779 -3.94102173 -3.92327012
 -3.91037465 -3.90802701 -3.92190989 -3.95489447 -4.0030612  -4.06148567
 -4.12524349 -4.18941024 -4.24906153 -4.29927294 -4.33512009 -4.35167855
 -4.34402394 -4.30723183 -4.23813507 -4.20251343 -4.3560803  -4.80503268
 -5.36070593 -5.7709119  -6.00158986 -6.10508325 -6.13395085 -6.14075103
 -6.16241449 -6.1789495  -6.15740789 -6.06484152 -5.86830222 -5.53582317
 -5.08462378 -4.60305647 -4.17667447 -3.82540131 -3.53816407 -3.30370633
 -3.1109051  -2.95088858 -2.81665835 -2.7012731  -2.59779147 -2.49928678
 -2.40471018 -2.32785561 -2.28482382 -2.28988248 -2.33314234 -2.38766085
 -2.42874833 -2.45120675 -2.45865111 -2.45473966 -2.44313065 -2.42748232
 -2.41145293 -2.39870072 -2.39288393 -2.39766082]
d_x_fitting=[  1.72265289  11.75406085  21.78546881  31.81687678  41.84828474
  51.87969271  61.91110067  71.94250864  81.9739166   92.00532456
 102.03673253 112.06814049 122.09954846 132.13095642 142.16236438
 152.19377235 162.22518031 172.25658828 182.28799624 192.31940421
 202.35081217 212.38222013 222.4136281  232.44503606 242.47644403
 252.50785199 262.53925996 272.57066792 282.60207588 292.63348385
 302.66489181 312.69629978 322.72770774 332.7591157  342.79052367
 352.82193163 362.8533396  372.88474756 382.91615553 392.94756349
 402.97897145 413.01037942 423.04178738 433.07319535 443.10460331
 453.13601128 463.16741924 473.1988272  483.23023517 493.26164313
 503.2930511  513.32445906 523.35586703 533.38727499 543.41868295
 553.45009092 563.48149888 573.51290685 583.54431481 593.57572277
 603.60713074 613.6385387  623.66994667 633.70135463 643.7327626
 653.76417056 663.79557852 673.82698649 683.85839445 693.88980242
 703.92121038 713.95261835 723.98402631 734.01543427 744.04684224
 754.0782502  764.10965817 774.14106613 784.17247409 794.20388206
 804.23529002 814.26669799 824.29810595 834.32951392 844.36092188
 854.39232984 864.42373781 874.45514577 884.48655374 894.5179617
 904.54936967 914.58077763 924.61218559 934.64359356 944.67500152
 954.70640949 964.73781745 974.76922542 984.80063338 994.83204134]
d_y_fitting=[-1.22807018 -1.33342106 -1.40964649 -1.45984858 -1.48712942 -1.49459112
 -1.48533579 -1.46246552 -1.42908242 -1.38828859 -1.34318613 -1.29687715
 -1.25246375 -1.21304803 -1.18173209 -1.16161804 -1.15580798 -1.16740401
 -1.19950824 -1.25522276 -1.33764968 -1.44989111 -1.59504914 -1.76966248
 -1.74034604 -1.09762818 -0.05438603  0.94315206  1.50413997  1.67500707
  1.70624136  1.74442665  1.79115575  1.8376754   1.87978544  1.91734693
  1.95036335  1.97883815  2.00277478  2.0221767   2.03704737  2.04739025
  2.0532088   2.05450647  2.05128672  2.04355687  2.03152894  2.01571735
  1.99666093  1.97489849  1.95096883  1.92541783  1.90109368  1.88644908
  1.89077327  1.92335548  1.98130876  1.99085493  1.84463993  1.09729385
 -0.62938009 -1.34027525 -0.87369936 -0.57240341 -0.50404388 -0.52329484
 -0.58188612 -0.63488977 -0.64078041 -0.59527443 -0.51706034 -0.42516481
 -0.3386145  -0.27643608 -0.2576562  -0.30130154 -0.42639876 -0.64834984
 -0.89764134 -1.01897538 -0.85325561 -0.24235441  0.77399157  1.72149988
  2.29475227  2.55980849  2.61698395  2.56659404  2.50887102  2.51378724
  2.57618566  2.67944801  2.80695603  2.94209145  3.06823599  3.16877139
  3.22707937  3.22654167  3.15054002  2.98245614]