
p_x=[4.3066322136089585, 83.54866494401378, 322.99741602067184, 497.8466838931955, 634.7975882859604, 784.668389319552, 993.9707149009474]
p_y=[1.2941176470588225, 1.1764705882352935, 1.2941176470588225, 1.2941176470588225, 1.2941176470588225, 1.1764705882352935, 1.5294117647058822]
a_x=[2.5839793281653747, 93.02325581395348, 307.49354005167953, 428.0792420327304, 612.4031007751938, 789.8363479758829, 993.1093884582257]
a_y=[-6.140350877192983, -6.023391812865498, -5.789473684210527, -5.789473684210527, -5.6725146198830405, -5.555555555555555, -4.970760233918128]
d_x=[4.3066322136089585, 94.74590869939708, 305.77088716623604, 424.63393626184325, 612.4031007751938, 795.8656330749354, 993.9707149009474]
d_y=[1.2280701754385976, 1.1111111111111107, 1.461988304093568, 0.9941520467836256, 0.7602339181286553, 1.461988304093568, 0.9941520467836256]
p_x_fitting=[  4.30663221  14.30323911  24.29984601  34.2964529   44.2930598
  54.28966669  64.28627359  74.28288048  84.27948738  94.27609428
 104.27270117 114.26930807 124.26591496 134.26252186 144.25912876
 154.25573565 164.25234255 174.24894944 184.24555634 194.24216323
 204.23877013 214.23537703 224.23198392 234.22859082 244.22519771
 254.22180461 264.21841151 274.2150184  284.2116253  294.20823219
 304.20483909 314.20144598 324.19805288 334.19465978 344.19126667
 354.18787357 364.18448046 374.18108736 384.17769426 394.17430115
 404.17090805 414.16751494 424.16412184 434.16072873 444.15733563
 454.15394253 464.15054942 474.14715632 484.14376321 494.14037011
 504.13697701 514.1335839  524.1301908  534.12679769 544.12340459
 554.12001148 564.11661838 574.11322528 584.10983217 594.10643907
 604.10304596 614.09965286 624.09625976 634.09286665 644.08947355
 654.08608044 664.08268734 674.07929423 684.07590113 694.07250803
 704.06911492 714.06572182 724.06232871 734.05893561 744.05554251
 754.0521494  764.0487563  774.04536319 784.04197009 794.03857698
 804.03518388 814.03179078 824.02839767 834.02500457 844.02161146
 854.01821836 864.01482526 874.01143215 884.00803905 894.00464594
 904.00125284 913.99785973 923.99446663 933.99107353 943.98768042
 953.98428732 963.98089421 973.97750111 983.97410801 993.9707149 ]
p_y_fitting=[1.29411765 1.27065978 1.24992936 1.23180508 1.21616564 1.20288975
 1.19185609 1.18294338 1.1760303  1.17099557 1.16771788 1.16607593
 1.16594842 1.16721405 1.16975153 1.17343954 1.17815679 1.18378198
 1.19019381 1.19727099 1.2048922  1.21293615 1.22128153 1.22980706
 1.23839143 1.24691334 1.25525148 1.26328456 1.27089128 1.27795034
 1.28434044 1.28994027 1.29462861 1.29833345 1.30112084 1.3030808
 1.30430334 1.3048785  1.3048963  1.30444676 1.30361991 1.30250578
 1.30119437 1.29977573 1.29833987 1.29697682 1.2957766  1.29482924
 1.29422476 1.29405318 1.29439537 1.2952098  1.29636774 1.29773859
 1.29919171 1.30059652 1.30182239 1.30273871 1.30321488 1.30312028
 1.3023243  1.30069633 1.29810577 1.29442199 1.28955244 1.2835927
 1.27669642 1.26901725 1.26070885 1.25192489 1.24281901 1.23354488
 1.22425616 1.2151065  1.20624956 1.197839   1.19002849 1.18297167
 1.17682221 1.17173376 1.16785998 1.16535454 1.16437108 1.16506327
 1.16758477 1.17208924 1.17873033 1.1876617  1.19903701 1.21300992
 1.22973408 1.24936316 1.27205082 1.2979507  1.32721648 1.3600018
 1.39646034 1.43674574 1.48101166 1.52941176]
a_x_fitting=[  2.58397933  12.58928649  22.59459365  32.59990082  42.60520798
  52.61051514  62.61582231  72.62112947  82.62643663  92.63174379
 102.63705096 112.64235812 122.64766528 132.65297245 142.65827961
 152.66358677 162.66889394 172.6742011  182.67950826 192.68481542
 202.69012259 212.69542975 222.70073691 232.70604408 242.71135124
 252.7166584  262.72196556 272.72727273 282.73257989 292.73788705
 302.74319422 312.74850138 322.75380854 332.7591157  342.76442287
 352.76973003 362.77503719 372.78034436 382.78565152 392.79095868
 402.79626585 412.80157301 422.80688017 432.81218733 442.8174945
 452.82280166 462.82810882 472.83341599 482.83872315 492.84403031
 502.84933747 512.85464464 522.8599518  532.86525896 542.87056613
 552.87587329 562.88118045 572.88648762 582.89179478 592.89710194
 602.9024091  612.90771627 622.91302343 632.91833059 642.92363776
 652.92894492 662.93425208 672.93955924 682.94486641 692.95017357
 702.95548073 712.9607879  722.96609506 732.97140222 742.97670938
 752.98201655 762.98732371 772.99263087 782.99793804 793.0032452
 803.00855236 813.01385953 823.01916669 833.02447385 843.02978101
 853.03508818 863.04039534 873.0457025  883.05100967 893.05631683
 903.06162399 913.06693115 923.07223832 933.07754548 943.08285264
 953.08815981 963.09346697 973.09877413 983.1040813  993.10938846]
a_y_fitting=[-6.14035088 -6.12931028 -6.11765278 -6.10543999 -6.09273351 -6.07959497
 -6.06608597 -6.05226813 -6.03820306 -6.02395237 -6.00957768 -5.9951406
 -5.98070274 -5.96632572 -5.95207114 -5.93800063 -5.92417579 -5.91065824
 -5.89750959 -5.88479146 -5.87256545 -5.86089317 -5.84983626 -5.8394563
 -5.82981493 -5.82097374 -5.81299437 -5.8059384  -5.79986747 -5.79484318
 -5.79092715 -5.78817507 -5.78652125 -5.78578638 -5.78578678 -5.78633874
 -5.78725858 -5.7883626  -5.78946711 -5.79038843 -5.79094285 -5.79094669
 -5.79021626 -5.78857255 -5.78595959 -5.7824534  -5.77813647 -5.77309131
 -5.7674004  -5.76114626 -5.75441139 -5.74727828 -5.73982943 -5.73214735
 -5.72431454 -5.7164135  -5.70852672 -5.70073671 -5.69312597 -5.685777
 -5.6787723  -5.67219436 -5.6660924  -5.66040114 -5.65503068 -5.64989113
 -5.64489263 -5.63994527 -5.63495917 -5.62984445 -5.62451122 -5.61886959
 -5.61282969 -5.60630162 -5.5991955  -5.59142144 -5.58288956 -5.57350997
 -5.56319279 -5.55184813 -5.5393861  -5.52571682 -5.5107504  -5.49439697
 -5.47656662 -5.45716948 -5.43611566 -5.41331528 -5.38867845 -5.36211528
 -5.33353588 -5.30285038 -5.26996889 -5.23480152 -5.19725838 -5.1572496
 -5.11468527 -5.06947553 -5.02153048 -4.97076023]
d_x_fitting=[  4.30663221  14.30323911  24.29984601  34.2964529   44.2930598
  54.28966669  64.28627359  74.28288048  84.27948738  94.27609428
 104.27270117 114.26930807 124.26591496 134.26252186 144.25912876
 154.25573565 164.25234255 174.24894944 184.24555634 194.24216323
 204.23877013 214.23537703 224.23198392 234.22859082 244.22519771
 254.22180461 264.21841151 274.2150184  284.2116253  294.20823219
 304.20483909 314.20144598 324.19805288 334.19465978 344.19126667
 354.18787357 364.18448046 374.18108736 384.17769426 394.17430115
 404.17090805 414.16751494 424.16412184 434.16072873 444.15733563
 454.15394253 464.15054942 474.14715632 484.14376321 494.14037011
 504.13697701 514.1335839  524.1301908  534.12679769 544.12340459
 554.12001148 564.11661838 574.11322528 584.10983217 594.10643907
 604.10304596 614.09965286 624.09625976 634.09286665 644.08947355
 654.08608044 664.08268734 674.07929423 684.07590113 694.07250803
 704.06911492 714.06572182 724.06232871 734.05893561 744.05554251
 754.0521494  764.0487563  774.04536319 784.04197009 794.03857698
 804.03518388 814.03179078 824.02839767 834.02500457 844.02161146
 854.01821836 864.01482526 874.01143215 884.00803905 894.00464594
 904.00125284 913.99785973 923.99446663 933.99107353 943.98768042
 953.98428732 963.98089421 973.97750111 983.97410801 993.9707149 ]
d_y_fitting=[1.22807018 1.1870703  1.15426006 1.12912322 1.11114354 1.09980479
 1.09459073 1.09498511 1.10047171 1.11053428 1.12465658 1.14232239
 1.16301545 1.18621953 1.2114184  1.23809581 1.26573553 1.29382132
 1.32183694 1.34926615 1.37559272 1.40030041 1.42287298 1.44279419
 1.4595478  1.47261758 1.48148729 1.48564069 1.48456154 1.47773361
 1.46464065 1.4448983  1.41897169 1.38766281 1.35177444 1.31210941
 1.26947052 1.22466058 1.1784824  1.13173878 1.08523253 1.03976647
 0.9961434  0.95506173 0.91673898 0.88125428 0.84868675 0.81911552
 0.7926197  0.76927842 0.7491708  0.73237595 0.718973   0.70904108
 0.70265929 0.69990677 0.70086263 0.70560599 0.71421598 0.72677171
 0.74335232 0.76403652 0.78877859 0.81723028 0.84899829 0.88368931
 0.92091002 0.96026713 1.00136731 1.04381728 1.0872237  1.13119329
 1.17533272 1.2192487  1.26254791 1.30483704 1.34572279 1.38481184
 1.4217109  1.45602665 1.48736578 1.51533498 1.53954095 1.55959038
 1.57508996 1.58564639 1.59086634 1.59035652 1.58372362 1.57057433
 1.55051533 1.52315333 1.48809501 1.44494707 1.3933162  1.33280908
 1.26303242 1.1835929  1.09409721 0.99415205]