
p_x=[2.5839793281653747, 8.613264427217917, 20.671834625322997, 133.50559862187768, 284.2377260981912, 652.0241171403962, 996.5546942291128]
p_y=[-0.5882352941176467, -0.5882352941176467, -0.5882352941176467, -0.5882352941176467, -0.9411764705882355, -0.5882352941176467, -0.5882352941176467]
a_x=[2.5839793281653747, 104.22049956933678, 221.36089577950042, 311.80017226528855, 366.0637381567614, 416.8819982773471, 454.78036175710594, 573.6434108527131, 621.8776916451335, 674.4186046511628, 713.1782945736435, 773.4711455641689, 867.3557278208441, 939.7071490094746, 998.2773471145564]
a_y=[-6.842105263157894, -7.192982456140349, -6.842105263157894, -5.438596491228068, -5.321637426900585, -5.204678362573098, -5.906432748538011, -6.140350877192983, -5.204678362573098, -4.970760233918128, -6.023391812865498, -5.906432748538011, -6.257309941520468, -6.374269005847953, -6.842105263157894]
d_x=[1.7226528854435832, 59.43152454780361, 124.03100775193798, 147.28682170542638, 195.52110249784667, 339.36261843238583, 428.9405684754522, 454.78036175710594, 518.5185185185185, 586.56330749354, 633.0749354005169, 739.8794142980189, 880.275624461671, 1000.0]
d_y=[0.6432748538011701, 1.1111111111111107, 1.1111111111111107, 2.514619883040936, 3.0994152046783627, 3.5672514619883042, 3.0994152046783627, 2.0467836257309946, 2.0467836257309946, 2.1637426900584797, 3.450292397660819, 2.6315789473684212, 3.2163742690058488, 2.514619883040936]
p_x_fitting=[  2.58397933  12.62408756  22.66419579  32.70430402  42.74441225
  52.78452048  62.82462872  72.86473695  82.90484518  92.94495341
 102.98506164 113.02516987 123.0652781  133.10538634 143.14549457
 153.1856028  163.22571103 173.26581926 183.30592749 193.34603572
 203.38614395 213.42625219 223.46636042 233.50646865 243.54657688
 253.58668511 263.62679334 273.66690157 283.70700981 293.74711804
 303.78722627 313.8273345  323.86744273 333.90755096 343.94765919
 353.98776742 364.02787566 374.06798389 384.10809212 394.14820035
 404.18830858 414.22841681 424.26852504 434.30863328 444.34874151
 454.38884974 464.42895797 474.4690662  484.50917443 494.54928266
 504.58939089 514.62949913 524.66960736 534.70971559 544.74982382
 554.78993205 564.83004028 574.87014851 584.91025674 594.95036498
 604.99047321 615.03058144 625.07068967 635.1107979  645.15090613
 655.19101436 665.2311226  675.27123083 685.31133906 695.35144729
 705.39155552 715.43166375 725.47177198 735.51188021 745.55198845
 755.59209668 765.63220491 775.67231314 785.71242137 795.7525296
 805.79263783 815.83274607 825.8728543  835.91296253 845.95307076
 855.99317899 866.03328722 876.07339545 886.11350368 896.15361192
 906.19372015 916.23382838 926.27393661 936.31404484 946.35415307
 956.3942613  966.43436954 976.47447777 986.514586   996.55469423]
p_y_fitting=[-0.58823529 -0.58832771 -0.58807788 -0.58638342 -0.58354576 -0.58005726
 -0.57641026 -0.5730971  -0.57061014 -0.56944172 -0.57008417 -0.57302986
 -0.57877112 -0.5878003  -0.60047427 -0.61653908 -0.63556875 -0.65713724
 -0.68081857 -0.7061867  -0.73281562 -0.76027934 -0.78815182 -0.81600706
 -0.84341906 -0.86996179 -0.89520924 -0.9187354  -0.94011426 -0.95899145
 -0.97534856 -0.98926554 -1.00082235 -1.01009894 -1.0171753  -1.02213137
 -1.02504712 -1.02600251 -1.02507751 -1.02235208 -1.01790618 -1.01181978
 -1.00417283 -0.9950453  -0.98451716 -0.97266837 -0.95957888 -0.94532867
 -0.92999769 -0.91366591 -0.8964133  -0.8783198  -0.8594654  -0.83993004
 -0.8197937  -0.79913633 -0.7780379  -0.75657837 -0.73483771 -0.71289588
 -0.69083283 -0.66872854 -0.64666296 -0.62471607 -0.60296782 -0.58149817
 -0.56038709 -0.53971454 -0.51956048 -0.50000488 -0.4811277  -0.4630089
 -0.44572845 -0.4293663  -0.41400243 -0.39971679 -0.38658935 -0.37470007
 -0.36412891 -0.35495584 -0.34726081 -0.3411238  -0.33662476 -0.33384366
 -0.33286046 -0.33375513 -0.33660762 -0.3414979  -0.34850593 -0.35771167
 -0.3691951  -0.38303616 -0.39931483 -0.41811106 -0.43950483 -0.46357608
 -0.4904048  -0.52007093 -0.55265444 -0.58823529]
a_x_fitting=[  2.58397933  12.64148809  22.69899686  32.75650562  42.81401439
  52.87152316  62.92903192  72.98654069  83.04404945  93.10155822
 103.15906698 113.21657575 123.27408451 133.33159328 143.38910205
 153.44661081 163.50411958 173.56162834 183.61913711 193.67664587
 203.73415464 213.7916634  223.84917217 233.90668094 243.9641897
 254.02169847 264.07920723 274.136716   284.19422476 294.25173353
 304.30924229 314.36675106 324.42425982 334.48176859 344.53927736
 354.59678612 364.65429489 374.71180365 384.76931242 394.82682118
 404.88432995 414.94183871 424.99934748 435.05685625 445.11436501
 455.17187378 465.22938254 475.28689131 485.34440007 495.40190884
 505.4594176  515.51692637 525.57443514 535.6319439  545.68945267
 555.74696143 565.8044702  575.86197896 585.91948773 595.97699649
 606.03450526 616.09201402 626.14952279 636.20703156 646.26454032
 656.32204909 666.37955785 676.43706662 686.49457538 696.55208415
 706.60959291 716.66710168 726.72461045 736.78211921 746.83962798
 756.89713674 766.95464551 777.01215427 787.06966304 797.1271718
 807.18468057 817.24218934 827.2996981  837.35720687 847.41471563
 857.4722244  867.52973316 877.58724193 887.64475069 897.70225946
 907.75976822 917.81727699 927.87478576 937.93229452 947.98980329
 958.04731205 968.10482082 978.16232958 988.21983835 998.27734711]
a_y_fitting=[-6.84210526 -6.84702716 -6.86337959 -6.88935445 -6.92314366 -6.96293911
 -7.0069327  -7.05331634 -7.10028192 -7.14602136 -7.18872655 -7.22658939
 -7.25780178 -7.28055564 -7.29304286 -7.29345533 -7.27998497 -7.25082368
 -7.20416336 -7.13819591 -7.05111323 -6.94110722 -6.80639354 -6.64813647
 -6.47326799 -6.28938851 -6.10409843 -5.92499815 -5.75968808 -5.61576862
 -5.50084019 -5.4224438  -5.38129297 -5.36502866 -5.3598157  -5.35181892
 -5.32720318 -5.2761051  -5.21296649 -5.16141956 -5.14511376 -5.18769851
 -5.30800546 -5.49005973 -5.70259365 -5.91427409 -6.09962883 -6.25404941
 -6.37756792 -6.47021645 -6.53202709 -6.56303194 -6.56326308 -6.53275261
 -6.47153262 -6.37963521 -6.25709245 -6.10395504 -5.9233484  -5.72487505
 -5.51895745 -5.31601805 -5.12660761 -4.96560619 -4.85316403 -4.80975011
 -4.85583341 -5.01176696 -5.27353795 -5.58287556 -5.87418377 -6.08251774
 -6.17844539 -6.18562608 -6.13206524 -6.04576832 -5.95474074 -5.88673786
 -5.85635064 -5.85875922 -5.88758496 -5.93644925 -5.99897344 -6.06877893
 -6.13948707 -6.20471924 -6.25809683 -6.29508885 -6.31818118 -6.33152518
 -6.3392722  -6.34557361 -6.35458075 -6.37044499 -6.39731767 -6.43935016
 -6.5006938  -6.58549997 -6.69792    -6.84210526]
d_x_fitting=[   1.72265289   11.80626245   21.88987202   31.97348159   42.05709115
   52.14070072   62.22431029   72.30791985   82.39152942   92.47513899
  102.55874855  112.64235812  122.72596769  132.80957725  142.89318682
  152.97679639  163.06040595  173.14401552  183.22762509  193.31123465
  203.39484422  213.47845379  223.56206336  233.64567292  243.72928249
  253.81289206  263.89650162  273.98011119  284.06372076  294.14733032
  304.23093989  314.31454946  324.39815902  334.48176859  344.56537816
  354.64898772  364.73259729  374.81620686  384.89981642  394.98342599
  405.06703556  415.15064512  425.23425469  435.31786426  445.40147383
  455.48508339  465.56869296  475.65230253  485.73591209  495.81952166
  505.90313123  515.98674079  526.07035036  536.15395993  546.23756949
  556.32117906  566.40478863  576.48839819  586.57200776  596.65561733
  606.73922689  616.82283646  626.90644603  636.99005559  647.07366516
  657.15727473  667.2408843   677.32449386  687.40810343  697.491713
  707.57532256  717.65893213  727.7425417   737.82615126  747.90976083
  757.9933704   768.07697996  778.16058953  788.2441991   798.32780866
  808.41141823  818.4950278   828.57863736  838.66224693  848.7458565
  858.82946606  868.91307563  878.9966852   889.08029477  899.16390433
  909.2475139   919.33112347  929.41473303  939.4983426   949.58195217
  959.66556173  969.7491713   979.83278087  989.91639043 1000.        ]
d_y_fitting=[0.64327485 1.13243645 1.39587178 1.47645198 1.41704819 1.26053156
 1.04977322 0.8276443  0.63701596 0.52075933 0.52174555 0.68284576
 1.0469311  1.6281673  2.27078889 2.76493341 3.04258669 3.15573997
 3.16016116 3.11161819 3.06140726 3.02566505 3.00390393 2.99553741
 2.99997903 3.01664228 3.0449407  3.0842878  3.13409708 3.19378209
 3.26275632 3.34043329 3.42622654 3.51954956 3.61951178 3.71872604
 3.80357359 3.86018457 3.87468916 3.83321753 3.72189984 3.52686625
 3.23424694 2.83563002 2.39463174 2.02575697 1.81303622 1.73807917
 1.76174559 1.84489526 1.94838794 2.03308341 2.06442199 2.04785542
 2.00949821 1.97563744 1.9725602  2.02655358 2.16390468 2.39889306
 2.6978924  3.01533084 3.30563654 3.52381099 3.648771   3.69147537
 3.66512535 3.58292216 3.45806705 3.30376123 3.13320596 2.95960246
 2.79615196 2.6560557  2.55110429 2.48254086 2.4468329  2.44042429
 2.45975893 2.50128072 2.56143356 2.63666134 2.72340797 2.81811733
 2.91723333 3.01719987 3.11446083 3.20546013 3.28664165 3.35444929
 3.40532695 3.43571853 3.44206793 3.42081904 3.36841575 3.28130198
 3.1559216  2.98871853 2.77613666 2.51461988]