
p_x=[1.7226528854435832, 111.1111111111111, 219.63824289405684, 303.1869078380706, 371.2316968130921, 411.71403962101635, 428.0792420327304, 441.8604651162791, 453.91903531438413, 464.2549526270456, 480.6201550387597, 522.8251507321274, 593.4539190353145, 655.4694229112835, 707.1490094745909, 764.8578811369508, 825.1507321274763, 890.6115417743324, 944.8751076658053, 997.4160206718346]
p_y=[-0.47058823529411775, -0.9411764705882355, -1.4117647058823515, -1.4117647058823515, -1.5294117647058805, -1.0588235294117645, -1.0588235294117645, -0.8235294117647047, 1.4117647058823533, 2.0, 1.6470588235294112, 1.2941176470588225, 1.6470588235294112, 1.5294117647058822, 1.4117647058823533, -1.1764705882352935, -1.4117647058823515, -1.0588235294117645, -0.9411764705882355, -1.0588235294117645]
a_x=[3.4453057708871664, 75.79672695951766, 156.76141257536608, 244.6167097329888, 277.34711455641684, 301.464254952627, 323.85874246339364, 354.86649440137813, 397.0714900947459, 493.5400516795866, 606.3738156761412, 650.3014642549526, 683.0318690783807, 724.3755383290267, 763.1352282515073, 803.6175710594315, 887.1662360034453, 951.7657192075797, 998.2773471145564]
a_y=[-6.959064327485379, -6.959064327485379, -6.842105263157894, -6.959064327485379, -7.076023391812864, -6.6081871345029235, -4.385964912280702, -4.035087719298245, -4.269005847953215, -4.502923976608187, -3.9181286549707615, -3.8011695906432745, -4.269005847953215, -6.257309941520468, -6.140350877192983, -6.491228070175438, -5.6725146198830405, -5.321637426900585, -5.321637426900585]
d_x=[1.7226528854435832, 75.79672695951766, 152.45478036175712, 234.28079242032732, 273.04048234280793, 288.5443583118002, 302.3255813953488, 314.3841515934539, 321.2747631352282, 385.0129198966408, 420.3273040482343, 447.8897502153316, 467.7002583979328, 497.8466838931955, 535.7450473729543, 616.7097329888027, 770.8871662360034, 904.3927648578812, 998.2773471145564]
d_y=[0.8771929824561404, 1.2280701754385976, 1.3450292397660828, 1.2280701754385976, 1.3450292397660828, 1.3450292397660828, 1.1111111111111107, -0.5263157894736832, -0.9941520467836256, -0.9941520467836256, -1.1111111111111107, -0.9941520467836256, 1.2280701754385976, 1.6959064327485383, 1.2280701754385976, 1.3450292397660828, 1.3450292397660828, 1.6959064327485383, 1.6959064327485383]
p_x_fitting=[  1.72265289  11.78016165  21.83767042  31.89517918  41.95268795
  52.01019671  62.06770548  72.12521424  82.18272301  92.24023178
 102.29774054 112.35524931 122.41275807 132.47026684 142.5277756
 152.58528437 162.64279313 172.7003019  182.75781066 192.81531943
 202.8728282  212.93033696 222.98784573 233.04535449 243.10286326
 253.16037202 263.21788079 273.27538955 283.33289832 293.39040709
 303.44791585 313.50542462 323.56293338 333.62044215 343.67795091
 353.73545968 363.79296844 373.85047721 383.90798598 393.96549474
 404.02300351 414.08051227 424.13802104 434.1955298  444.25303857
 454.31054733 464.3680561  474.42556486 484.48307363 494.5405824
 504.59809116 514.65559993 524.71310869 534.77061746 544.82812622
 554.88563499 564.94314375 575.00065252 585.05816129 595.11567005
 605.17317882 615.23068758 625.28819635 635.34570511 645.40321388
 655.46072264 665.51823141 675.57574018 685.63324894 695.69075771
 705.74826647 715.80577524 725.863284   735.92079277 745.97830153
 756.0358103  766.09331906 776.15082783 786.2083366  796.26584536
 806.32335413 816.38086289 826.43837166 836.49588042 846.55338919
 856.61089795 866.66840672 876.72591549 886.78342425 896.84093302
 906.89844178 916.95595055 927.01345931 937.07096808 947.12847684
 957.18598561 967.24349438 977.30100314 987.35851191 997.41602067]
p_y_fitting=[-0.47058824 -0.48070039 -0.50039667 -0.52870706 -0.56466155 -0.60729013
 -0.65562279 -0.70868952 -0.7655203  -0.82514514 -0.886594   -0.9488969
 -1.0110838  -1.07218471 -1.13122961 -1.1872485  -1.23927135 -1.28632816
 -1.32744892 -1.36166362 -1.38800225 -1.40549479 -1.41319728 -1.41173096
 -1.40414513 -1.39369812 -1.38364827 -1.37725395 -1.37777349 -1.38846525
 -1.41258753 -1.45115447 -1.49687539 -1.54053897 -1.57293387 -1.58484878
 -1.56707237 -1.51046627 -1.41387391 -1.29120572 -1.15804403 -1.03048316
 -0.99665209 -1.19717551 -0.45412257  1.46668322  2.00005813  1.82764924
  1.54959346  1.37363095  1.29023789  1.27443659  1.30126827  1.35049309
  1.41276966  1.48029026  1.5452472   1.59983277  1.63623927  1.64667445
  1.62870651  1.59309775  1.55260421  1.51998191  1.50798687  1.52937513
  1.58783759  1.6507105   1.67621783  1.62258353  1.44803158  1.12112101
  0.67348632  0.16055321 -0.36220883 -0.83933031 -1.21536724 -1.45425723
 -1.57382111 -1.60116852 -1.56340911 -1.48765251 -1.40099835 -1.32373447
 -1.25749365 -1.20074377 -1.15195273 -1.10958842 -1.07211874 -1.03811356
 -1.00755753 -0.98147016 -0.96089462 -0.94687407 -0.9404517  -0.94267068
 -0.95457418 -0.97720537 -1.01160743 -1.05882353]
a_x_fitting=[  3.44530577  13.49411427  23.54292277  33.59173127  43.64053976
  53.68934826  63.73815676  73.78696526  83.83577376  93.88458226
 103.93339076 113.98219925 124.03100775 134.07981625 144.12862475
 154.17743325 164.22624175 174.27505024 184.32385874 194.37266724
 204.42147574 214.47028424 224.51909274 234.56790123 244.61670973
 254.66551823 264.71432673 274.76313523 284.81194373 294.86075223
 304.90956072 314.95836922 325.00717772 335.05598622 345.10479472
 355.15360322 365.20241171 375.25122021 385.30002871 395.34883721
 405.39764571 415.44645421 425.4952627  435.5440712  445.5928797
 455.6416882  465.6904967  475.7393052  485.7881137  495.83692219
 505.88573069 515.93453919 525.98334769 536.03215619 546.08096469
 556.12977318 566.17858168 576.22739018 586.27619868 596.32500718
 606.37381568 616.42262417 626.47143267 636.52024117 646.56904967
 656.61785817 666.66666667 676.71547517 686.76428366 696.81309216
 706.86190066 716.91070916 726.95951766 737.00832616 747.05713465
 757.10594315 767.15475165 777.20356015 787.25236865 797.30117715
 807.34998564 817.39879414 827.44760264 837.49641114 847.54521964
 857.59402814 867.64283664 877.69164513 887.74045363 897.78926213
 907.83807063 917.88687913 927.93568763 937.98449612 948.03330462
 958.08211312 968.13092162 978.17973012 988.22853862 998.27734711]
a_y_fitting=[-6.95906433 -6.97871343 -6.99040634 -6.99507639 -6.9936569  -6.98708121
 -6.97628265 -6.96219456 -6.94575026 -6.92788309 -6.90952637 -6.89161345
 -6.87507765 -6.86085231 -6.84987075 -6.84306631 -6.84127128 -6.84441715
 -6.85196244 -6.86336147 -6.87806859 -6.8955381  -6.91522434 -6.93658164
 -6.95906433 -6.9833583  -7.01507574 -7.06106044 -7.10751693 -6.95666648
 -6.32017532 -5.24820998 -4.30353451 -3.89760707 -3.88923023 -4.03939987
 -4.15605411 -4.21948983 -4.24955243 -4.2660873  -4.28681118 -4.31507556
 -4.34829194 -4.38385296 -4.41915124 -4.45157944 -4.47853019 -4.49739612
 -4.50556988 -4.50045336 -4.48084907 -4.44844529 -4.40528624 -4.35341613
 -4.29487915 -4.23171951 -4.16598142 -4.09970909 -4.03494671 -3.9737385
 -3.91812865 -3.87027436 -3.83278468 -3.80838166 -3.79978735 -3.81205789
 -3.88150831 -4.06676961 -4.42542784 -4.94433242 -5.51124911 -6.0065451
 -6.3112299  -6.37879928 -6.30079697 -6.18425291 -6.13450158 -6.19096738
 -6.30745516 -6.43204765 -6.51337905 -6.52563677 -6.47880161 -6.38552707
 -6.25846666 -6.11027386 -5.95360219 -5.80110513 -5.6654357  -5.55611936
 -5.47213617 -5.41024587 -5.36720822 -5.33978296 -5.32472984 -5.3188086
 -5.31877899 -5.32140076 -5.32343366 -5.32163743]
d_x_fitting=[  1.72265289  11.78886192  21.85507095  31.92127998  41.98748902
  52.05369805  62.11990708  72.18611611  82.25232515  92.31853418
 102.38474321 112.45095224 122.51716128 132.58337031 142.64957934
 152.71578837 162.78199741 172.84820644 182.91441547 192.98062451
 203.04683354 213.11304257 223.1792516  233.24546064 243.31166967
 253.3778787  263.44408773 273.51029677 283.5765058  293.64271483
 303.70892386 313.7751329  323.84134193 333.90755096 343.97375999
 354.03996903 364.10617806 374.17238709 384.23859612 394.30480516
 404.37101419 414.43722322 424.50343226 434.56964129 444.63585032
 454.70205935 464.76826839 474.83447742 484.90068645 494.96689548
 505.03310452 515.09931355 525.16552258 535.23173161 545.29794065
 555.36414968 565.43035871 575.49656774 585.56277678 595.62898581
 605.69519484 615.76140388 625.82761291 635.89382194 645.96003097
 656.02624001 666.09244904 676.15865807 686.2248671  696.29107614
 706.35728517 716.4234942  726.48970323 736.55591227 746.6221213
 756.68833033 766.75453936 776.8207484  786.88695743 796.95316646
 807.01937549 817.08558453 827.15179356 837.21800259 847.28421163
 857.35042066 867.41662969 877.48283872 887.54904776 897.61525679
 907.68146582 917.74767485 927.81388389 937.88009292 947.94630195
 958.01251098 968.07872002 978.14492905 988.21113808 998.27734711]
d_y_fitting=[ 0.87719298  0.92497514  0.9743693   1.02445537  1.07431327  1.1230229
  1.16966417  1.21331698  1.25306125  1.28797688  1.31714377  1.33964184
  1.35455099  1.36095113  1.35792217  1.34454403  1.32087738  1.29061247
  1.25827901  1.22840674  1.20552537  1.19416462  1.19885421  1.22412385
  1.271107    1.32240672  1.3543375   1.34321289  1.31240307  1.41044692
  0.96386028 -0.45784878 -1.09916894 -1.37523884 -1.47079713 -1.43363648
 -1.31154959 -1.15232915 -1.00376786 -0.91039838 -0.90031554 -0.99644492
 -1.21692074 -1.40905537 -1.20675982 -0.29405973  0.93261752  1.69611184
  1.87981199  1.75170233  1.56775669  1.42029785  1.30866867  1.23114141
  1.18549598  1.16721673  1.17111955  1.19202024  1.22473463  1.26407851
  1.30486769  1.341918    1.37081243  1.39121102  1.4041228   1.41055766
  1.41152551  1.40803626  1.4010998   1.39172603  1.38092486  1.36970618
  1.3590799   1.35005592  1.34364413  1.34085444  1.34269676  1.35012251
  1.36317075  1.38115846  1.40338284  1.42914111  1.45773047  1.48844814
  1.52059134  1.55345727  1.58634315  1.61854619  1.6493636   1.6780926
  1.70403039  1.72647419  1.74472121  1.75806867  1.76581378  1.76725374
  1.76168577  1.74840709  1.72671491  1.69590643]