
p_x=[3.4453057708871664, 135.22825150732126, 269.5951765719208, 399.6554694229113, 472.8682170542636, 563.3074935400517, 621.8776916451335, 683.8931955211025, 738.1567614125754, 870.8010335917312, 991.3867355727821]
p_y=[1.6470588235294112, 2.9411764705882346, 2.4705882352941178, 4.117647058823529, 4.23529411764706, 1.764705882352942, 3.2941176470588243, 2.4705882352941178, 1.6470588235294112, 0.9411764705882355, 0.7058823529411757]
a_x=[10.335917312661499, 133.50559862187768, 268.73385012919897, 378.9836347975883, 463.39362618432386, 562.4461670973299, 633.0749354005169, 709.7329888027563, 783.8070628768303, 908.69939707149, 991.3867355727821]
a_y=[-3.5672514619883025, -2.6315789473684212, -3.450292397660819, -1.1111111111111107, -0.9941520467836256, -3.333333333333332, -1.8128654970760234, -1.578947368421053, -2.280701754385966, -2.514619883040936, -2.7485380116959064]
d_x=[0.8613264427217916, 24.117140396210164, 142.1188630490956, 269.5951765719208, 354.00516795865633, 453.0577088716624, 577.0887166236004, 664.0826873385013, 782.9457364341084, 903.5314384151594, 992.2480620155038]
d_y=[1.461988304093568, 1.9298245614035086, 2.6315789473684212, 1.9298245614035086, 3.333333333333334, 3.450292397660819, 0.4093567251461998, 3.0994152046783627, 3.5672514619883042, 1.578947368421053, 1.3450292397660828]
p_x_fitting=[  3.44530577  13.42451213  23.40371849  33.38292486  43.36213122
  53.34133758  63.32054394  73.2997503   83.27895666  93.25816303
 103.23736939 113.21657575 123.19578211 133.17498847 143.15419483
 153.1334012  163.11260756 173.09181392 183.07102028 193.05022664
 203.029433   213.00863937 222.98784573 232.96705209 242.94625845
 252.92546481 262.90467117 272.88387754 282.8630839  292.84229026
 302.82149662 312.80070298 322.77990934 332.7591157  342.73832207
 352.71752843 362.69673479 372.67594115 382.65514751 392.63435387
 402.61356024 412.5927666  422.57197296 432.55117932 442.53038568
 452.50959204 462.48879841 472.46800477 482.44721113 492.42641749
 502.40562385 512.38483021 522.36403658 532.34324294 542.3224493
 552.30165566 562.28086202 572.26006838 582.23927475 592.21848111
 602.19768747 612.17689383 622.15610019 632.13530655 642.11451292
 652.09371928 662.07292564 672.052132   682.03133836 692.01054472
 701.98975109 711.96895745 721.94816381 731.92737017 741.90657653
 751.88578289 761.86498926 771.84419562 781.82340198 791.80260834
 801.7818147  811.76102106 821.74022742 831.71943379 841.69864015
 851.67784651 861.65705287 871.63625923 881.61546559 891.59467196
 901.57387832 911.55308468 921.53229104 931.5114974  941.49070376
 951.46991013 961.44911649 971.42832285 981.40752921 991.38673557]
p_y_fitting=[1.64705882 1.93185406 2.1770317  2.38500368 2.558182   2.6989786
 2.80980546 2.89307454 2.95119781 2.98658724 3.00165479 2.99881242
 2.98047211 2.94904582 2.90694552 2.85658317 2.80037073 2.74072018
 2.68004349 2.62075261 2.56525951 2.51597616 2.47531453 2.44568658
 2.42950428 2.4291796  2.44712449 2.48572365 2.54567893 2.6250574
 2.72169635 2.83343305 2.9581048  3.09354889 3.23760259 3.38810319
 3.54288798 3.69979424 3.85665926 4.01132033 4.16157011 4.30164756
 4.41970939 4.50331578 4.54002688 4.51740288 4.42300393 4.24439021
 3.97522404 3.63670008 3.25777445 2.86740371 2.49454442 2.16815314
 1.91718644 1.77060088 1.75735301 1.8965355  2.15341865 2.47500599
 2.80828617 3.10024784 3.29787996 3.36293528 3.31148424 3.17208598
 2.97329962 2.74368427 2.51179906 2.30328973 2.12317495 1.96757072
 1.83255789 1.71421731 1.60865923 1.51331939 1.42746901 1.35051413
 1.28186079 1.22091501 1.16708283 1.1197703  1.07838344 1.04232828
 1.01101087 0.98383723 0.96021341 0.93954543 0.92123933 0.90470115
 0.88933692 0.87455267 0.85975445 0.84434828 0.8277402  0.80933624
 0.78854244 0.76476484 0.73740946 0.70588235]
a_x_fitting=[ 10.33591731  20.24552154  30.15512576  40.06472999  49.97433421
  59.88393844  69.79354266  79.70314689  89.61275111  99.52235534
 109.43195956 119.34156379 129.25116801 139.16077224 149.07037646
 158.97998069 168.88958491 178.79918914 188.70879336 198.61839758
 208.52800181 218.43760603 228.34721026 238.25681448 248.16641871
 258.07602293 267.98562716 277.89523138 287.80483561 297.71443983
 307.62404406 317.53364828 327.44325251 337.35285673 347.26246096
 357.17206518 367.08166941 376.99127363 386.90087786 396.81048208
 406.72008631 416.62969053 426.53929476 436.44889898 446.35850321
 456.26810743 466.17771166 476.08731588 485.99692011 495.90652433
 505.81612856 515.72573278 525.635337   535.54494123 545.45454545
 555.36414968 565.2737539  575.18335813 585.09296235 595.00256658
 604.9121708  614.82177503 624.73137925 634.64098348 644.5505877
 654.46019193 664.36979615 674.27940038 684.1890046  694.09860883
 704.00821305 713.91781728 723.8274215  733.73702573 743.64662995
 753.55623418 763.4658384  773.37544263 783.28504685 793.19465108
 803.1042553  813.01385953 822.92346375 832.83306798 842.7426722
 852.65227642 862.56188065 872.47148487 882.3810891  892.29069332
 902.20029755 912.10990177 922.019506   931.92911022 941.83871445
 951.74831867 961.6579229  971.56752712 981.47713135 991.38673557]
a_y_fitting=[-3.56725146 -3.24230787 -2.97490794 -2.76106619 -2.59679712 -2.47811525
 -2.40103509 -2.36157116 -2.35573797 -2.37955004 -2.42902188 -2.50016799
 -2.58900291 -2.69154113 -2.80379717 -2.92178556 -3.04152079 -3.15901739
 -3.27028986 -3.37135273 -3.4582205  -3.52690769 -3.57342881 -3.59379838
 -3.5840309  -3.54014091 -3.45814289 -3.33541345 -3.17616756 -2.98676174
 -2.77355321 -2.54289924 -2.30115705 -2.0546839  -1.80983702 -1.57297367
 -1.35045107 -1.14862648 -0.97366391 -0.8302945  -0.72260524 -0.65468007
 -0.6306029  -0.65445767 -0.73032829 -0.8622987  -1.05437399 -1.3034032
 -1.59346349 -1.90731044 -2.22769964 -2.53738671 -2.81912721 -3.05567676
 -3.22979094 -3.32422535 -3.32189418 -3.21957496 -3.03849499 -2.80237361
 -2.53493014 -2.25988392 -2.00095427 -1.78184093 -1.61861153 -1.50815888
 -1.44441233 -1.42130122 -1.43275487 -1.47270264 -1.53507384 -1.61382804
 -1.70395789 -1.80172179 -1.90345547 -2.00549464 -2.10417501 -2.19583232
 -2.27680227 -2.34413553 -2.3982329  -2.44047569 -2.47224533 -2.49492324
 -2.50989085 -2.51852958 -2.52222086 -2.52234612 -2.52028677 -2.51742425
 -2.51513998 -2.51481538 -2.51783189 -2.52557092 -2.53941391 -2.56074227
 -2.59093744 -2.63138083 -2.68345388 -2.74853801]
d_x_fitting=[8.61326443e-01 1.08753339e+01 2.08893413e+01 3.09033487e+01
 4.09173562e+01 5.09313636e+01 6.09453710e+01 7.09593785e+01
 8.09733859e+01 9.09873933e+01 1.01001401e+02 1.11015408e+02
 1.21029416e+02 1.31043423e+02 1.41057430e+02 1.51071438e+02
 1.61085445e+02 1.71099453e+02 1.81113460e+02 1.91127468e+02
 2.01141475e+02 2.11155482e+02 2.21169490e+02 2.31183497e+02
 2.41197505e+02 2.51211512e+02 2.61225520e+02 2.71239527e+02
 2.81253534e+02 2.91267542e+02 3.01281549e+02 3.11295557e+02
 3.21309564e+02 3.31323572e+02 3.41337579e+02 3.51351586e+02
 3.61365594e+02 3.71379601e+02 3.81393609e+02 3.91407616e+02
 4.01421624e+02 4.11435631e+02 4.21449639e+02 4.31463646e+02
 4.41477653e+02 4.51491661e+02 4.61505668e+02 4.71519676e+02
 4.81533683e+02 4.91547691e+02 5.01561698e+02 5.11575705e+02
 5.21589713e+02 5.31603720e+02 5.41617728e+02 5.51631735e+02
 5.61645743e+02 5.71659750e+02 5.81673757e+02 5.91687765e+02
 6.01701772e+02 6.11715780e+02 6.21729787e+02 6.31743795e+02
 6.41757802e+02 6.51771809e+02 6.61785817e+02 6.71799824e+02
 6.81813832e+02 6.91827839e+02 7.01841847e+02 7.11855854e+02
 7.21869861e+02 7.31883869e+02 7.41897876e+02 7.51911884e+02
 7.61925891e+02 7.71939899e+02 7.81953906e+02 7.91967913e+02
 8.01981921e+02 8.11995928e+02 8.22009936e+02 8.32023943e+02
 8.42037951e+02 8.52051958e+02 8.62065965e+02 8.72079973e+02
 8.82093980e+02 8.92107988e+02 9.02121995e+02 9.12136003e+02
 9.22150010e+02 9.32164017e+02 9.42178025e+02 9.52192032e+02
 9.62206040e+02 9.72220047e+02 9.82234055e+02 9.92248062e+02]
d_y_fitting=[1.4619883  1.67683801 1.87141938 2.0457658  2.19991067 2.33388739
 2.44772936 2.54146996 2.61514261 2.66878068 2.70241759 2.71608672
 2.70982148 2.68365526 2.63762145 2.57231896 2.49146188 2.39983127
 2.30220911 2.20337739 2.1081181  2.02121322 1.94744475 1.89159468
 1.85844498 1.85277766 1.8793747  1.94300935 2.04537932 2.18059009
 2.34159624 2.52135236 2.71281301 2.90893279 3.10266628 3.28696806
 3.45497459 3.60148695 3.72219928 3.81281424 3.86903446 3.88656261
 3.86110133 3.78835327 3.66402108 3.48380742 3.24521619 2.9573462
 2.63388968 2.28855032 1.93503183 1.58703789 1.25827221 0.9624385
 0.71324044 0.52438175 0.40956611 0.38249723 0.45635222 0.62941586
 0.88334929 1.19893948 1.55697342 1.93823808 2.32352043 2.69360745
 3.02928611 3.31308351 3.54167299 3.71860878 3.84749101 3.93191982
 3.97549532 3.98181764 3.95448692 3.89710327 3.81326682 3.70657769
 3.58063603 3.43892025 3.28425251 3.11923471 2.94646857 2.76855583
 2.58809823 2.40769749 2.22995536 2.05747356 1.89285383 1.73869791
 1.59760752 1.4721844  1.36503029 1.27874691 1.21593601 1.17919931
 1.17113855 1.19435546 1.25145178 1.34502924]