
p_x=[6.029285099052541, 91.3006029285099, 165.37467700258398, 203.27304048234282, 243.75538329026702, 307.49354005167953, 363.479758828596, 441.8604651162791, 557.2782084409992, 617.5710594315245, 720.0689061154177, 813.0921619293713, 917.312661498708, 970.714900947459, 993.1093884582257]
p_y=[-1.4117647058823515, -1.764705882352942, -1.4117647058823515, 0.23529411764705976, 2.11764705882353, 0.8235294117647065, -1.1764705882352935, -2.4705882352941178, 0.0, 0.47058823529411775, -1.2941176470588225, 0.7058823529411757, 1.764705882352942, 1.0588235294117645, 0.9411764705882355]
a_x=[6.029285099052541, 96.46856158484066, 144.70284237726096, 195.52110249784667, 236.0034453057709, 329.88802756244615, 346.2532299741602, 442.72179155900085, 512.4892334194659, 548.6649440137812, 596.8992248062015, 669.2506459948321, 721.7915590008613, 821.7054263565892, 920.7579672695952, 990.5254091300602]
a_y=[-5.438596491228068, -5.321637426900585, -4.970760233918128, -2.163742690058479, -0.4093567251461998, -2.280701754385966, -2.6315789473684212, -3.333333333333332, -0.4093567251461998, 0.1754385964912295, 0.8771929824561404, -1.6959064327485365, -2.163742690058479, 0.7602339181286553, 1.1111111111111107, 0.8771929824561404]
d_x=[1.7226528854435832, 92.16192937123171, 132.6442721791559, 192.0757967269595, 268.73385012919897, 366.9250645994832, 474.59086993970715, 556.4168819982773, 611.5417743324721, 658.9147286821704, 708.0103359173127, 758.8285960378984, 839.7932816537468, 922.4806201550388, 996.5546942291128]
d_y=[-1.4619883040935662, -1.3450292397660828, -1.3450292397660828, 1.1111111111111107, 1.578947368421053, -0.9941520467836256, -1.1111111111111107, 1.1111111111111107, 0.526315789473685, -1.3450292397660828, -2.397660818713449, -2.7485380116959064, 0.4093567251461998, 1.1111111111111107, 1.461988304093568]
p_x_fitting=[  6.0292851   15.99979119  25.97029729  35.94080338  45.91130948
  55.88181557  65.85232167  75.82282776  85.79333386  95.76383995
 105.73434604 115.70485214 125.67535823 135.64586433 145.61637042
 155.58687652 165.55738261 175.52788871 185.4983948  195.4689009
 205.43940699 215.40991308 225.38041918 235.35092527 245.32143137
 255.29193746 265.26244356 275.23294965 285.20345575 295.17396184
 305.14446794 315.11497403 325.08548012 335.05598622 345.02649231
 354.99699841 364.9675045  374.9380106  384.90851669 394.87902279
 404.84952888 414.82003498 424.79054107 434.76104716 444.73155326
 454.70205935 464.67256545 474.64307154 484.61357764 494.58408373
 504.55458983 514.52509592 524.49560201 534.46610811 544.4366142
 554.4071203  564.37762639 574.34813249 584.31863858 594.28914468
 604.25965077 614.23015687 624.20066296 634.17116905 644.14167515
 654.11218124 664.08268734 674.05319343 684.02369953 693.99420562
 703.96471172 713.93521781 723.90572391 733.87623    743.84673609
 753.81724219 763.78774828 773.75825438 783.72876047 793.69926657
 803.66977266 813.64027876 823.61078485 833.58129095 843.55179704
 853.52230313 863.49280923 873.46331532 883.43382142 893.40432751
 903.37483361 913.3453397  923.3158458  933.28635189 943.25685799
 953.22736408 963.19787017 973.16837627 983.13888236 993.10938846]
p_y_fitting=[-1.41176471 -1.30182858 -1.25430551 -1.25895274 -1.30552752 -1.38378707
 -1.48348865 -1.59438948 -1.70624682 -1.8088179  -1.89185996 -1.94513024
 -1.95838599 -1.92138444 -1.82388283 -1.6556384  -1.40640841 -1.07003129
 -0.65579714 -0.17665235  0.35437597  0.91038907  1.43499673  1.86803498
  2.14940018  2.24287498  2.17241923  1.97132134  1.67286976  1.31035291
  0.91705923  0.52395245  0.14270623 -0.224552   -0.57576285 -0.90886691
 -1.22180302 -1.51169498 -1.77356667 -2.00210836 -2.19201033 -2.33796284
 -2.43465618 -2.47678061 -2.45908068 -2.38093926 -2.24986172 -2.07417385
 -1.86220141 -1.6222702  -1.362706   -1.09183459 -0.81798175 -0.54947327
 -0.29463492 -0.06179249  0.14090099  0.30700277  0.43104677  0.50757833
  0.5311428   0.4962855   0.39852465  0.2447599   0.04926809 -0.17354946
 -0.40929143 -0.64355646 -0.86194324 -1.05005043 -1.19347671 -1.27782073
 -1.28892773 -1.22314689 -1.09102939 -0.90413369 -0.67401827 -0.4122416
 -0.13036216  0.16006158  0.44747114  0.72030832  0.96896871  1.19047826
  1.38326807  1.54576927  1.67641297  1.77363029  1.83585233  1.86151022
  1.84903507  1.796858    1.70399599  1.57816022  1.43371784  1.28520514
  1.14715838  1.03411383  0.96060777  0.94117647]
a_x_fitting=[  6.0292851   15.97369039  25.91809569  35.86250098  45.80690627
  55.75131157  65.69571686  75.64012215  85.58452744  95.52893274
 105.47333803 115.41774332 125.36214862 135.30655391 145.2509592
 155.1953645  165.13976979 175.08417508 185.02858038 194.97298567
 204.91739096 214.86179626 224.80620155 234.75060684 244.69501214
 254.63941743 264.58382272 274.52822802 284.47263331 294.4170386
 304.3614439  314.30584919 324.25025448 334.19465978 344.13906507
 354.08347036 364.02787566 373.97228095 383.91668624 393.86109154
 403.80549683 413.74990212 423.69430742 433.63871271 443.583118
 453.52752329 463.47192859 473.41633388 483.36073917 493.30514447
 503.24954976 513.19395505 523.13836035 533.08276564 543.02717093
 552.97157623 562.91598152 572.86038681 582.80479211 592.7491974
 602.69360269 612.63800799 622.58241328 632.52681857 642.47122387
 652.41562916 662.36003445 672.30443975 682.24884504 692.19325033
 702.13765563 712.08206092 722.02646621 731.97087151 741.9152768
 751.85968209 761.80408739 771.74849268 781.69289797 791.63730327
 801.58170856 811.52611385 821.47051914 831.41492444 841.35932973
 851.30373502 861.24814032 871.19254561 881.1369509  891.0813562
 901.02576149 910.97016678 920.91457208 930.85897737 940.80338266
 950.74778796 960.69219325 970.63659854 980.58100384 990.52540913]
a_y_fitting=[-5.43859649 -5.07837629 -4.85569498 -4.74868515 -4.73547944 -4.79421045
 -4.9030108  -5.0400131  -5.18334998 -5.31115405 -5.40155792 -5.43269421
 -5.38269554 -5.22969451 -4.9518254  -4.53878811 -4.01951496 -3.43124915
 -2.81123387 -2.19671234 -1.62350011 -1.12067345 -0.71532191 -0.43453475
 -0.29981285 -0.29992381 -0.41175333 -0.6121704  -0.878044   -1.18624312
 -1.51363673 -1.83709383 -2.13348338 -2.38065747 -2.5881579  -2.79809464
 -3.01494745 -3.22470153 -3.41324021 -3.56644684 -3.67020473 -3.71039722
 -3.67290764 -3.54361933 -3.30842087 -2.96356263 -2.53731688 -2.06412259
 -1.57841872 -1.11464423 -0.70723808 -0.39063408 -0.18150881 -0.03905225
  0.08915762  0.25418206  0.46321749  0.67121578  0.83007596  0.89169708
  0.81074491  0.58626285  0.25304718 -0.15308934 -0.59633395 -1.04087389
 -1.45089639 -1.79077856 -2.03877904 -2.19624156 -2.26669102 -2.25365234
 -2.16065046 -1.99295365 -1.76232685 -1.48204796 -1.16539492 -0.82564564
 -0.47607805 -0.12997008  0.19940036  0.49875533  0.75481692  0.95721029
  1.108026    1.2126997   1.27666703  1.30536368  1.3042253   1.27868758
  1.23418617  1.17615674  1.11003497  1.04125652  0.97525706  0.91747226
  0.87333778  0.84828929  0.84776247  0.87719298]
d_x_fitting=[  1.72265289  11.77146138  21.82026988  31.86907838  41.91788688
  51.96669538  62.01550388  72.06431237  82.11312087  92.16192937
 102.21073787 112.25954637 122.30835487 132.35716336 142.40597186
 152.45478036 162.50358886 172.55239736 182.60120586 192.65001436
 202.69882285 212.74763135 222.79643985 232.84524835 242.89405685
 252.94286535 262.99167384 273.04048234 283.08929084 293.13809934
 303.18690784 313.23571634 323.28452483 333.33333333 343.38214183
 353.43095033 363.47975883 373.52856733 383.57737583 393.62618432
 403.67499282 413.72380132 423.77260982 433.82141832 443.87022682
 453.91903531 463.96784381 474.01665231 484.06546081 494.11426931
 504.16307781 514.2118863  524.2606948  534.3095033  544.3583118
 554.4071203  564.4559288  574.5047373  584.55354579 594.60235429
 604.65116279 614.69997129 624.74877979 634.79758829 644.84639678
 654.89520528 664.94401378 674.99282228 685.04163078 695.09043928
 705.13924777 715.18805627 725.23686477 735.28567327 745.33448177
 755.38329027 765.43209877 775.48090726 785.52971576 795.57852426
 805.62733276 815.67614126 825.72494976 835.77375825 845.82256675
 855.87137525 865.92018375 875.96899225 886.01780075 896.06660924
 906.11541774 916.16422624 926.21303474 936.26184324 946.31065174
 956.35946024 966.40826873 976.45707723 986.50588573 996.55469423]
d_y_fitting=[-1.4619883  -1.02328619 -0.75178457 -0.6214375  -0.60619908 -0.68002337
 -0.81686446 -0.99067641 -1.17541331 -1.34502924 -1.47347827 -1.53471447
 -1.50269192 -1.35136471 -1.06497081 -0.67256711 -0.21541699  0.2652159
  0.72806789  1.13187685  1.44489502  1.66745531  1.80664512  1.86955187
  1.86326294  1.79486575  1.6714477   1.50010698  1.28829824  1.04390575
  0.77483933  0.48900882  0.19432406 -0.10130513 -0.38996892 -0.66375747
 -0.91476095 -1.13535438 -1.32134136 -1.47079441 -1.58182649 -1.65255055
 -1.68107957 -1.6655265  -1.6040043  -1.49462594 -1.33550439 -1.1247526
 -0.86309438 -0.56365389 -0.24323291  0.08136617  0.39334097  0.67588912
  0.91220824  1.08549595  1.1804129   1.19243252  1.12187454  0.96908155
  0.73439614  0.41833524  0.03346741 -0.38798104 -0.81197319 -1.20447207
 -1.5333205  -1.79448776 -2.00559504 -2.18482043 -2.35034206 -2.51749814
 -2.6737275  -2.79063363 -2.83963823 -2.79216303 -2.62229778 -2.33624519
 -1.96145912 -1.52577231 -1.05701754 -0.58302757 -0.13163516  0.26932692
  0.59341117  0.83489768  1.00402268  1.11143285  1.16777485  1.18369538
  1.1698411   1.1368587   1.09539486  1.05609624  1.02960953  1.02658141
  1.05765854  1.13348762  1.26471531  1.4619883 ]