
p_x=[5.167958656330749, 68.04478897502153, 211.02497846683892, 286.8217054263566, 354.00516795865633, 371.2316968130921, 420.3273040482343, 452.1963824289406, 509.9052540913006, 558.1395348837209, 733.8501291989664, 794.1429801894918, 852.7131782945736, 888.8888888888888, 947.4590869939708, 995.693367786391]
p_y=[1.1764705882352935, 1.1764705882352935, 1.2941176470588225, 1.0588235294117645, -0.235294117647058, -0.35294117647058876, -0.35294117647058876, 1.4117647058823533, 1.5294117647058822, 1.4117647058823533, 1.2941176470588225, 1.4117647058823533, 1.5294117647058822, 0.35294117647058876, -0.47058823529411775, -0.47058823529411775]
a_x=[3.4453057708871664, 138.67355727820842, 202.41171403962102, 281.65374677002586, 312.66149870801036, 385.8742463393626, 490.0947459086994, 585.7019810508183, 669.2506459948321, 868.2170542635658, 996.5546942291128]
a_y=[-6.374269005847953, -6.257309941520468, -6.257309941520468, -6.257309941520468, -6.374269005847953, -6.491228070175438, -6.491228070175438, -6.491228070175438, -6.6081871345029235, -6.374269005847953, -6.959064327485379]
d_x=[1.7226528854435832, 202.41171403962102, 263.56589147286826, 353.1438415159345, 378.1223083548665, 403.1007751937984, 444.4444444444444, 525.4091300602929, 575.3660637381568, 688.1998277347114, 771.7484926787253, 884.58225667528, 993.1093884582257]
d_y=[1.3450292397660828, 1.578947368421053, 1.578947368421053, 1.6959064327485383, 1.3450292397660828, 0.7602339181286553, 1.578947368421053, 1.9298245614035086, 2.1637426900584797, 1.9298245614035086, 1.8128654970760234, 1.1111111111111107, 0.7602339181286553]
p_x_fitting=[  5.16795866  15.17326582  25.17857298  35.18388015  45.18918731
  55.19449447  65.19980163  75.2051088   85.21041596  95.21572312
 105.22103029 115.22633745 125.23164461 135.23695177 145.24225894
 155.2475661  165.25287326 175.25818043 185.26348759 195.26879475
 205.27410191 215.27940908 225.28471624 235.2900234  245.29533057
 255.30063773 265.30594489 275.31125206 285.31655922 295.32186638
 305.32717354 315.33248071 325.33778787 335.34309503 345.3484022
 355.35370936 365.35901652 375.36432368 385.36963085 395.37493801
 405.38024517 415.38555234 425.3908595  435.39616666 445.40147383
 455.40678099 465.41208815 475.41739531 485.42270248 495.42800964
 505.4333168  515.43862397 525.44393113 535.44923829 545.45454545
 555.45985262 565.46515978 575.47046694 585.47577411 595.48108127
 605.48638843 615.4916956  625.49700276 635.50230992 645.50761708
 655.51292425 665.51823141 675.52353857 685.52884574 695.5341529
 705.53946006 715.54476722 725.55007439 735.55538155 745.56068871
 755.56599588 765.57130304 775.5766102  785.58191736 795.58722453
 805.59253169 815.59783885 825.60314602 835.60845318 845.61376034
 855.61906751 865.62437467 875.62968183 885.63498899 895.64029616
 905.64560332 915.65091048 925.65621765 935.66152481 945.66683197
 955.67213913 965.6774463  975.68275346 985.68806062 995.69336779]
p_y_fitting=[ 1.17647059  1.1784857   1.17939606  1.1794412   1.17886065  1.17789395
  1.17678063  1.17576022  1.17507224  1.17495625  1.17565176  1.17739831
  1.18043543  1.18500265  1.1913395   1.19968553  1.21028025  1.2233632
  1.23917391  1.25795192  1.27993676  1.30527068  1.33082212  1.34947925
  1.35388996  1.33670213  1.29056366  1.20812245  1.08202637  0.90758364
  0.69691175  0.46867496  0.24155231  0.0342228  -0.13463451 -0.24638499
 -0.30869607 -0.39795574 -0.53309513 -0.64618977 -0.66380549 -0.51250813
 -0.1240092   0.45494472  1.0643842   1.5407514   1.79905661  1.88022042
  1.8364919   1.72012012  1.58335415  1.47662513  1.4173784   1.39433935
  1.39527377  1.40794746  1.42094247  1.43038425  1.43647652  1.43946292
  1.43958714  1.43709282  1.43222363  1.42522323  1.41633529  1.40580346
  1.3938714   1.38078279  1.36678128  1.35211052  1.3370142   1.32173595
  1.30651946  1.29161264  1.27862778  1.27248599  1.27860028  1.3023836
  1.34924896  1.42459225  1.52537857  1.62654483  1.69947501  1.71555308
  1.64616302  1.46304438  1.16770212  0.81341681  0.45865405  0.1584148
 -0.07141283 -0.23963312 -0.35543822 -0.42802026 -0.46657138 -0.48028373
 -0.47834945 -0.46996068 -0.46430956 -0.47058824]
a_x_fitting=[  3.44530577  13.47671374  23.5081217   33.53952966  43.57093763
  53.60234559  63.63375356  73.66516152  83.69656948  93.72797745
 103.75938541 113.79079338 123.82220134 133.85360931 143.88501727
 153.91642523 163.9478332  173.97924116 184.01064913 194.04205709
 204.07346506 214.10487302 224.13628098 234.16768895 244.19909691
 254.23050488 264.26191284 274.2933208  284.32472877 294.35613673
 304.3875447  314.41895266 324.45036063 334.48176859 344.51317655
 354.54458452 364.57599248 374.60740045 384.63880841 394.67021638
 404.70162434 414.7330323  424.76444027 434.79584823 444.8272562
 454.85866416 464.89007213 474.92148009 484.95288805 494.98429602
 505.01570398 515.04711195 525.07851991 535.10992787 545.14133584
 555.1727438  565.20415177 575.23555973 585.2669677  595.29837566
 605.32978362 615.36119159 625.39259955 635.42400752 645.45541548
 655.48682345 665.51823141 675.54963937 685.58104734 695.6124553
 705.64386327 715.67527123 725.7066792  735.73808716 745.76949512
 755.80090309 765.83231105 775.86371902 785.89512698 795.92653494
 805.95794291 815.98935087 826.02075884 836.0521668  846.08357477
 856.11498273 866.14639069 876.17779866 886.20920662 896.24061459
 906.27202255 916.30343052 926.33483848 936.36624644 946.39765441
 956.42906237 966.46047034 976.4918783  986.52328626 996.55469423]
a_y_fitting=[-6.37426901 -6.34074798 -6.31310194 -6.29083605 -6.2734555  -6.26046547
 -6.25137115 -6.24567771 -6.24289033 -6.2425142  -6.2440545  -6.24701641
 -6.25090512 -6.25522579 -6.25948362 -6.26318379 -6.26583148 -6.26693186
 -6.26599013 -6.26251146 -6.25600296 -6.24663323 -6.23619715 -6.226735
 -6.22028704 -6.21889355 -6.22459481 -6.23943108 -6.26541533 -6.30173103
 -6.34230575 -6.38050211 -6.41171072 -6.4361746  -6.45484728 -6.46868232
 -6.47863326 -6.48565364 -6.490697   -6.4946126  -6.49764393 -6.49981646
 -6.50115535 -6.50168576 -6.50143285 -6.50042178 -6.49867771 -6.49622582
 -6.49309125 -6.48930744 -6.48510994 -6.48094309 -6.47726089 -6.47451733
 -6.47316639 -6.47366206 -6.47645834 -6.4820092  -6.49076863 -6.50297338
 -6.51787026 -6.53442431 -6.55160057 -6.56836404 -6.58367975 -6.59651273
 -6.60582798 -6.61065322 -6.61085759 -6.60691197 -6.59930028 -6.58850645
 -6.57501441 -6.55930808 -6.54187138 -6.52318824 -6.50374258 -6.48401834
 -6.46449942 -6.44566976 -6.42801328 -6.41201391 -6.39815557 -6.38692218
 -6.37879767 -6.37426597 -6.373811   -6.37791668 -6.38706693 -6.40174569
 -6.42243688 -6.44962442 -6.48379223 -6.52542425 -6.57500439 -6.63301658
 -6.69994474 -6.77627281 -6.86248469 -6.95906433]
d_x_fitting=[  1.72265289  11.73666032  21.75066775  31.76467518  41.77868261
  51.79269004  61.80669747  71.8207049   81.83471233  91.84871976
 101.86272719 111.87673462 121.89074205 131.90474948 141.91875691
 151.93276434 161.94677177 171.9607792  181.97478663 191.98879406
 202.00280149 212.01680892 222.03081635 232.04482378 242.05883121
 252.07283864 262.08684607 272.1008535  282.11486093 292.12886836
 302.14287579 312.15688322 322.17089065 332.18489808 342.19890551
 352.21291294 362.22692037 372.2409278  382.25493523 392.26894266
 402.28295009 412.29695752 422.31096495 432.32497238 442.33897981
 452.35298724 462.36699467 472.3810021  482.39500953 492.40901696
 502.42302439 512.43703182 522.45103925 532.46504668 542.47905411
 552.49306154 562.50706897 572.5210764  582.53508383 592.54909126
 602.56309869 612.57710612 622.59111355 632.60512098 642.61912841
 652.63313584 662.64714327 672.6611507  682.67515813 692.68916556
 702.70317299 712.71718042 722.73118785 732.74519528 742.75920271
 752.77321014 762.78721757 772.801225   782.81523243 792.82923986
 802.84324729 812.85725472 822.87126215 832.88526958 842.89927701
 852.91328444 862.92729187 872.9412993  882.95530673 892.96931416
 902.98332159 912.99732902 923.01133645 933.02534388 943.03935131
 953.05335874 963.06736617 973.0813736  983.09538103 993.10938846]
d_y_fitting=[1.34502924 1.45699627 1.5515115  1.62972516 1.69278749 1.74184872
 1.77805911 1.80256887 1.81652826 1.8210875  1.81739684 1.80660652
 1.78986677 1.76832782 1.74313992 1.71545331 1.68641821 1.65718488
 1.62890354 1.60272444 1.57979781 1.56127389 1.54830292 1.54203513
 1.54362076 1.55421006 1.57495325 1.60637021 1.64503167 1.68598225
 1.72426333 1.75491627 1.77298244 1.77350321 1.75151993 1.70207397
 1.6170102  1.47125122 1.2361628  0.95612854 0.76727863 0.78277615
 0.96848569 1.24329757 1.52608188 1.74361645 1.88308511 1.95953352
 1.98815652 1.98414895 1.96270567 1.93902153 1.92829138 1.94420135
 1.9851106  2.04044788 2.09953076 2.15167683 2.18701853 2.20364902
 2.20416014 2.19119468 2.16739543 2.13540516 2.09786665 2.05742269
 2.01671605 1.97838952 1.94508589 1.91937354 1.9016107  1.88962602
 1.88110955 1.87375133 1.8652414  1.85326982 1.83552663 1.80970255
 1.77426517 1.72995612 1.67793091 1.61934508 1.55535416 1.48711366
 1.41577912 1.34250607 1.26845002 1.19476651 1.12261107 1.05313921
 0.98750647 0.92686837 0.87238044 0.82519821 0.7864772  0.75737294
 0.73904095 0.73263677 0.73931592 0.76023392]