
p_x=[1.7226528854435832, 23.25581395348837, 53.402239448751075, 90.43927648578811, 125.75366063738159, 166.23600344530576, 207.57967269595176, 255.8139534883721, 330.74935400516796, 368.64771748492683, 395.3488372093023, 412.57536606373816, 427.2179155900086, 439.2764857881137, 454.78036175710594, 479.7588285960379, 496.9853574504737, 513.3505598621878, 536.6063738156761, 565.0301464254953, 633.9362618432386, 764.8578811369508, 993.1093884582257]
p_y=[-1.4117647058823515, -1.2941176470588225, -1.4117647058823515, -1.1764705882352935, -2.9411764705882355, -2.7058823529411757, -2.117647058823529, -2.0, -1.882352941176471, -1.5294117647058805, -1.647058823529413, -1.4117647058823515, -1.764705882352942, -5.529411764705882, -6.7058823529411775, -6.9411764705882355, -2.3529411764705888, 1.4117647058823533, 1.5294117647058822, 1.6470588235294112, 1.6470588235294112, 1.4117647058823533, 1.4117647058823533]
a_x=[0.8613264427217916, 49.09560723514212, 105.94315245478036, 118.86304909560722, 130.06029285099052, 146.42549526270457, 170.54263565891472, 207.57967269595176, 235.1421188630491, 285.099052540913, 389.3195521102498, 410.8527131782946, 420.3273040482343, 430.6632213608958, 440.1378122308355, 449.6124031007752, 456.50301464254954, 471.14556416882, 487.51076658053404, 495.2627045650301, 506.4599483204134, 511.6279069767442, 522.8251507321274, 537.4677002583979, 548.6649440137812, 564.1688199827735, 682.1705426356589, 693.3677863910423, 705.4263565891473, 716.6236003445306, 726.959517657192, 738.1567614125754, 745.0473729543497, 759.6899224806202, 839.7932816537468, 875.968992248062, 992.2480620155038, 998.2773471145564]
a_y=[-6.257309941520468, -6.374269005847953, -6.257309941520468, -5.789473684210527, -4.7368421052631575, -3.9181286549707615, -4.152046783625732, -4.502923976608187, -5.204678362573098, -5.789473684210527, -5.438596491228068, -5.204678362573098, -5.204678362573098, -4.970760233918128, -1.578947368421053, -1.2280701754385959, -1.3450292397660828, -1.1111111111111107, -1.4619883040935662, -1.3450292397660828, -1.6959064327485365, -4.385964912280702, -4.619883040935672, -4.619883040935672, -4.7368421052631575, -4.385964912280702, -4.035087719298245, -3.5672514619883025, -3.099415204678362, -2.397660818713449, -2.397660818713449, -2.280701754385966, -2.280701754385966, -2.397660818713449, -2.7485380116959064, -4.269005847953215, -4.035087719298245, -3.9181286549707615]
d_x=[0.8613264427217916, 84.40999138673558, 109.38845822566753, 140.39621016365203, 156.76141257536608, 172.26528854435833, 181.739879414298, 187.76916451335057, 210.16365202411714, 268.73385012919897, 320.4134366925064, 368.64771748492683, 394.4875107665805, 416.0206718346253, 421.1886304909561, 430.6632213608958, 436.69250645994833, 447.0284237726098, 459.0869939707149, 472.8682170542636, 488.3720930232558, 495.2627045650301, 506.4599483204134, 519.3798449612403, 545.2196382428941, 580.5340223944875, 617.5710594315245, 765.7192075796727, 998.2773471145564]
d_y=[1.2280701754385976, 1.1111111111111107, 1.1111111111111107, 1.9298245614035086, 2.514619883040936, 2.6315789473684212, 2.1637426900584797, 1.578947368421053, 1.1111111111111107, 1.461988304093568, 1.461988304093568, 1.3450292397660828, 1.3450292397660828, 1.1111111111111107, 1.2280701754385976, 1.2280701754385976, -1.9298245614035086, -1.9298245614035086, -1.9298245614035086, -1.9298245614035086, -1.8128654970760234, 1.3450292397660828, 1.9298245614035086, 2.1637426900584797, 2.0467836257309946, 1.8128654970760234, 1.8128654970760234, 1.578947368421053, 1.578947368421053]
p_x_fitting=[  1.72265289  11.73666032  21.75066775  31.76467518  41.77868261
  51.79269004  61.80669747  71.8207049   81.83471233  91.84871976
 101.86272719 111.87673462 121.89074205 131.90474948 141.91875691
 151.93276434 161.94677177 171.9607792  181.97478663 191.98879406
 202.00280149 212.01680892 222.03081635 232.04482378 242.05883121
 252.07283864 262.08684607 272.1008535  282.11486093 292.12886836
 302.14287579 312.15688322 322.17089065 332.18489808 342.19890551
 352.21291294 362.22692037 372.2409278  382.25493523 392.26894266
 402.28295009 412.29695752 422.31096495 432.32497238 442.33897981
 452.35298724 462.36699467 472.3810021  482.39500953 492.40901696
 502.42302439 512.43703182 522.45103925 532.46504668 542.47905411
 552.49306154 562.50706897 572.5210764  582.53508383 592.54909126
 602.56309869 612.57710612 622.59111355 632.60512098 642.61912841
 652.63313584 662.64714327 672.6611507  682.67515813 692.68916556
 702.70317299 712.71718042 722.73118785 732.74519528 742.75920271
 752.77321014 762.78721757 772.801225   782.81523243 792.82923986
 802.84324729 812.85725472 822.87126215 832.88526958 842.89927701
 852.91328444 862.92729187 872.9412993  882.95530673 892.96931416
 902.98332159 912.99732902 923.01133645 933.02534388 943.03935131
 953.05335874 963.06736617 973.0813736  983.09538103 993.10938846]
p_y_fitting=[-1.41176471 -1.28004895 -1.28574112 -1.35851491 -1.42804401 -1.42400212
 -1.2964623  -1.12860794 -1.05701336 -1.21824514 -1.66906172 -2.25552944
 -2.78934953 -3.09286973 -3.1390859  -3.01269053 -2.80101299 -2.58858006
 -2.41289165 -2.27245169 -2.16458538 -2.08659438 -2.03506269 -2.00574164
 -1.9943359  -1.99655015 -2.00802194 -2.02348217 -2.03701084 -2.04267368
 -2.03453641 -2.00666479 -1.95312453 -1.86799948 -1.75447711 -1.63959908
 -1.5542664  -1.52883203 -1.56607709 -1.62884948 -1.66012645 -1.42538202
 -1.14749337 -3.27970174 -6.1210015  -6.65947339 -7.09427166 -7.46985235
 -6.47927382 -3.77337161 -0.79172876  1.29273242  1.93074574  1.67876403
  1.41470984  1.44178489  1.60455805  1.74742264  1.82504884  1.84919327
  1.83209352  1.78598718  1.72311185  1.65570512  1.59461954  1.54241917
  1.49859842  1.46264673  1.43405351  1.41230819  1.39690019  1.38731894
  1.38305386  1.38359438  1.38842991  1.39704988  1.40894373  1.42360086
  1.44051071  1.4591627   1.47904625  1.49965078  1.52046573  1.54098052
  1.56068456  1.57906729  1.59561812  1.60982649  1.62118181  1.62917351
  1.63329102  1.63302375  1.62786114  1.6172926   1.60080756  1.57789544
  1.54804568  1.51074768  1.46549088  1.41176471]
a_x_fitting=[8.61326443e-01 1.09362357e+01 2.10111450e+01 3.10860543e+01
 4.11609636e+01 5.12358729e+01 6.13107822e+01 7.13856915e+01
 8.14606008e+01 9.15355101e+01 1.01610419e+02 1.11685329e+02
 1.21760238e+02 1.31835147e+02 1.41910057e+02 1.51984966e+02
 1.62059875e+02 1.72134785e+02 1.82209694e+02 1.92284603e+02
 2.02359512e+02 2.12434422e+02 2.22509331e+02 2.32584240e+02
 2.42659150e+02 2.52734059e+02 2.62808968e+02 2.72883878e+02
 2.82958787e+02 2.93033696e+02 3.03108605e+02 3.13183515e+02
 3.23258424e+02 3.33333333e+02 3.43408243e+02 3.53483152e+02
 3.63558061e+02 3.73632971e+02 3.83707880e+02 3.93782789e+02
 4.03857698e+02 4.13932608e+02 4.24007517e+02 4.34082426e+02
 4.44157336e+02 4.54232245e+02 4.64307154e+02 4.74382064e+02
 4.84456973e+02 4.94531882e+02 5.04606791e+02 5.14681701e+02
 5.24756610e+02 5.34831519e+02 5.44906429e+02 5.54981338e+02
 5.65056247e+02 5.75131157e+02 5.85206066e+02 5.95280975e+02
 6.05355884e+02 6.15430794e+02 6.25505703e+02 6.35580612e+02
 6.45655522e+02 6.55730431e+02 6.65805340e+02 6.75880250e+02
 6.85955159e+02 6.96030068e+02 7.06104977e+02 7.16179887e+02
 7.26254796e+02 7.36329705e+02 7.46404615e+02 7.56479524e+02
 7.66554433e+02 7.76629343e+02 7.86704252e+02 7.96779161e+02
 8.06854070e+02 8.16928980e+02 8.27003889e+02 8.37078798e+02
 8.47153708e+02 8.57228617e+02 8.67303526e+02 8.77378436e+02
 8.87453345e+02 8.97528254e+02 9.07603163e+02 9.17678073e+02
 9.27752982e+02 9.37827891e+02 9.47902801e+02 9.57977710e+02
 9.68052619e+02 9.78127529e+02 9.88202438e+02 9.98277347e+02]
a_y_fitting=[-6.25730994 -6.2307908  -6.24168733 -6.27868598 -6.33047319 -6.38573542
 -6.4331591  -6.46143068 -6.45923661 -6.41526332 -6.31819727 -6.13857971
 -5.54760402 -4.58662613 -4.02648637 -3.8837251  -4.00023457 -4.17554417
 -4.27581061 -4.33817915 -4.4262217  -4.60101719 -4.86110996 -5.13948008
 -5.37156986 -5.54186157 -5.66035856 -5.73728332 -5.78285835 -5.80663398
 -5.81298963 -5.80390512 -5.78134706 -5.74728208 -5.70367679 -5.65249782
 -5.59571178 -5.5352853  -5.473185   -5.41041422 -5.31853825 -5.14400158
 -5.41437623 -3.81896524 -1.07047821 -1.34315253 -1.21135467 -1.12994769
 -1.37855105 -1.40193008 -1.10580234 -5.16855621 -4.45462677 -4.51526361
 -4.75303391 -4.62236596 -4.36557206 -4.20213697 -4.14606656 -4.1718161
 -4.25384088 -4.36659616 -4.48453723 -4.58211936 -4.63379784 -4.61402793
 -4.49726493 -4.25796409 -3.87409911 -3.47887264 -3.05724169 -2.41271073
 -2.39465921 -2.3001718  -2.28907248 -2.37393449 -2.42438364 -2.41587503
 -2.37545115 -2.33092599 -2.31011354 -2.3408278  -2.45088274 -2.66809236
 -3.01393405 -3.45100703 -3.90993907 -4.32107647 -4.63429133 -4.85112989
 -4.98158902 -5.03566558 -5.02335642 -4.95465841 -4.83956841 -4.68808328
 -4.51019988 -4.31591507 -4.11522571 -3.91812865]
d_x_fitting=[8.61326443e-01 1.09362357e+01 2.10111450e+01 3.10860543e+01
 4.11609636e+01 5.12358729e+01 6.13107822e+01 7.13856915e+01
 8.14606008e+01 9.15355101e+01 1.01610419e+02 1.11685329e+02
 1.21760238e+02 1.31835147e+02 1.41910057e+02 1.51984966e+02
 1.62059875e+02 1.72134785e+02 1.82209694e+02 1.92284603e+02
 2.02359512e+02 2.12434422e+02 2.22509331e+02 2.32584240e+02
 2.42659150e+02 2.52734059e+02 2.62808968e+02 2.72883878e+02
 2.82958787e+02 2.93033696e+02 3.03108605e+02 3.13183515e+02
 3.23258424e+02 3.33333333e+02 3.43408243e+02 3.53483152e+02
 3.63558061e+02 3.73632971e+02 3.83707880e+02 3.93782789e+02
 4.03857698e+02 4.13932608e+02 4.24007517e+02 4.34082426e+02
 4.44157336e+02 4.54232245e+02 4.64307154e+02 4.74382064e+02
 4.84456973e+02 4.94531882e+02 5.04606791e+02 5.14681701e+02
 5.24756610e+02 5.34831519e+02 5.44906429e+02 5.54981338e+02
 5.65056247e+02 5.75131157e+02 5.85206066e+02 5.95280975e+02
 6.05355884e+02 6.15430794e+02 6.25505703e+02 6.35580612e+02
 6.45655522e+02 6.55730431e+02 6.65805340e+02 6.75880250e+02
 6.85955159e+02 6.96030068e+02 7.06104977e+02 7.16179887e+02
 7.26254796e+02 7.36329705e+02 7.46404615e+02 7.56479524e+02
 7.66554433e+02 7.76629343e+02 7.86704252e+02 7.96779161e+02
 8.06854070e+02 8.16928980e+02 8.27003889e+02 8.37078798e+02
 8.47153708e+02 8.57228617e+02 8.67303526e+02 8.77378436e+02
 8.87453345e+02 8.97528254e+02 9.07603163e+02 9.17678073e+02
 9.27752982e+02 9.37827891e+02 9.47902801e+02 9.57977710e+02
 9.68052619e+02 9.78127529e+02 9.88202438e+02 9.98277347e+02]
d_y_fitting=[ 1.22807018  1.5136234   1.66239098  1.70040583  1.65370086  1.54830899
  1.41026314  1.26559623  1.14034116  1.06053086  1.05219824  1.14128216
  1.33939892  1.62860633  1.98724425  2.36459103  2.63412633  2.63415282
  2.12193163  1.26718405  1.04766777  1.13645336  1.23461715  1.31174234
  1.37087397  1.41505713  1.44733688  1.47071078  1.48645301  1.49366804
  1.49132209  1.4783814   1.45384786  1.41992283  1.38449572  1.35604162
  1.34303562  1.35291826  1.36874624  1.34886066  1.26243431  1.13754999
  1.57863552 -0.57457189 -2.32268392 -1.78335056 -1.85445604 -2.07350071
 -2.70032     1.06744187  2.03736879  1.97650517  2.28308382  2.24140426
  2.05246461  1.91198492  1.84198558  1.81682206  1.81123565  1.81059311
  1.8119415   1.8129266   1.81140474  1.80685207  1.79949649  1.78957
  1.77730462  1.76293236  1.74668523  1.72879524  1.70949441  1.68901475
  1.66758827  1.64544698  1.62282289  1.59994802  1.57705437  1.55437397
  1.53213882  1.51058093  1.48993232  1.470425    1.45229098  1.43576227
  1.42107089  1.40844884  1.39812814  1.39034081  1.38531885  1.38329427
  1.38449909  1.38916532  1.39752497  1.40981006  1.42625259  1.44708458
  1.47253804  1.50284499  1.53823742  1.57894737]