
p_x=[0.8613264427217916, 87.85529715762273, 186.90783807062877, 232.5581395348837, 248.06201550387595, 291.98966408268734, 329.02670111972435, 392.76485788113695, 465.9776055124892, 537.4677002583979, 621.8776916451335, 784.668389319552, 996.5546942291128]
p_y=[-0.7058823529411757, -0.7058823529411757, -0.7058823529411757, -0.8235294117647047, 1.1764705882352935, 1.882352941176471, 1.764705882352942, 1.5294117647058822, -0.9411764705882355, -1.1764705882352935, -1.1764705882352935, -1.1764705882352935, -1.1764705882352935]
a_x=[1.7226528854435832, 86.13264427217916, 224.8062015503876, 273.90180878552974, 328.16537467700255, 373.81567614125754, 433.2472006890611, 506.4599483204134, 684.7545219638242, 855.2971576227391, 995.693367786391]
a_y=[-6.725146198830409, -6.842105263157894, -6.842105263157894, -6.842105263157894, -5.438596491228068, -6.725146198830409, -6.6081871345029235, -6.491228070175438, -6.374269005847953, -6.374269005847953, -6.842105263157894]
d_x=[0.0, 137.81223083548667, 306.63221360895784, 366.9250645994832, 414.2980189491817, 457.3643410852713, 509.9052540913006, 564.1688199827735, 802.7562446167096, 994.8320413436692]
d_y=[0.9941520467836256, 1.3450292397660828, 1.578947368421053, 1.578947368421053, 1.1111111111111107, -1.2280701754385959, -1.4619883040935662, -1.578947368421053, -1.1111111111111107, -1.1111111111111107]
p_x_fitting=[8.61326443e-01 1.09188352e+01 2.09763440e+01 3.10338527e+01
 4.10913615e+01 5.11488703e+01 6.12063790e+01 7.12638878e+01
 8.13213966e+01 9.13789053e+01 1.01436414e+02 1.11493923e+02
 1.21551432e+02 1.31608940e+02 1.41666449e+02 1.51723958e+02
 1.61781467e+02 1.71838975e+02 1.81896484e+02 1.91953993e+02
 2.02011502e+02 2.12069011e+02 2.22126519e+02 2.32184028e+02
 2.42241537e+02 2.52299046e+02 2.62356554e+02 2.72414063e+02
 2.82471572e+02 2.92529081e+02 3.02586589e+02 3.12644098e+02
 3.22701607e+02 3.32759116e+02 3.42816624e+02 3.52874133e+02
 3.62931642e+02 3.72989151e+02 3.83046660e+02 3.93104168e+02
 4.03161677e+02 4.13219186e+02 4.23276695e+02 4.33334203e+02
 4.43391712e+02 4.53449221e+02 4.63506730e+02 4.73564238e+02
 4.83621747e+02 4.93679256e+02 5.03736765e+02 5.13794273e+02
 5.23851782e+02 5.33909291e+02 5.43966800e+02 5.54024309e+02
 5.64081817e+02 5.74139326e+02 5.84196835e+02 5.94254344e+02
 6.04311852e+02 6.14369361e+02 6.24426870e+02 6.34484379e+02
 6.44541887e+02 6.54599396e+02 6.64656905e+02 6.74714414e+02
 6.84771922e+02 6.94829431e+02 7.04886940e+02 7.14944449e+02
 7.25001958e+02 7.35059466e+02 7.45116975e+02 7.55174484e+02
 7.65231993e+02 7.75289501e+02 7.85347010e+02 7.95404519e+02
 8.05462028e+02 8.15519536e+02 8.25577045e+02 8.35634554e+02
 8.45692063e+02 8.55749572e+02 8.65807080e+02 8.75864589e+02
 8.85922098e+02 8.95979607e+02 9.06037115e+02 9.16094624e+02
 9.26152133e+02 9.36209642e+02 9.46267150e+02 9.56324659e+02
 9.66382168e+02 9.76439677e+02 9.86497185e+02 9.96554694e+02]
p_y_fitting=[-0.70588235 -1.01904699 -1.21922018 -1.32043932 -1.33674182 -1.28216511
 -1.17074659 -1.01652367 -0.83353377 -0.6358143  -0.43740268 -0.25233631
 -0.09465262  0.021611    0.08241712  0.07372833 -0.01849278 -0.20828362
 -0.50968161 -0.93212909 -1.38023562 -1.65425003 -1.54992051 -0.86299525
  0.43368029  1.58988569  2.1402215   2.24108024  2.08700027  1.87251409
  1.74795886  1.71309082  1.73562449  1.78341926  1.83106185  1.86257017
  1.86266725  1.81607611  1.70751978  1.52172153  1.25084156  0.91392779
  0.53610262  0.14248844 -0.24179233 -0.59161731 -0.88186409 -1.09027401
 -1.21915699 -1.28332371 -1.29768373 -1.27714666 -1.23662207 -1.19101956
 -1.15448384 -1.13157341 -1.1203155  -1.11861179 -1.12436396 -1.13547367
 -1.14984262 -1.16537248 -1.17997101 -1.19225652 -1.20221433 -1.209985
 -1.2157091  -1.21952719 -1.22157984 -1.22200761 -1.22095106 -1.21855076
 -1.21494728 -1.21028117 -1.204693   -1.19832334 -1.19131275 -1.1838018
 -1.17593105 -1.16784105 -1.15967239 -1.15156562 -1.1436613  -1.13610001
 -1.1290223  -1.12256874 -1.11687989 -1.11209632 -1.1083586  -1.10580728
 -1.10458293 -1.10482611 -1.1066774  -1.11027735 -1.11576653 -1.1232855
 -1.13297482 -1.14497507 -1.15942681 -1.17647059]
a_x_fitting=[  1.72265289  11.76276112  21.80286935  31.84297758  41.88308581
  51.92319404  61.96330227  72.0034105   82.04351874  92.08362697
 102.1237352  112.16384343 122.20395166 132.24405989 142.28416812
 152.32427636 162.36438459 172.40449282 182.44460105 192.48470928
 202.52481751 212.56492574 222.60503397 232.64514221 242.68525044
 252.72535867 262.7654669  272.80557513 282.84568336 292.88579159
 302.92589983 312.96600806 323.00611629 333.04622452 343.08633275
 353.12644098 363.16654921 373.20665744 383.24676568 393.28687391
 403.32698214 413.36709037 423.4071986  433.44730683 443.48741506
 453.52752329 463.56763153 473.60773976 483.64784799 493.68795622
 503.72806445 513.76817268 523.80828091 533.84838915 543.88849738
 553.92860561 563.96871384 574.00882207 584.0489303  594.08903853
 604.12914676 614.169255   624.20936323 634.24947146 644.28957969
 654.32968792 664.36979615 674.40990438 684.45001262 694.49012085
 704.53022908 714.57033731 724.61044554 734.65055377 744.690662
 754.73077023 764.77087847 774.8109867  784.85109493 794.89120316
 804.93131139 814.97141962 825.01152785 835.05163609 845.09174432
 855.13185255 865.17196078 875.21206901 885.25217724 895.29228547
 905.3323937  915.37250194 925.41261017 935.4527184  945.49282663
 955.53293486 965.57304309 975.61315132 985.65325956 995.69336779]
a_y_fitting=[-6.7251462  -6.79066    -6.83841199 -6.87019496 -6.88780172 -6.89302507
 -6.8876578  -6.87349272 -6.85232262 -6.82594029 -6.79613855 -6.76471018
 -6.73344799 -6.70414478 -6.67859334 -6.65858648 -6.64591698 -6.64237766
 -6.6497613  -6.66986072 -6.7044687  -6.75537804 -6.82438155 -6.91048979
 -6.99083154 -7.03218697 -7.00127464 -6.86481313 -6.60169421 -6.25852687
 -5.90532981 -5.61214413 -5.44901094 -5.48301268 -5.70853857 -6.04460707
 -6.40674226 -6.7104682  -6.88725439 -6.94511142 -6.9149885  -6.82783912
 -6.71461679 -6.60627496 -6.52733296 -6.4780667  -6.45304305 -6.44682893
 -6.45399121 -6.4690968  -6.48671258 -6.50177478 -6.51268256 -6.51972924
 -6.52322738 -6.5234896  -6.52082847 -6.5155566  -6.50798658 -6.49843099
 -6.48720242 -6.47461348 -6.46097675 -6.44660482 -6.43181028 -6.41690574
 -6.40220377 -6.38801697 -6.37465794 -6.36240136 -6.35135594 -6.34158489
 -6.33315144 -6.32611883 -6.32055029 -6.31650904 -6.31405832 -6.31326136
 -6.31418138 -6.31688161 -6.32142529 -6.32787564 -6.3362959  -6.34674929
 -6.35929905 -6.3740084  -6.39094057 -6.41015879 -6.4317263  -6.45570632
 -6.48216208 -6.51115682 -6.54275376 -6.57701612 -6.61400715 -6.65379007
 -6.69642812 -6.74198451 -6.79052248 -6.84210526]
d_x_fitting=[  0.          10.0488085   20.097617    30.1464255   40.19523399
  50.24404249  60.29285099  70.34165949  80.39046799  90.43927649
 100.48808498 110.53689348 120.58570198 130.63451048 140.68331898
 150.73212748 160.78093597 170.82974447 180.87855297 190.92736147
 200.97616997 211.02497847 221.07378697 231.12259546 241.17140396
 251.22021246 261.26902096 271.31782946 281.36663796 291.41544645
 301.46425495 311.51306345 321.56187195 331.61068045 341.65948895
 351.70829744 361.75710594 371.80591444 381.85472294 391.90353144
 401.95233994 412.00114844 422.04995693 432.09876543 442.14757393
 452.19638243 462.24519093 472.29399943 482.34280792 492.39161642
 502.44042492 512.48923342 522.53804192 532.58685042 542.63565891
 552.68446741 562.73327591 572.78208441 582.83089291 592.87970141
 602.92850991 612.9773184  623.0261269  633.0749354  643.1237439
 653.1725524  663.2213609  673.27016939 683.31897789 693.36778639
 703.41659489 713.46540339 723.51421189 733.56302038 743.61182888
 753.66063738 763.70944588 773.75825438 783.80706288 793.85587138
 803.90467987 813.95348837 824.00229687 834.05110537 844.09991387
 854.14872237 864.19753086 874.24633936 884.29514786 894.34395636
 904.39276486 914.44157336 924.49038185 934.53919035 944.58799885
 954.63680735 964.68561585 974.73442435 984.78323285 994.83204134]
d_y_fitting=[ 0.99415205  1.01146351  1.03089628  1.0522404   1.07528589  1.09982278
  1.12564109  1.15253086  1.18028211  1.20868487  1.23752916  1.26660502
  1.29570248  1.32461155  1.35312227  1.38102466  1.40810876  1.43416459
  1.45898218  1.48235155  1.50406274  1.52390576  1.54167066  1.55714746
  1.57012618  1.58039685  1.5877495   1.59197416  1.59286085  1.59019961
  1.58378045  1.57346957  1.56100793  1.55008248  1.54447057  1.54794955
  1.56429677  1.5963092   1.62264715  1.59691773  1.47156432  1.19903028
  0.74295865  0.15780312 -0.45790819 -1.00535584 -1.38858439 -1.582149
 -1.63379288 -1.59465898 -1.51589025 -1.44845372 -1.42346612 -1.43423983
 -1.46984632 -1.51935708 -1.57184361 -1.61757371 -1.65419822 -1.68218157
 -1.70199374 -1.7141047  -1.71898444 -1.71710293 -1.70893015 -1.69493608
 -1.6755907  -1.65136398 -1.6227259  -1.59014644 -1.55409558 -1.51504329
 -1.47345956 -1.42981436 -1.38457767 -1.33821946 -1.29120972 -1.24401842
 -1.19711555 -1.15097107 -1.10605496 -1.06283722 -1.0217878  -0.98337669
 -0.94807388 -0.91634932 -0.88867302 -0.86551493 -0.84734504 -0.83463333
 -0.82784977 -0.82746435 -0.83394704 -0.84776782 -0.86939666 -0.89930355
 -0.93795846 -0.98583138 -1.04339227 -1.11111111]