
p_x=[2.5839793281653747, 82.68733850129199, 214.4702842377261, 290.26701119724373, 386.73557278208443, 596.8992248062015, 769.1645133505599, 995.693367786391]
p_y=[1.5294117647058822, 1.6470588235294112, 2.11764705882353, 2.11764705882353, 0.9411764705882355, 1.0588235294117645, 1.4117647058823533, 1.2941176470588225]
a_x=[2.5839793281653747, 84.40999138673558, 193.79844961240312, 311.80017226528855, 390.1808785529716, 415.1593453919035, 463.39362618432386, 495.2627045650301, 514.2118863049095, 537.4677002583979, 560.7235142118863, 778.6391042204996, 993.1093884582257]
a_y=[-2.8654970760233915, -2.7485380116959064, -2.9824561403508767, -2.8654970760233915, -2.8654970760233915, -0.7602339181286553, -0.5263157894736832, -2.7485380116959064, -0.6432748538011701, 0.29239766081871466, 0.29239766081871466, -1.8128654970760234, -2.0467836257309955]
d_x=[0.8613264427217916, 79.24203273040483, 167.95865633074936, 215.3316106804479, 249.78466838931956, 376.3996554694229, 713.1782945736435, 776.916451335056, 992.2480620155038]
d_y=[1.3450292397660828, 1.1111111111111107, 2.514619883040936, 3.450292397660819, 3.5672514619883042, 3.8011695906432754, 2.7485380116959064, 2.397660818713451, 1.9298245614035086]
p_x_fitting=[  2.58397933  12.61538729  22.64679526  32.67820322  42.70961119
  52.74101915  62.77242711  72.80383508  82.83524304  92.86665101
 102.89805897 112.92946693 122.9608749  132.99228286 143.02369083
 153.05509879 163.08650676 173.11791472 183.14932268 193.18073065
 203.21213861 213.24354658 223.27495454 233.30636251 243.33777047
 253.36917843 263.4005864  273.43199436 283.46340233 293.49481029
 303.52621825 313.55762622 323.58903418 333.62044215 343.65185011
 353.68325808 363.71466604 373.746074   383.77748197 393.80888993
 403.8402979  413.87170586 423.90311383 433.93452179 443.96592975
 453.99733772 464.02874568 474.06015365 484.09156161 494.12296958
 504.15437754 514.1857855  524.21719347 534.24860143 544.2800094
 554.31141736 564.34282532 574.37423329 584.40564125 594.43704922
 604.46845718 614.49986515 624.53127311 634.56268107 644.59408904
 654.625497   664.65690497 674.68831293 684.7197209  694.75112886
 704.78253682 714.81394479 724.84535275 734.87676072 744.90816868
 754.93957665 764.97098461 775.00239257 785.03380054 795.0652085
 805.09661647 815.12802443 825.15943239 835.19084036 845.22224832
 855.25365629 865.28506425 875.31647222 885.34788018 895.37928814
 905.41069611 915.44210407 925.47351204 935.50492    945.53632797
 955.56773593 965.59914389 975.63055186 985.66195982 995.69336779]
p_y_fitting=[1.52941176 1.53057931 1.53619223 1.54596918 1.55962878 1.57688967
 1.59747047 1.62108984 1.6474664  1.67631878 1.70736562 1.74032556
 1.77491723 1.81085926 1.8478703  1.88566896 1.92397389 1.96250373
 2.0009771  2.03911264 2.07662899 2.11324478 2.1483393  2.17932667
 2.20291526 2.21581252 2.21472591 2.19636287 2.15743087 2.094681
 2.00771462 1.90068987 1.77817355 1.64473244 1.50493334 1.36334305
 1.22452836 1.09305605 0.97349293 0.87007981 0.78375172 0.71352023
 0.65837305 0.61729791 0.58928253 0.57331463 0.56838194 0.57347216
 0.58757303 0.60967227 0.63875759 0.67381673 0.71383739 0.7578073
 0.80471419 0.85354577 0.90328977 0.9529339  1.00146589 1.04787346
 1.09122469 1.13127661 1.16813652 1.20191453 1.23272073 1.26066522
 1.28585807 1.3084094  1.32842928 1.34602782 1.36131511 1.37440123
 1.38539628 1.39441036 1.40155356 1.40693596 1.41066767 1.41285877
 1.41361936 1.41305953 1.41128937 1.40841898 1.40455845 1.39981787
 1.39430733 1.38813693 1.38141676 1.37425691 1.36676748 1.35905856
 1.35124023 1.3434226  1.33571576 1.32822979 1.3210748  1.31436087
 1.30819809 1.30269657 1.29796639 1.29411765]
a_x_fitting=[  2.58397933  12.58928649  22.59459365  32.59990082  42.60520798
  52.61051514  62.61582231  72.62112947  82.62643663  92.63174379
 102.63705096 112.64235812 122.64766528 132.65297245 142.65827961
 152.66358677 162.66889394 172.6742011  182.67950826 192.68481542
 202.69012259 212.69542975 222.70073691 232.70604408 242.71135124
 252.7166584  262.72196556 272.72727273 282.73257989 292.73788705
 302.74319422 312.74850138 322.75380854 332.7591157  342.76442287
 352.76973003 362.77503719 372.78034436 382.78565152 392.79095868
 402.79626585 412.80157301 422.80688017 432.81218733 442.8174945
 452.82280166 462.82810882 472.83341599 482.83872315 492.84403031
 502.84933747 512.85464464 522.8599518  532.86525896 542.87056613
 552.87587329 562.88118045 572.88648762 582.89179478 592.89710194
 602.9024091  612.90771627 622.91302343 632.91833059 642.92363776
 652.92894492 662.93425208 672.93955924 682.94486641 692.95017357
 702.95548073 712.9607879  722.96609506 732.97140222 742.97670938
 752.98201655 762.98732371 772.99263087 782.99793804 793.0032452
 803.00855236 813.01385953 823.01916669 833.02447385 843.02978101
 853.03508818 863.04039534 873.0457025  883.05100967 893.05631683
 903.06162399 913.06693115 923.07223832 933.07754548 943.08285264
 953.08815981 963.09346697 973.09877413 983.1040813  993.10938846]
a_y_fitting=[-2.86549708e+00 -2.77953767e+00 -2.71907998e+00 -2.68143568e+00
 -2.66391647e+00 -2.66383401e+00 -2.67849998e+00 -2.70522607e+00
 -2.74132395e+00 -2.78410530e+00 -2.83088179e+00 -2.87896512e+00
 -2.92566695e+00 -2.96829896e+00 -3.00417283e+00 -3.03060025e+00
 -3.04489288e+00 -3.04436242e+00 -3.02632053e+00 -2.98807889e+00
 -2.92816498e+00 -2.85191342e+00 -2.76702668e+00 -2.68120961e+00
 -2.60216704e+00 -2.53760382e+00 -2.49522481e+00 -2.48273483e+00
 -2.50783873e+00 -2.57824137e+00 -2.70164758e+00 -2.88575452e+00
 -3.12643425e+00 -3.38388104e+00 -3.61158712e+00 -3.76304469e+00
 -3.79174597e+00 -3.65118318e+00 -3.29484852e+00 -2.67697943e+00
 -1.83297446e+00 -9.51232608e-01 -2.26003951e-01  2.40573114e-01
  3.91950253e-01  1.71904382e-01 -4.75787585e-01 -1.51788401e+00
 -2.49702297e+00 -2.83029004e+00 -2.06018873e+00 -7.91414421e-01
 -6.07581002e-03  2.58433228e-01  3.11073960e-01  3.11737395e-01
  2.85441720e-01  2.46665717e-01  1.97674186e-01  1.39160732e-01
  7.18189565e-02 -3.65753517e-03 -8.65751396e-02 -1.76240253e-01
 -2.71959272e-01 -3.73038591e-01 -4.78784609e-01 -5.88503720e-01
 -7.01502321e-01 -8.17086808e-01 -9.34563578e-01 -1.05323903e+00
 -1.17241955e+00 -1.29141154e+00 -1.40952140e+00 -1.52605553e+00
 -1.64032031e+00 -1.75162215e+00 -1.85926744e+00 -1.96256258e+00
 -2.06081397e+00 -2.15332799e+00 -2.23941105e+00 -2.31836955e+00
 -2.38950987e+00 -2.45213842e+00 -2.50556159e+00 -2.54908578e+00
 -2.58201738e+00 -2.60366279e+00 -2.61332841e+00 -2.61032063e+00
 -2.59394585e+00 -2.56351046e+00 -2.51832087e+00 -2.45768346e+00
 -2.38090463e+00 -2.28729079e+00 -2.17614832e+00 -2.04678363e+00]
d_x_fitting=[8.61326443e-01 1.08753339e+01 2.08893413e+01 3.09033487e+01
 4.09173562e+01 5.09313636e+01 6.09453710e+01 7.09593785e+01
 8.09733859e+01 9.09873933e+01 1.01001401e+02 1.11015408e+02
 1.21029416e+02 1.31043423e+02 1.41057430e+02 1.51071438e+02
 1.61085445e+02 1.71099453e+02 1.81113460e+02 1.91127468e+02
 2.01141475e+02 2.11155482e+02 2.21169490e+02 2.31183497e+02
 2.41197505e+02 2.51211512e+02 2.61225520e+02 2.71239527e+02
 2.81253534e+02 2.91267542e+02 3.01281549e+02 3.11295557e+02
 3.21309564e+02 3.31323572e+02 3.41337579e+02 3.51351586e+02
 3.61365594e+02 3.71379601e+02 3.81393609e+02 3.91407616e+02
 4.01421624e+02 4.11435631e+02 4.21449639e+02 4.31463646e+02
 4.41477653e+02 4.51491661e+02 4.61505668e+02 4.71519676e+02
 4.81533683e+02 4.91547691e+02 5.01561698e+02 5.11575705e+02
 5.21589713e+02 5.31603720e+02 5.41617728e+02 5.51631735e+02
 5.61645743e+02 5.71659750e+02 5.81673757e+02 5.91687765e+02
 6.01701772e+02 6.11715780e+02 6.21729787e+02 6.31743795e+02
 6.41757802e+02 6.51771809e+02 6.61785817e+02 6.71799824e+02
 6.81813832e+02 6.91827839e+02 7.01841847e+02 7.11855854e+02
 7.21869861e+02 7.31883869e+02 7.41897876e+02 7.51911884e+02
 7.61925891e+02 7.71939899e+02 7.81953906e+02 7.91967913e+02
 8.01981921e+02 8.11995928e+02 8.22009936e+02 8.32023943e+02
 8.42037951e+02 8.52051958e+02 8.62065965e+02 8.72079973e+02
 8.82093980e+02 8.92107988e+02 9.02121995e+02 9.12136003e+02
 9.22150010e+02 9.32164017e+02 9.42178025e+02 9.52192032e+02
 9.62206040e+02 9.72220047e+02 9.82234055e+02 9.92248062e+02]
d_y_fitting=[1.34502924 1.21699428 1.12000878 1.05289036 1.01445663 1.0035252
 1.01891367 1.05943966 1.12392077 1.21117461 1.3200188  1.44927093
 1.59774863 1.76426949 1.94765113 2.14671116 2.36026719 2.58705873
 2.82040015 3.04474137 3.24371393 3.40094938 3.5012966  3.54910707
 3.56443245 3.56775974 3.57433593 3.58564327 3.600931   3.61944838
 3.64044464 3.66316903 3.6868708  3.71079917 3.73420341 3.75633274
 3.77643643 3.7937637  3.80758157 3.81756824 3.82381447 3.82642908
 3.82552091 3.82119876 3.81357146 3.80274784 3.7888367  3.77194688
 3.75218719 3.72966646 3.7044935  3.67677714 3.64662619 3.61414949
 3.57945584 3.54265408 3.50385302 3.46316148 3.42068828 3.37654225
 3.3308322  3.28366696 3.23515535 3.18540619 3.1345283  3.0826305
 3.02982161 2.97621045 2.92190585 2.86701663 2.81165159 2.75591958
 2.69994275 2.64392287 2.58809114 2.53267881 2.47791711 2.42403728
 2.37127056 2.3198482  2.27000142 2.22196148 2.17595961 2.13222706
 2.09099505 2.05249484 2.01695766 1.98461476 1.95569737 1.93043673
 1.90906408 1.89181067 1.87890773 1.8705865  1.86707823 1.86861415
 1.8754255  1.88774353 1.90579947 1.92982456]