
p_x=[0.8613264427217916, 30.146425495262704, 60.29285099052541, 86.99397071490095, 113.69509043927648, 142.1188630490956, 165.37467700258398, 221.36089577950042, 297.15762273901805, 474.59086993970715, 512.4892334194659, 526.2704565030147, 551.2489233419467, 596.0378983634797, 722.652885443583, 812.2308354866494, 862.1877691645134, 900.947459086994, 927.6485788113695, 962.9629629629629, 995.693367786391]
p_y=[1.2941176470588225, 1.6470588235294112, 3.0588235294117645, 3.0588235294117645, -0.117647058823529, -0.5882352941176467, -0.7058823529411757, -0.7058823529411757, -0.8235294117647047, -0.9411764705882355, -1.882352941176471, -2.7058823529411757, -2.9411764705882355, -2.5882352941176467, -2.4705882352941178, -2.3529411764705888, -2.7058823529411757, -2.7058823529411757, -1.0588235294117645, -0.5882352941176467, 0.117647058823529]
a_x=[5.167958656330749, 33.59173126614987, 55.12489233419466, 86.99397071490095, 108.52713178294573, 138.67355727820842, 166.23600344530576, 216.19293712316966, 302.3255813953488, 508.182601205857, 615.8484065460809, 695.0904392764859, 784.668389319552, 834.625322997416, 895.7795004306632, 917.312661498708, 934.5391903531438, 947.4590869939708, 961.2403100775194, 975.8828596037898, 996.5546942291128]
a_y=[-5.6725146198830405, -5.321637426900585, -3.6842105263157894, -3.5672514619883025, -5.789473684210527, -5.906432748538011, -5.906432748538011, -5.6725146198830405, -5.789473684210527, -6.023391812865498, -5.906432748538011, -5.789473684210527, -5.6725146198830405, -5.789473684210527, -5.6725146198830405, -5.321637426900585, -5.087719298245615, -4.269005847953215, -3.9181286549707615, -3.5672514619883025, -3.5672514619883025]
d_x=[1.7226528854435832, 31.007751937984494, 69.76744186046511, 115.41774332472008, 188.63049095607235, 220.49956933677865, 309.21619293712314, 395.3488372093023, 504.73729543496984, 539.1903531438415, 596.8992248062015, 633.0749354005169, 670.1119724375538, 700.2583979328165, 760.551248923342, 780.3617571059432, 819.1214470284239, 844.9612403100774, 881.1369509043928, 903.5314384151594, 955.2110249784669, 993.9707149009474]
d_y=[1.461988304093568, 1.8128654970760234, 1.461988304093568, -0.8771929824561404, -0.7602339181286553, -0.7602339181286553, 0.8771929824561404, 1.1111111111111107, -0.058479532163742576, 0.058479532163742576, 2.397660818713451, 2.9824561403508776, 2.514619883040936, 0.8771929824561404, 0.6432748538011701, 0.29239766081871466, 0.526315789473685, 0.526315789473685, 1.6959064327485383, 2.7485380116959064, 3.5672514619883042, 2.8654970760233924]
p_x_fitting=[8.61326443e-01 1.09101349e+01 2.09589434e+01 3.10077519e+01
 4.10565604e+01 5.11053689e+01 6.11541774e+01 7.12029859e+01
 8.12517944e+01 9.13006029e+01 1.01349411e+02 1.11398220e+02
 1.21447028e+02 1.31495837e+02 1.41544645e+02 1.51593454e+02
 1.61642262e+02 1.71691071e+02 1.81739879e+02 1.91788688e+02
 2.01837496e+02 2.11886305e+02 2.21935113e+02 2.31983922e+02
 2.42032730e+02 2.52081539e+02 2.62130347e+02 2.72179156e+02
 2.82227964e+02 2.92276773e+02 3.02325581e+02 3.12374390e+02
 3.22423198e+02 3.32472007e+02 3.42520815e+02 3.52569624e+02
 3.62618432e+02 3.72667241e+02 3.82716049e+02 3.92764858e+02
 4.02813666e+02 4.12862475e+02 4.22911283e+02 4.32960092e+02
 4.43008900e+02 4.53057709e+02 4.63106517e+02 4.73155326e+02
 4.83204134e+02 4.93252943e+02 5.03301751e+02 5.13350560e+02
 5.23399368e+02 5.33448177e+02 5.43496985e+02 5.53545794e+02
 5.63594602e+02 5.73643411e+02 5.83692219e+02 5.93741028e+02
 6.03789836e+02 6.13838645e+02 6.23887453e+02 6.33936262e+02
 6.43985070e+02 6.54033879e+02 6.64082687e+02 6.74131496e+02
 6.84180304e+02 6.94229113e+02 7.04277921e+02 7.14326730e+02
 7.24375538e+02 7.34424347e+02 7.44473155e+02 7.54521964e+02
 7.64570772e+02 7.74619581e+02 7.84668389e+02 7.94717198e+02
 8.04766006e+02 8.14814815e+02 8.24863623e+02 8.34912432e+02
 8.44961240e+02 8.55010049e+02 8.65058857e+02 8.75107666e+02
 8.85156474e+02 8.95205283e+02 9.05254091e+02 9.15302900e+02
 9.25351708e+02 9.35400517e+02 9.45449325e+02 9.55498134e+02
 9.65546942e+02 9.75595751e+02 9.85644559e+02 9.95693368e+02]
p_y_fitting=[ 1.29411765  1.19763667  1.34879349  1.68095643  2.12749382  2.62177398
  3.09714147  3.4387499   3.38242905  2.64727438  1.3521539   0.09772423
 -0.56137754 -0.67622828 -0.59188458 -0.59374466 -0.67462798 -0.74496532
 -0.77387993 -0.77240584 -0.75248154 -0.72604553 -0.70503582 -0.69837647
 -0.70482906 -0.72101547 -0.74355761 -0.76907735 -0.79419661 -0.81553726
 -0.82982828 -0.83610362 -0.83561795 -0.82971611 -0.81974293 -0.80704328
 -0.79296199 -0.77884391 -0.76603389 -0.75587678 -0.74971741 -0.74890065
 -0.75477133 -0.76867429 -0.7919544  -0.82595648 -0.8720254  -0.931506
 -1.01235856 -1.16336926 -1.44888282 -1.93321452 -2.5588571  -2.93235988
 -2.99541338 -2.92096097 -2.83274733 -2.74767155 -2.66945541 -2.60182073
 -2.54806842 -2.50808681 -2.48010791 -2.46235283 -2.45304263 -2.45039842
 -2.45264126 -2.45799226 -2.46467248 -2.47090301 -2.47490495 -2.47489937
 -2.46911057 -2.45677622 -2.43958469 -2.41958748 -2.39883611 -2.37938211
 -2.36327698 -2.35257223 -2.34931939 -2.3555881  -2.37549369 -2.41704745
 -2.48869772 -2.59889283 -2.75562458 -2.92710788 -3.01147726 -2.89973369
 -2.48772569 -1.83145086 -1.17991162 -0.76587626 -0.59731299 -0.57308464
 -0.59133283 -0.55019919 -0.34782535  0.11764706]
a_x_fitting=[  5.16795866  15.18196609  25.19597352  35.20998095  45.22398838
  55.23799581  65.25200324  75.26601067  85.2800181   95.29402553
 105.30803296 115.32204039 125.33604782 135.35005525 145.36406268
 155.37807011 165.39207754 175.40608497 185.4200924  195.43409983
 205.44810726 215.46211469 225.47612212 235.49012955 245.50413698
 255.51814441 265.53215184 275.54615927 285.5601667  295.57417413
 305.58818156 315.60218899 325.61619642 335.63020385 345.64421128
 355.65821871 365.67222614 375.68623357 385.700241   395.71424843
 405.72825586 415.74226329 425.75627072 435.77027815 445.78428558
 455.79829301 465.81230044 475.82630787 485.8403153  495.85432273
 505.86833016 515.88233759 525.89634502 535.91035245 545.92435988
 555.93836731 565.95237474 575.96638217 585.9803896  595.99439703
 606.00840446 616.02241189 626.03641932 636.05042675 646.06443418
 656.07844161 666.09244904 676.10645647 686.1204639  696.13447133
 706.14847876 716.16248619 726.17649362 736.19050105 746.20450848
 756.21851591 766.23252334 776.24653077 786.2605382  796.27454563
 806.28855306 816.30256049 826.31656792 836.33057535 846.34458278
 856.35859021 866.37259764 876.38660507 886.4006125  896.41461993
 906.42862736 916.44263479 926.45664222 936.47064965 946.48465708
 956.49866451 966.51267194 976.52667937 986.5406868  996.55469423]
a_y_fitting=[-5.67251462 -6.04103732 -5.81537334 -5.20587334 -4.42288796 -3.67676784
 -3.16550014 -3.03926544 -3.43669088 -4.41859965 -5.52121051 -6.11635104
 -6.15839586 -5.96623278 -5.84350189 -5.85312923 -5.90334104 -5.91412974
 -5.8793092  -5.81641673 -5.74300083 -5.67661001 -5.63200613 -5.61006721
 -5.60735568 -5.62043263 -5.64585914 -5.6801963  -5.7200052  -5.76184693
 -5.80230317 -5.83926226 -5.87267898 -5.90269075 -5.92943501 -5.95304921
 -5.97367077 -5.99143714 -6.00648575 -6.01895405 -6.02897945 -6.03669941
 -6.04225136 -6.04577274 -6.04740098 -6.04727353 -6.0455278  -6.04230126
 -6.03773133 -6.03195544 -6.02511104 -6.01733105 -6.00871151 -5.99933041
 -5.98926565 -5.97859511 -5.96739667 -5.95574821 -5.94372762 -5.93141277
 -5.91888156 -5.90621185 -5.89343722 -5.88042288 -5.86699412 -5.85297622
 -5.83819449 -5.8224742  -5.80564063 -5.78751929 -5.76817696 -5.74838855
 -5.72905821 -5.71109008 -5.69538828 -5.68285698 -5.67440031 -5.6709224
 -5.67332717 -5.68242835 -5.69881379 -5.72303649 -5.75564949 -5.7971931
 -5.84413684 -5.88307348 -5.89912694 -5.87742116 -5.80308006 -5.66123371
 -5.46591569 -5.32681645 -5.29157901 -4.98453185 -4.32140844 -3.99729197
 -3.80273475 -3.55259592 -3.41392384 -3.56725146]
d_x_fitting=[  1.72265289  11.74536058  21.76806828  31.79077598  41.81348367
  51.83619137  61.85889907  71.88160677  81.90431446  91.92702216
 101.94972986 111.97243755 121.99514525 132.01785295 142.04056065
 152.06326834 162.08597604 172.10868374 182.13139143 192.15409913
 202.17680683 212.19951453 222.22222222 232.24492992 242.26763762
 252.29034531 262.31305301 272.33576071 282.3584684  292.3811761
 302.4038838  312.4265915  322.44929919 332.47200689 342.49471459
 352.51742228 362.54012998 372.56283768 382.58554538 392.60825307
 402.63096077 412.65366847 422.67637616 432.69908386 442.72179156
 452.74449926 462.76720695 472.78991465 482.81262235 492.83533004
 502.85803774 512.88074544 522.90345314 532.92616083 542.94886853
 552.97157623 562.99428392 573.01699162 583.03969932 593.06240702
 603.08511471 613.10782241 623.13053011 633.1532378  643.1759455
 653.1986532  663.2213609  673.24406859 683.26677629 693.28948399
 703.31219168 713.33489938 723.35760708 733.38031478 743.40302247
 753.42573017 763.44843787 773.47114556 783.49385326 793.51656096
 803.53926866 813.56197635 823.58468405 833.60739175 843.63009944
 853.65280714 863.67551484 873.69822254 883.72093023 893.74363793
 903.76634563 913.78905332 923.81176102 933.83446872 943.85717642
 953.87988411 963.90259181 973.92529951 983.9480072  993.9707149 ]
d_y_fitting=[ 1.4619883   1.57382485  1.70550355  1.82039135  1.88185518  1.85326197
  1.69797866  1.37956309  0.89692799  0.32549113 -0.24933664 -0.74214449
 -1.07335626 -1.23385384 -1.26125654 -1.19402226 -1.07060887 -0.92947427
 -0.80907634 -0.74723767 -0.7482249  -0.76675881 -0.75362651 -0.67607423
 -0.5411024  -0.36159403 -0.15043212  0.07950034  0.31532034  0.5441449
  0.753091    0.9293623   1.0658843   1.16476583  1.22894362  1.2613544
  1.26493489  1.24262183  1.19735194  1.13206194  1.04969584  0.95326615
  0.84582303  0.73041698  0.61009853  0.48791821  0.36692653  0.25017403
  0.14071122  0.04158864 -0.04414321 -0.11009024 -0.12611568 -0.05180863
  0.15250485  0.49125468  0.91996717  1.39056644  1.8549766   2.26512176
  2.57581392  2.78226627  2.90941567  2.98288805  3.01420757  2.95979769
  2.76262582  2.36680441  1.79669897  1.2082072   0.76827983  0.55897314
  0.52024849  0.57852755  0.66023198  0.69178345  0.60064832  0.40276169
  0.26716398  0.2834934   0.38577764  0.49362018  0.52945535  0.50117997
  0.51527037  0.66773463  0.95922942  1.35510972  1.82057797  2.31015317
  2.75804542  3.10958885  3.36006984  3.51641468  3.58554967  3.5744011
  3.48989527  3.33895846  3.12851696  2.86549708]