
p_x=[3.4453057708871664, 65.46080964685616, 111.9724375538329, 185.18518518518516, 279.93109388458225, 375.53832902670115, 472.0068906115418, 515.0732127476314, 549.5262704565031, 583.1180017226529, 621.8776916451335, 652.885443583118, 707.1490094745909, 791.5590008613265, 886.3049095607234, 996.5546942291128]
p_y=[-1.4117647058823515, -1.5294117647058805, 0.47058823529411775, 1.2941176470588225, 3.4117647058823533, 3.1764705882352935, 2.9411764705882346, 2.8235294117647056, 2.7058823529411766, -0.5882352941176467, -0.35294117647058876, 1.4117647058823533, 1.2941176470588225, 1.0588235294117645, 0.5882352941176467, -0.35294117647058876]
a_x=[5.167958656330749, 77.51937984496124, 214.4702842377261, 263.56589147286826, 273.90180878552974, 297.15762273901805, 320.4134366925064, 345.3919035314384, 408.2687338501292, 437.55383290267014, 452.1963824289406, 494.40137812230836, 531.4384151593454, 564.1688199827735, 591.7312661498709, 609.8191214470285, 630.4909560723514, 672.6959517657192, 717.4849267872524, 770.0258397932816, 830.318690783807, 855.2971576227391, 879.4142980189492, 905.254091300603, 935.4005167958657, 962.1016365202412, 988.8027562446167]
a_y=[-5.204678362573098, -4.619883040935672, -3.450292397660819, -1.578947368421053, -0.7602339181286553, 1.3450292397660828, 2.397660818713451, 2.7485380116959064, 2.0467836257309946, -0.6432748538011701, -1.6959064327485365, 1.9298245614035086, 3.2163742690058488, 3.450292397660819, 3.5672514619883042, 0.1754385964912295, 2.0467836257309946, 4.269005847953217, 4.502923976608187, 3.6842105263157894, 3.9181286549707606, 4.269005847953217, 3.9181286549707606, -0.9941520467836256, -0.7602339181286553, -0.1754385964912295, -0.6432748538011701]
d_x=[6.029285099052541, 124.03100775193798, 205.85701981050818, 275.62446167097335, 304.90956072351423, 369.50904392764863, 430.6632213608958, 447.8897502153316, 534.0223944875107, 583.1180017226529, 642.5495262704565, 736.4341085271318, 801.0335917312663, 913.0060292850991, 995.693367786391]
d_y=[-1.578947368421053, -0.9941520467836256, -0.2923976608187129, 0.8771929824561404, 3.5672514619883042, 4.619883040935672, 4.035087719298246, 2.0467836257309946, 4.736842105263158, 2.1637426900584797, 4.619883040935672, 4.152046783625732, 3.5672514619883042, 0.058479532163742576, 0.1754385964912295]
p_x_fitting=[  3.44530577  13.47671374  23.5081217   33.53952966  43.57093763
  53.60234559  63.63375356  73.66516152  83.69656948  93.72797745
 103.75938541 113.79079338 123.82220134 133.85360931 143.88501727
 153.91642523 163.9478332  173.97924116 184.01064913 194.04205709
 204.07346506 214.10487302 224.13628098 234.16768895 244.19909691
 254.23050488 264.26191284 274.2933208  284.32472877 294.35613673
 304.3875447  314.41895266 324.45036063 334.48176859 344.51317655
 354.54458452 364.57599248 374.60740045 384.63880841 394.67021638
 404.70162434 414.7330323  424.76444027 434.79584823 444.8272562
 454.85866416 464.89007213 474.92148009 484.95288805 494.98429602
 505.01570398 515.04711195 525.07851991 535.10992787 545.14133584
 555.1727438  565.20415177 575.23555973 585.2669677  595.29837566
 605.32978362 615.36119159 625.39259955 635.42400752 645.45541548
 655.48682345 665.51823141 675.54963937 685.58104734 695.6124553
 705.64386327 715.67527123 725.7066792  735.73808716 745.76949512
 755.80090309 765.83231105 775.86371902 785.89512698 795.92653494
 805.95794291 815.98935087 826.02075884 836.0521668  846.08357477
 856.11498273 866.14639069 876.17779866 886.20920662 896.24061459
 906.27202255 916.30343052 926.33483848 936.36624644 946.39765441
 956.42906237 966.46047034 976.4918783  986.52328626 996.55469423]
p_y_fitting=[-1.41176471 -1.96655604 -2.26196655 -2.33573419 -2.22559693 -1.96929274
 -1.60455958 -1.16913542 -0.70075822 -0.23716595  0.18390342  0.52477283
  0.76437533  0.92070987  1.01738691  1.07801691  1.12621035  1.18557768
  1.27972937  1.42809367  1.62626355  1.86140047  2.12065615  2.39118229
  2.6601306   2.91465278  3.14190055  3.32902561  3.46348093  3.54217559
  3.57313725  3.56503003  3.52651804  3.46626539  3.3929362   3.31519459
  3.24170467  3.18113056  3.14038885  3.11714941  3.10603508  3.10166685
  3.09866571  3.09165264  3.07524862  3.04407465  2.99275171  2.91608012
  2.82385895  2.751969    2.73890203  2.82314976  3.00203764  3.10693552
  2.92739926  2.26921511  1.2206715   0.10977545 -0.72858888 -1.08850321
 -1.04057513 -0.69114953 -0.14667776  0.48071894  1.07052155  1.50204614
  1.71137724  1.74206982  1.64964684  1.48963126  1.31754604  1.18242232
  1.09232236  1.03937007  1.01565362  1.01326121  1.02428103  1.04080126
  1.05491009  1.05882012  1.04870448  1.02542489  0.99011444  0.94390618
  0.8879332   0.82332855  0.75122532  0.67275657  0.58905537  0.5012548
  0.41048792  0.3178878   0.22458752  0.13172014  0.04041874 -0.04818362
 -0.13295386 -0.21275891 -0.28646571 -0.35294118]
a_x_fitting=[  5.16795866  15.10366368  25.03936871  34.97507373  44.91077876
  54.84648379  64.78218881  74.71789384  84.65359887  94.58930389
 104.52500892 114.46071394 124.39641897 134.332124   144.26782902
 154.20353405 164.13923907 174.0749441  184.01064913 193.94635415
 203.88205918 213.81776421 223.75346923 233.68917426 243.62487928
 253.56058431 263.49628934 273.43199436 283.36769939 293.30340441
 303.23910944 313.17481447 323.11051949 333.04622452 342.98192955
 352.91763457 362.8533396  372.78904462 382.72474965 392.66045468
 402.5961597  412.53186473 422.46756975 432.40327478 442.33897981
 452.27468483 462.21038986 472.14609489 482.08179991 492.01750494
 501.95320996 511.88891499 521.82462002 531.76032504 541.69603007
 551.63173509 561.56744012 571.50314515 581.43885017 591.3745552
 601.31026022 611.24596525 621.18167028 631.1173753  641.05308033
 650.98878536 660.92449038 670.86019541 680.79590043 690.73160546
 700.66731049 710.60301551 720.53872054 730.47442556 740.41013059
 750.34583562 760.28154064 770.21724567 780.1529507  790.08865572
 800.02436075 809.96006577 819.8957708  829.83147583 839.76718085
 849.70288588 859.6385909  869.57429593 879.51000096 889.44570598
 899.38141101 909.31711604 919.25282106 929.18852609 939.12423111
 949.05993614 958.99564117 968.93134619 978.86705122 988.80275624]
a_y_fitting=[-5.20467836 -5.081351   -4.97543893 -4.88482991 -4.80741168 -4.74107198
 -4.68369857 -4.6331792  -4.5874016  -4.54425353 -4.50162274 -4.45739696
 -4.40946396 -4.35571147 -4.29402725 -4.22229904 -4.13841459 -4.04026165
 -3.92572795 -3.79270127 -3.63906932 -3.46271988 -3.25758621 -2.99832958
 -2.65374905 -2.19264233 -1.5838071  -0.80160778  0.12794048  1.03972252
  1.74082237  2.18941555  2.45631664  2.61204526  2.72164445  2.84129315
  2.9568763   3.01881833  2.97727184  2.78238938  2.38432355  1.73543832
  0.86095538 -0.12621364 -1.09872496 -1.69761813 -1.48162735 -0.62574544
  0.54176212  1.69262984  2.52874143  3.00575707  3.20643351  3.21447638
  3.12984371  3.11148864  3.33174617  3.89385297  4.27531462  3.62084403
  1.58322662  0.09050139  0.66916752  2.13446827  3.2186098   3.8309483
  4.12430681  4.2515084   4.34952527  4.44374781  4.51165288  4.53053286
  4.4779403   4.35041124  4.17602849  3.98585272  3.81094462  3.68236483
  3.62287723  3.62392161  3.66954655  3.74380066  3.83073253  3.91439075
  3.99321701  4.13236315  4.40562785  4.55012213  3.90600286  2.10058873
 -0.03417966 -1.39313327 -1.58505972 -1.12467494 -0.57965758 -0.26983698
 -0.17093478 -0.2333046  -0.40730008 -0.64327485]
d_x_fitting=[  6.0292851   16.02589199  26.02249889  36.01910579  46.01571268
  56.01231958  66.00892647  76.00553337  86.00214027  95.99874716
 105.99535406 115.99196095 125.98856785 135.98517474 145.98178164
 155.97838854 165.97499543 175.97160233 185.96820922 195.96481612
 205.96142302 215.95802991 225.95463681 235.9512437  245.9478506
 255.94445749 265.94106439 275.93767129 285.93427818 295.93088508
 305.92749197 315.92409887 325.92070577 335.91731266 345.91391956
 355.91052645 365.90713335 375.90374024 385.90034714 395.89695404
 405.89356093 415.89016783 425.88677472 435.88338162 445.87998852
 455.87659541 465.87320231 475.8698092  485.8664161  495.86302299
 505.85962989 515.85623679 525.85284368 535.84945058 545.84605747
 555.84266437 565.83927127 575.83587816 585.83248506 595.82909195
 605.82569885 615.82230574 625.81891264 635.81551954 645.81212643
 655.80873333 665.80534022 675.80194712 685.79855402 695.79516091
 705.79176781 715.7883747  725.7849816  735.78158849 745.77819539
 755.77480229 765.77140918 775.76801608 785.76462297 795.76122987
 805.75783677 815.75444366 825.75105056 835.74765745 845.74426435
 855.74087124 865.73747814 875.73408504 885.73069193 895.72729883
 905.72390572 915.72051262 925.71711952 935.71372641 945.71033331
 955.7069402  965.7035471  975.70015399 985.69676089 995.69336779]
d_y_fitting=[-1.57894737 -1.74761797 -1.85690892 -1.9126297  -1.92058973 -1.88659849
 -1.81646542 -1.71599999 -1.59101163 -1.4473098  -1.29070397 -1.12700358
 -0.96201809 -0.80155694 -0.65142961 -0.51744552 -0.40541415 -0.32114495
 -0.27044736 -0.25913085 -0.29300485 -0.3683397  -0.44442606 -0.47159488
 -0.4001771  -0.18050368  0.23709445  0.90228497  1.81589096  2.80086645
  3.63974148  4.18054215  4.4648692   4.56991326  4.57286496  4.55091492
  4.58125375  4.73273432  4.96714032  5.17203585  5.23349502  5.03759192
  4.47040066  3.43732901  2.24533361  1.50950256  1.33452267  1.58898912
  2.14036857  2.85612768  3.60373312  4.25065157  4.66434967  4.71261384
  4.3486084   3.72545088  3.02484402  2.42849056  2.1171452   2.17800991
  2.52698937  3.06168458  3.67969652  4.27862618  4.75682331  5.05989915
  5.20809675  5.22824272  5.14716365  4.99168613  4.78863677  4.56484216
  4.34712889  4.16232358  4.03098645  3.94317567  3.87968225  3.82129505
  3.74880294  3.64299479  3.48516306  3.2698223   3.0056896   2.70218207
  2.3687168   2.0147109   1.64958147  1.28274561  0.92362043  0.58162301
  0.26617047 -0.0133201  -0.24743159 -0.4267469  -0.54184894 -0.5833206
 -0.54174477 -0.40770437 -0.17178228  0.1754386 ]