
p_x=[0.8613264427217916, 18.08785529715762, 36.17571059431524, 53.402239448751075, 72.35142118863048, 93.02325581395348, 105.08182601205857, 116.27906976744185, 129.19896640826872, 147.28682170542638, 167.09732988802756, 273.04048234280793, 771.7484926787253, 996.5546942291128]
p_y=[-1.1764705882352935, -1.1764705882352935, -1.0588235294117645, 0.9411764705882355, 1.2941176470588225, 1.1764705882352935, 1.1764705882352935, 0.9411764705882355, -0.7058823529411757, -0.9411764705882355, -0.9411764705882355, -1.1764705882352935, -1.1764705882352935, -0.9411764705882355]
a_x=[1.7226528854435832, 43.927648578811365, 93.02325581395348, 165.37467700258398, 174.84926787252368, 191.2144702842377, 207.57967269595176, 223.083548664944, 258.39793281653743, 299.74160206718346, 403.96210163652023, 497.8466838931955, 603.7898363479759, 850.99052540913, 987.941429801895, 997.4160206718346]
a_y=[-5.906432748538011, -5.789473684210527, -5.789473684210527, -6.374269005847953, -6.140350877192983, -4.853801169590643, -5.087719298245615, -6.140350877192983, -6.491228070175438, -6.257309941520468, -6.140350877192983, -6.140350877192983, -6.140350877192983, -6.023391812865498, -6.140350877192983, -6.140350877192983]
d_x=[0.0, 15.503875968992247, 25.839793281653744, 33.59173126614987, 42.20499569336779, 49.956933677863915, 60.29285099052541, 72.35142118863048, 99.91386735572783, 109.38845822566753, 120.58570198105082, 130.92161929371233, 141.25753660637383, 164.51335055986218, 229.97416020671835, 292.85099052540914, 336.77863910422053, 352.2825150732127, 366.9250645994832, 380.70628768303186, 391.90353143841514, 403.1007751937984, 448.7510766580534, 476.3135228251507, 533.161068044789, 568.4754521963824, 608.0964685615849, 641.6881998277347, 690.7838070628768, 739.8794142980189, 763.1352282515073, 774.3324720068906, 787.2523686477175, 810.5081826012058, 827.7347114556417, 844.9612403100774, 894.9181739879414, 953.4883720930233, 996.5546942291128]
d_y=[-1.4619883040935662, -1.578947368421053, -1.4619883040935662, -1.4619883040935662, -1.4619883040935662, 0.7602339181286553, 1.3450292397660828, 1.2280701754385976, 1.1111111111111107, 0.9941520467836256, -1.4619883040935662, -1.6959064327485365, -1.578947368421053, -1.4619883040935662, -1.4619883040935662, -1.3450292397660828, -1.2280701754385959, -1.2280701754385959, -0.9941520467836256, 1.6959064327485383, 1.8128654970760234, 1.9298245614035086, 1.6959064327485383, 1.8128654970760234, 0.9941520467836256, -1.1111111111111107, -0.8771929824561404, -1.1111111111111107, -1.1111111111111107, -1.1111111111111107, -1.2280701754385959, -1.3450292397660828, -1.2280701754385959, 0.8771929824561404, 0.9941520467836256, 1.1111111111111107, 0.9941520467836256, 0.9941520467836256, 0.8771929824561404]
p_x_fitting=[8.61326443e-01 1.09188352e+01 2.09763440e+01 3.10338527e+01
 4.10913615e+01 5.11488703e+01 6.12063790e+01 7.12638878e+01
 8.13213966e+01 9.13789053e+01 1.01436414e+02 1.11493923e+02
 1.21551432e+02 1.31608940e+02 1.41666449e+02 1.51723958e+02
 1.61781467e+02 1.71838975e+02 1.81896484e+02 1.91953993e+02
 2.02011502e+02 2.12069011e+02 2.22126519e+02 2.32184028e+02
 2.42241537e+02 2.52299046e+02 2.62356554e+02 2.72414063e+02
 2.82471572e+02 2.92529081e+02 3.02586589e+02 3.12644098e+02
 3.22701607e+02 3.32759116e+02 3.42816624e+02 3.52874133e+02
 3.62931642e+02 3.72989151e+02 3.83046660e+02 3.93104168e+02
 4.03161677e+02 4.13219186e+02 4.23276695e+02 4.33334203e+02
 4.43391712e+02 4.53449221e+02 4.63506730e+02 4.73564238e+02
 4.83621747e+02 4.93679256e+02 5.03736765e+02 5.13794273e+02
 5.23851782e+02 5.33909291e+02 5.43966800e+02 5.54024309e+02
 5.64081817e+02 5.74139326e+02 5.84196835e+02 5.94254344e+02
 6.04311852e+02 6.14369361e+02 6.24426870e+02 6.34484379e+02
 6.44541887e+02 6.54599396e+02 6.64656905e+02 6.74714414e+02
 6.84771922e+02 6.94829431e+02 7.04886940e+02 7.14944449e+02
 7.25001958e+02 7.35059466e+02 7.45116975e+02 7.55174484e+02
 7.65231993e+02 7.75289501e+02 7.85347010e+02 7.95404519e+02
 8.05462028e+02 8.15519536e+02 8.25577045e+02 8.35634554e+02
 8.45692063e+02 8.55749572e+02 8.65807080e+02 8.75864589e+02
 8.85922098e+02 8.95979607e+02 9.06037115e+02 9.16094624e+02
 9.26152133e+02 9.36209642e+02 9.46267150e+02 9.56324659e+02
 9.66382168e+02 9.76439677e+02 9.86497185e+02 9.96554694e+02]
p_y_fitting=[-1.17647059 -0.99168231 -1.26182023 -1.32297738 -0.55075869  0.72060778
  1.3262719   1.3067994   1.22101542  1.18145746  1.16298886  1.17321815
  0.31188923 -0.90085534 -1.05263594 -0.88833384 -0.90035958 -0.97695768
 -1.04140052 -1.0916189  -1.12924195 -1.15589879 -1.17321852 -1.18283029
 -1.18636319 -1.18544636 -1.1817089  -1.17677995 -1.17206191 -1.16786364
 -1.16416467 -1.16094447 -1.15818249 -1.15585822 -1.15395112 -1.15244065
 -1.15130627 -1.15052747 -1.1500837  -1.14995444 -1.15011914 -1.15055728
 -1.15124832 -1.15217173 -1.15330698 -1.15463353 -1.15613085 -1.15777841
 -1.15955567 -1.1614421  -1.16341717 -1.16546035 -1.1675511  -1.16966888
 -1.17179318 -1.17390344 -1.17597915 -1.17799976 -1.17994475 -1.18179357
 -1.18352571 -1.18512062 -1.18655777 -1.18781662 -1.18887666 -1.18971733
 -1.19031812 -1.19065848 -1.19071789 -1.1904758  -1.18991169 -1.18900503
 -1.18773528 -1.1860819  -1.18402437 -1.18154215 -1.17861471 -1.17522152
 -1.17134203 -1.16695573 -1.16204207 -1.15658053 -1.15055057 -1.14393165
 -1.13670325 -1.12884483 -1.12033586 -1.11115581 -1.10128413 -1.09070031
 -1.0793838  -1.06731407 -1.05447059 -1.04083283 -1.02638026 -1.01109233
 -0.99494852 -0.9779283  -0.96001112 -0.94117647]
a_x_fitting=[  1.72265289  11.78016165  21.83767042  31.89517918  41.95268795
  52.01019671  62.06770548  72.12521424  82.18272301  92.24023178
 102.29774054 112.35524931 122.41275807 132.47026684 142.5277756
 152.58528437 162.64279313 172.7003019  182.75781066 192.81531943
 202.8728282  212.93033696 222.98784573 233.04535449 243.10286326
 253.16037202 263.21788079 273.27538955 283.33289832 293.39040709
 303.44791585 313.50542462 323.56293338 333.62044215 343.67795091
 353.73545968 363.79296844 373.85047721 383.90798598 393.96549474
 404.02300351 414.08051227 424.13802104 434.1955298  444.25303857
 454.31054733 464.3680561  474.42556486 484.48307363 494.5405824
 504.59809116 514.65559993 524.71310869 534.77061746 544.82812622
 554.88563499 564.94314375 575.00065252 585.05816129 595.11567005
 605.17317882 615.23068758 625.28819635 635.34570511 645.40321388
 655.46072264 665.51823141 675.57574018 685.63324894 695.69075771
 705.74826647 715.80577524 725.863284   735.92079277 745.97830153
 756.0358103  766.09331906 776.15082783 786.2083366  796.26584536
 806.32335413 816.38086289 826.43837166 836.49588042 846.55338919
 856.61089795 866.66840672 876.72591549 886.78342425 896.84093302
 906.89844178 916.95595055 927.01345931 937.07096808 947.12847684
 957.18598561 967.24349438 977.30100314 987.35851191 997.41602067]
a_y_fitting=[-5.90643275 -5.90503216 -5.88089532 -5.84245405 -5.79814016 -5.75638549
 -5.72562185 -5.71428107 -5.73079497 -5.78359538 -5.87760021 -5.99995932
 -6.13221958 -6.25592579 -6.35262271 -6.40385513 -6.39116782 -6.23925364
 -5.51043266 -4.78701201 -4.84870498 -5.44836998 -6.13498321 -6.5160868
 -6.61124842 -6.54642608 -6.44514788 -6.36920258 -6.31520309 -6.27664446
 -6.24707242 -6.22242623 -6.20202379 -6.18543813 -6.17224226 -6.16200919
 -6.15431195 -6.14872354 -6.14481698 -6.14216528 -6.14034147 -6.13898718
 -6.1380136  -6.13739813 -6.13711812 -6.13715097 -6.13747404 -6.13806471
 -6.13890036 -6.13995837 -6.14121114 -6.14257435 -6.14392753 -6.14514961
 -6.14611952 -6.14671621 -6.1468186  -6.14630564 -6.14505626 -6.14294941
 -6.13986411 -6.13573797 -6.13066462 -6.1247634  -6.11815364 -6.11095467
 -6.10328583 -6.09526645 -6.08701587 -6.07865342 -6.07029843 -6.06207024
 -6.05408818 -6.04647159 -6.0393398  -6.03281214 -6.02700795 -6.02204657
 -6.01804732 -6.01512954 -6.01341256 -6.01301573 -6.01405837 -6.01665981
 -6.0209394  -6.0270036  -6.03473132 -6.04380623 -6.05390573 -6.06470717
 -6.07588794 -6.0871254  -6.09809693 -6.1084799  -6.11795169 -6.12618966
 -6.13287119 -6.13767366 -6.14027443 -6.14035088]
d_x_fitting=[  0.          10.06620903  20.13241807  30.1986271   40.26483613
  50.33104516  60.3972542   70.46346323  80.52967226  90.59588129
 100.66209033 110.72829936 120.79450839 130.86071742 140.92692646
 150.99313549 161.05934452 171.12555355 181.19176259 191.25797162
 201.32418065 211.39038968 221.45659872 231.52280775 241.58901678
 251.65522582 261.72143485 271.78764388 281.85385291 291.92006195
 301.98627098 312.05248001 322.11868904 332.18489808 342.25110711
 352.31731614 362.38352517 372.44973421 382.51594324 392.58215227
 402.6483613  412.71457034 422.78077937 432.8469884  442.91319744
 452.97940647 463.0456155  473.11182453 483.17803357 493.2442426
 503.31045163 513.37666066 523.4428697  533.50907873 543.57528776
 553.64149679 563.70770583 573.77391486 583.84012389 593.90633292
 603.97254196 614.03875099 624.10496002 634.17116905 644.23737809
 654.30358712 664.36979615 674.43600519 684.50221422 694.56842325
 704.63463228 714.70084132 724.76705035 734.83325938 744.89946841
 754.96567745 765.03188648 775.09809551 785.16430454 795.23051358
 805.29672261 815.36293164 825.42914067 835.49534971 845.56155874
 855.62776777 865.69397681 875.76018584 885.82639487 895.8926039
 905.95881294 916.02502197 926.091231   936.15744003 946.22364907
 956.2898581  966.35606713 976.42227616 986.4884852  996.55469423]
d_y_fitting=[-1.4619883  -1.57434915 -1.54802563 -1.39522151 -1.68163734  0.84510095
  1.34269899  1.24329143  1.10131505  0.97248498  1.13966648  0.77671077
 -1.4924924  -1.69762915 -1.58015466 -1.53232492 -1.47776823 -1.43995217
 -1.42449606 -1.4251972  -1.4356417  -1.44941566 -1.46010521 -1.46130324
 -1.44944657 -1.42820304 -1.40237273 -1.37675576 -1.35615222 -1.34536223
 -1.34636076 -1.3461886  -1.32697005 -1.27082641 -1.17091909 -1.22898391
 -1.37481024  0.08253753  1.85254797  1.80302626  1.92125822  2.02169442
  1.97829166  1.86109233  1.74015441  1.68413178  1.71304441  1.7869769
  1.86273495  1.90170638  1.8681169   1.72623446  1.440327    0.97466385
  0.33031205 -0.35895317 -0.92945026 -1.22471971 -1.23552227 -1.09005311
 -0.92176945 -0.85720558 -0.91523136 -1.02969989 -1.13237804 -1.18172556
 -1.18758463 -1.16563733 -1.13156577 -1.10090663 -1.08265076 -1.07672948
 -1.08240929 -1.09895667 -1.12594651 -1.17009041 -1.24521445 -1.35394196
 -1.31479145 -0.57602685  0.48324605  1.0416614   1.01293498  1.01237594
  1.1166122   1.16791503  1.15779398  1.1093327   1.04561484  0.98971959
  0.95825468  0.94841774  0.95378266  0.96792328  0.98441346  0.99682707
  0.99873797  0.98372001  0.94534706  0.87719298]