
p_x=[2.5839793281653747, 94.74590869939708, 483.2041343669251, 799.3109388458226, 999.1386735572783]
p_y=[-0.9411764705882355, -0.7058823529411757, -0.8235294117647047, -0.5882352941176467, -0.7058823529411757]
a_x=[2.5839793281653747, 31.007751937984494, 62.01550387596899, 101.63652024117141, 139.53488372093022, 172.26528854435833, 207.57967269595176, 234.28079242032732, 283.3763996554694, 342.80792420327305, 428.0792420327304, 469.4229112833764, 498.7080103359173, 517.6571920757967, 546.0809646856159, 566.7527993109388, 621.0163652024117, 682.1705426356589, 810.5081826012058, 995.693367786391]
a_y=[-6.374269005847953, -6.374269005847953, -6.257309941520468, -6.257309941520468, -6.140350877192983, -3.8011695906432745, -3.6842105263157894, -5.204678362573098, -5.087719298245615, -5.321637426900585, -5.321637426900585, -4.853801169590643, -5.321637426900585, -6.6081871345029235, -6.842105263157894, -5.204678362573098, -5.087719298245615, -5.438596491228068, -5.087719298245615, -4.970760233918128]
d_x=[4.3066322136089585, 93.02325581395348, 155.90008613264428, 236.0034453057709, 298.01894918173986, 317.82945736434107, 334.1946597760551, 360.89577950043065, 368.64771748492683, 373.81567614125754, 446.167097329888, 540.0516795865633, 782.9457364341084, 999.1386735572783]
d_y=[1.1111111111111107, 1.9298245614035086, 2.0467836257309946, 2.280701754385966, 2.280701754385966, 2.7485380116959064, 3.0994152046783627, 2.9824561403508776, 2.514619883040936, 2.1637426900584797, 2.0467836257309946, 1.9298245614035086, 1.6959064327485383, 1.3450292397660828]
p_x_fitting=[  2.58397933  12.65018836  22.71639739  32.78260643  42.84881546
  52.91502449  62.98123352  73.04744256  83.11365159  93.17986062
 103.24606965 113.31227869 123.37848772 133.44469675 143.51090578
 153.57711482 163.64332385 173.70953288 183.77574192 193.84195095
 203.90815998 213.97436901 224.04057805 234.10678708 244.17299611
 254.23920514 264.30541418 274.37162321 284.43783224 294.50404127
 304.57025031 314.63645934 324.70266837 334.7688774  344.83508644
 354.90129547 364.9675045  375.03371354 385.09992257 395.1661316
 405.23234063 415.29854967 425.3647587  435.43096773 445.49717676
 455.5633858  465.62959483 475.69580386 485.76201289 495.82822193
 505.89443096 515.96063999 526.02684902 536.09305806 546.15926709
 556.22547612 566.29168515 576.35789419 586.42410322 596.49031225
 606.55652129 616.62273032 626.68893935 636.75514838 646.82135742
 656.88756645 666.95377548 677.01998451 687.08619355 697.15240258
 707.21861161 717.28482064 727.35102968 737.41723871 747.48344774
 757.54965677 767.61586581 777.68207484 787.74828387 797.8144929
 807.88070194 817.94691097 828.01312    838.07932904 848.14553807
 858.2117471  868.27795613 878.34416517 888.4103742  898.47658323
 908.54279226 918.6090013  928.67521033 938.74141936 948.80762839
 958.87383743 968.94004646 979.00625549 989.07246452 999.13867356]
p_y_fitting=[-0.94117647 -0.90530551 -0.87212638 -0.84155628 -0.81351243 -0.78791201
 -0.76467225 -0.74371033 -0.72494347 -0.70828887 -0.69366372 -0.68098525
 -0.67017063 -0.66113709 -0.65380183 -0.64808204 -0.64389494 -0.64115771
 -0.63978758 -0.63970174 -0.6408174  -0.64305176 -0.64632201 -0.65054538
 -0.65563905 -0.66152024 -0.66810614 -0.67531397 -0.68306092 -0.69126419
 -0.699841   -0.70870854 -0.71778401 -0.72698463 -0.7362276  -0.74543011
 -0.75450937 -0.76338259 -0.77196697 -0.78017971 -0.78793801 -0.79515909
 -0.80176013 -0.80765836 -0.81277096 -0.81701514 -0.82030812 -0.82256708
 -0.82370963 -0.82369932 -0.82258792 -0.82043722 -0.81730899 -0.81326503
 -0.8083671  -0.80267699 -0.79625647 -0.78916734 -0.78147137 -0.77323034
 -0.76450603 -0.75536023 -0.74585471 -0.73605125 -0.72601163 -0.71579764
 -0.70547106 -0.69509366 -0.68472723 -0.67443354 -0.66427439 -0.65431154
 -0.64460678 -0.63522189 -0.62621865 -0.61765884 -0.60960425 -0.60211664
 -0.59525781 -0.58908953 -0.58367359 -0.57907176 -0.57534583 -0.57255757
 -0.57076877 -0.57004121 -0.57043666 -0.57201691 -0.57484374 -0.57897893
 -0.58448426 -0.59142152 -0.59985247 -0.6098389  -0.6214426  -0.63472534
 -0.64974891 -0.66657508 -0.68526563 -0.70588235]
a_x_fitting=[  2.58397933  12.61538729  22.64679526  32.67820322  42.70961119
  52.74101915  62.77242711  72.80383508  82.83524304  92.86665101
 102.89805897 112.92946693 122.9608749  132.99228286 143.02369083
 153.05509879 163.08650676 173.11791472 183.14932268 193.18073065
 203.21213861 213.24354658 223.27495454 233.30636251 243.33777047
 253.36917843 263.4005864  273.43199436 283.46340233 293.49481029
 303.52621825 313.55762622 323.58903418 333.62044215 343.65185011
 353.68325808 363.71466604 373.746074   383.77748197 393.80888993
 403.8402979  413.87170586 423.90311383 433.93452179 443.96592975
 453.99733772 464.02874568 474.06015365 484.09156161 494.12296958
 504.15437754 514.1857855  524.21719347 534.24860143 544.2800094
 554.31141736 564.34282532 574.37423329 584.40564125 594.43704922
 604.46845718 614.49986515 624.53127311 634.56268107 644.59408904
 654.625497   664.65690497 674.68831293 684.7197209  694.75112886
 704.78253682 714.81394479 724.84535275 734.87676072 744.90816868
 754.93957665 764.97098461 775.00239257 785.03380054 795.0652085
 805.09661647 815.12802443 825.15943239 835.19084036 845.22224832
 855.25365629 865.28506425 875.31647222 885.34788018 895.37928814
 905.41069611 915.44210407 925.47351204 935.50492    945.53632797
 955.56773593 965.59914389 975.63055186 985.66195982 995.69336779]
a_y_fitting=[-6.37426901 -6.38997769 -6.38781268 -6.37043139 -6.34049122 -6.30064957
 -6.25356529 -6.20603874 -6.17809725 -6.19240308 -6.27156925 -6.40309072
 -6.47765276 -6.36940133 -5.95490685 -5.2421428  -4.43505835 -3.75356776
 -3.36729147 -3.28968008 -3.50396132 -3.98731067 -4.61232242 -5.16325004
 -5.45859235 -5.51534325 -5.41674177 -5.24607305 -5.08662225 -5.00417157
 -4.99628962 -5.04392959 -5.12804468 -5.22958808 -5.32951476 -5.41258094
 -5.47537644 -5.5167872  -5.53569919 -5.53099837 -5.50157068 -5.4463021
 -5.36407857 -5.2544451  -5.127474   -5.00169629 -4.89588214 -4.83028943
 -4.86631496 -5.11075102 -5.66051346 -6.38096932 -6.94266008 -7.15714568
 -6.93496982 -6.23909491 -5.3829128  -4.78770262 -4.53502728 -4.53590002
 -4.70005733 -4.93723573 -5.15790628 -5.31164949 -5.40597178 -5.45306039
 -5.46510255 -5.4542855  -5.43276369 -5.40888179 -5.38366852 -5.35732352
 -5.33004645 -5.30203695 -5.27349468 -5.24461928 -5.21561041 -5.1866677
 -5.15799082 -5.12977941 -5.10223312 -5.0755516  -5.0499345  -5.02558147
 -5.00269216 -4.98146621 -4.96210328 -4.94480302 -4.92976507 -4.91718909
 -4.90727472 -4.90022162 -4.89622943 -4.89549781 -4.89822639 -4.90461484
 -4.9148628  -4.92916992 -4.94773585 -4.97076023]
d_x_fitting=[  4.30663221  14.35544071  24.40424921  34.45305771  44.50186621
  54.55067471  64.5994832   74.6482917   84.6971002   94.7459087
 104.7947172  114.8435257  124.89233419 134.94114269 144.98995119
 155.03875969 165.08756819 175.13637669 185.18518519 195.23399368
 205.28280218 215.33161068 225.38041918 235.42922768 245.47803618
 255.52684467 265.57565317 275.62446167 285.67327017 295.72207867
 305.77088717 315.81969566 325.86850416 335.91731266 345.96612116
 356.01492966 366.06373816 376.11254666 386.16135515 396.21016365
 406.25897215 416.30778065 426.35658915 436.40539765 446.45420614
 456.50301464 466.55182314 476.60063164 486.64944014 496.69824864
 506.74705713 516.79586563 526.84467413 536.89348263 546.94229113
 556.99109963 567.03990813 577.08871662 587.13752512 597.18633362
 607.23514212 617.28395062 627.33275912 637.38156761 647.43037611
 657.47918461 667.52799311 677.57680161 687.62561011 697.6744186
 707.7232271  717.7720356  727.8208441  737.8696526  747.9184611
 757.9672696  768.01607809 778.06488659 788.11369509 798.16250359
 808.21131209 818.26012059 828.30892908 838.35773758 848.40654608
 858.45535458 868.50416308 878.55297158 888.60178007 898.65058857
 908.69939707 918.74820557 928.79701407 938.84582257 948.89463107
 958.94343956 968.99224806 979.04105656 989.08986506 999.13867356]
d_y_fitting=[1.11111111 1.30113308 1.45901026 1.58794552 1.69114172 1.77180173
 1.83312843 1.87832466 1.91059331 1.93313723 1.94915929 1.96186237
 1.97444932 1.99012302 2.01208633 2.04354211 2.08655497 2.13729488
 2.19002948 2.23902546 2.27854951 2.30286833 2.30624861 2.28295704
 2.23117316 2.16766062 2.11469471 2.09455162 2.12950749 2.24183852
 2.44647715 2.69881084 2.93227395 3.13130413 3.25723875 3.16000875
 2.68785961 2.02497628 1.58290303 1.37248166 1.34390271 1.44735673
 1.63303427 1.8511259  2.05182239 2.19581184 2.28232561 2.31943901
 2.31522732 2.27776583 2.21512984 2.13539463 2.04663551 1.95692776
 1.87388976 1.80017922 1.73541264 1.6791625  1.63100128 1.59050148
 1.55723558 1.53077608 1.51069545 1.49656618 1.48796077 1.4844517
 1.48561146 1.49101254 1.50022742 1.5128286  1.52838855 1.54647978
 1.56667476 1.58854598 1.61166593 1.63560711 1.65994199 1.68424306
 1.70808282 1.73103375 1.75266833 1.77255906 1.79027843 1.80539892
 1.81749301 1.8261332  1.83089198 1.83134183 1.82705524 1.8176047
 1.8025627  1.78150171 1.75399424 1.71961277 1.67792979 1.62851778
 1.57094923 1.50479663 1.42963247 1.34502924]