
p_x=[0.8613264427217916, 212.7476313522825, 254.9526270456503, 298.01894918173986, 340.22394487510763, 406.54608096468564, 475.4521963824289, 573.6434108527131, 666.6666666666666, 854.4358311800172, 998.2773471145564]
p_y=[1.5294117647058822, 1.5294117647058822, 1.5294117647058822, 1.882352941176471, 2.4705882352941178, 2.3529411764705888, 1.4117647058823533, 1.1764705882352935, 1.0588235294117645, 0.8235294117647065, 0.9411764705882355]
a_x=[6.029285099052541, 197.24375538329025, 356.58914728682174, 456.50301464254954, 498.7080103359173, 563.3074935400517, 647.7174849267873, 720.0689061154177, 905.254091300603, 996.5546942291128]
a_y=[-4.502923976608187, -4.853801169590643, -2.6315789473684212, -2.397660818713449, -2.280701754385966, -3.099415204678362, -3.450292397660819, -3.333333333333332, -3.6842105263157894, -3.6842105263157894]
d_x=[2.5839793281653747, 79.24203273040483, 628.7683031869078, 992.2480620155038]
d_y=[1.461988304093568, 1.578947368421053, 1.6959064327485383, 1.6959064327485383]
p_x_fitting=[8.61326443e-01 1.09362357e+01 2.10111450e+01 3.10860543e+01
 4.11609636e+01 5.12358729e+01 6.13107822e+01 7.13856915e+01
 8.14606008e+01 9.15355101e+01 1.01610419e+02 1.11685329e+02
 1.21760238e+02 1.31835147e+02 1.41910057e+02 1.51984966e+02
 1.62059875e+02 1.72134785e+02 1.82209694e+02 1.92284603e+02
 2.02359512e+02 2.12434422e+02 2.22509331e+02 2.32584240e+02
 2.42659150e+02 2.52734059e+02 2.62808968e+02 2.72883878e+02
 2.82958787e+02 2.93033696e+02 3.03108605e+02 3.13183515e+02
 3.23258424e+02 3.33333333e+02 3.43408243e+02 3.53483152e+02
 3.63558061e+02 3.73632971e+02 3.83707880e+02 3.93782789e+02
 4.03857698e+02 4.13932608e+02 4.24007517e+02 4.34082426e+02
 4.44157336e+02 4.54232245e+02 4.64307154e+02 4.74382064e+02
 4.84456973e+02 4.94531882e+02 5.04606791e+02 5.14681701e+02
 5.24756610e+02 5.34831519e+02 5.44906429e+02 5.54981338e+02
 5.65056247e+02 5.75131157e+02 5.85206066e+02 5.95280975e+02
 6.05355884e+02 6.15430794e+02 6.25505703e+02 6.35580612e+02
 6.45655522e+02 6.55730431e+02 6.65805340e+02 6.75880250e+02
 6.85955159e+02 6.96030068e+02 7.06104977e+02 7.16179887e+02
 7.26254796e+02 7.36329705e+02 7.46404615e+02 7.56479524e+02
 7.66554433e+02 7.76629343e+02 7.86704252e+02 7.96779161e+02
 8.06854070e+02 8.16928980e+02 8.27003889e+02 8.37078798e+02
 8.47153708e+02 8.57228617e+02 8.67303526e+02 8.77378436e+02
 8.87453345e+02 8.97528254e+02 9.07603163e+02 9.17678073e+02
 9.27752982e+02 9.37827891e+02 9.47902801e+02 9.57977710e+02
 9.68052619e+02 9.78127529e+02 9.88202438e+02 9.98277347e+02]
p_y_fitting=[1.52941176 1.69364777 1.82860081 1.93630201 2.01878249 2.07807339
 2.11620583 2.13521095 2.13711986 2.12396369 2.09777359 2.06058066
 2.01441604 1.96131086 1.90329624 1.84240331 1.78066321 1.72010705
 1.66276597 1.61067109 1.56585354 1.53034445 1.50617494 1.49537615
 1.4999792  1.52201522 1.56346498 1.625912   1.7107514  1.81937719
 1.95280528 2.10356447 2.25581026 2.39334293 2.50006293 2.56670269
 2.5950854  2.58804941 2.54843305 2.47907463 2.38281251 2.26278033
 2.12483195 1.97628788 1.82448289 1.67675173 1.54042918 1.42284998
 1.3300847  1.26123489 1.21301372 1.18213226 1.16530154 1.15923262
 1.16063655 1.16622437 1.17270715 1.17679801 1.17618379 1.17107122
 1.16206932 1.14978709 1.13483352 1.11781763 1.09934843 1.08003491
 1.06048608 1.04123956 1.02246356 1.00420713 0.98651929 0.96944903
 0.95304536 0.93735729 0.92243381 0.90832393 0.89507666 0.88274099
 0.87136594 0.8610005  0.85169368 0.84349448 0.8364519  0.83061496
 0.82603265 0.82275397 0.82082794 0.82030355 0.82122981 0.82365572
 0.82763029 0.83320251 0.8404214  0.84933595 0.85999518 0.87244807
 0.88674365 0.9029309  0.92105884 0.94117647]
a_x_fitting=[  6.0292851   16.03459226  26.03989942  36.04520659  46.05051375
  56.05582091  66.06112808  76.06643524  86.0717424   96.07704957
 106.08235673 116.08766389 126.09297105 136.09827822 146.10358538
 156.10889254 166.11419971 176.11950687 186.12481403 196.13012119
 206.13542836 216.14073552 226.14604268 236.15134985 246.15665701
 256.16196417 266.16727134 276.1725785  286.17788566 296.18319282
 306.18849999 316.19380715 326.19911431 336.20442148 346.20972864
 356.2150358  366.22034296 376.22565013 386.23095729 396.23626445
 406.24157162 416.24687878 426.25218594 436.25749311 446.26280027
 456.26810743 466.27341459 476.27872176 486.28402892 496.28933608
 506.29464325 516.29995041 526.30525757 536.31056473 546.3158719
 556.32117906 566.32648622 576.33179339 586.33710055 596.34240771
 606.34771487 616.35302204 626.3583292  636.36363636 646.36894353
 656.37425069 666.37955785 676.38486502 686.39017218 696.39547934
 706.4007865  716.40609367 726.41140083 736.41670799 746.42201516
 756.42732232 766.43262948 776.43793664 786.44324381 796.44855097
 806.45385813 816.4591653  826.46447246 836.46977962 846.47508679
 856.48039395 866.48570111 876.49100827 886.49631544 896.5016226
 906.50692976 916.51223693 926.51754409 936.52285125 946.52815841
 956.53346558 966.53877274 976.5440799  986.54938707 996.55469423]
a_y_fitting=[-4.50292398 -4.77045921 -5.00117648 -5.19670663 -5.35868049 -5.48872891
 -5.58848273 -5.65957279 -5.70362993 -5.72228499 -5.71716881 -5.68991223
 -5.6421461  -5.57550125 -5.49160853 -5.39209878 -5.27860283 -5.15275153
 -5.01617572 -4.87050624 -4.71737394 -4.55840964 -4.3952442  -4.22950845
 -4.06283324 -3.89684941 -3.73318779 -3.57347923 -3.41935456 -3.27244464
 -3.1343803  -3.00679238 -2.89131172 -2.78956917 -2.70319556 -2.63382174
 -2.58232519 -2.54621195 -2.52204534 -2.50638859 -2.49580496 -2.4868577
 -2.47611007 -2.46012532 -2.43546669 -2.39869745 -2.34950845 -2.30101416
 -2.26992972 -2.2729703  -2.32470763 -2.42156294 -2.5508219  -2.6997007
 -2.85541553 -3.00518259 -3.13628893 -3.24142734 -3.32241086 -3.38193057
 -3.42267756 -3.44734292 -3.45861776 -3.45919316 -3.45176022 -3.4388802
 -3.42233297 -3.40360747 -3.38419215 -3.36557544 -3.34924578 -3.33669163
 -3.32931839 -3.32744206 -3.33061173 -3.33836055 -3.35022164 -3.36572813
 -3.38441314 -3.40580982 -3.42945128 -3.45487067 -3.48160109 -3.50917569
 -3.5371276  -3.56498994 -3.59229584 -3.61857844 -3.64337085 -3.66620622
 -3.68661766 -3.70413831 -3.7183013  -3.72863976 -3.73468681 -3.73597559
 -3.73203922 -3.72241083 -3.70662356 -3.68421053]
d_x_fitting=[  2.58397933  12.58058622  22.57719312  32.57380002  42.57040691
  52.56701381  62.5636207   72.5602276   82.55683449  92.55344139
 102.55004829 112.54665518 122.54326208 132.53986897 142.53647587
 152.53308277 162.52968966 172.52629656 182.52290345 192.51951035
 202.51611724 212.51272414 222.50933104 232.50593793 242.50254483
 252.49915172 262.49575862 272.49236552 282.48897241 292.48557931
 302.4821862  312.4787931  322.47539999 332.47200689 342.46861379
 352.46522068 362.46182758 372.45843447 382.45504137 392.45164827
 402.44825516 412.44486206 422.44146895 432.43807585 442.43468274
 452.43128964 462.42789654 472.42450343 482.42111033 492.41771722
 502.41432412 512.41093102 522.40753791 532.40414481 542.4007517
 552.3973586  562.39396549 572.39057239 582.38717929 592.38378618
 602.38039308 612.37699997 622.37360687 632.37021377 642.36682066
 652.36342756 662.36003445 672.35664135 682.35324824 692.34985514
 702.34646204 712.34306893 722.33967583 732.33628272 742.33288962
 752.32949652 762.32610341 772.32271031 782.3193172  792.3159241
 802.31253099 812.30913789 822.30574479 832.30235168 842.29895858
 852.29556547 862.29217237 872.28877927 882.28538616 892.28199306
 902.27859995 912.27520685 922.27181374 932.26842064 942.26502754
 952.26163443 962.25824133 972.25484822 982.25145512 992.24806202]
d_y_fitting=[1.4619883  1.47941075 1.49616093 1.51225012 1.52768962 1.54249071
 1.55666467 1.5702228  1.58317638 1.5955367  1.60731504 1.61852268
 1.62917093 1.63927105 1.64883435 1.6578721  1.66639559 1.67441612
 1.68194495 1.68899339 1.69557271 1.70169421 1.70736917 1.71260888
 1.71742462 1.72182768 1.72582935 1.72944091 1.73267365 1.73553885
 1.73804781 1.74021181 1.74204213 1.74355007 1.7447469  1.74564392
 1.7462524  1.74658365 1.74664894 1.74645956 1.7460268  1.74536194
 1.74447628 1.74338109 1.74208766 1.74060728 1.73895124 1.73713082
 1.73515731 1.73304199 1.73079616 1.72843109 1.72595808 1.72338841
 1.72073337 1.71800424 1.71521232 1.71236888 1.70948521 1.70657261
 1.70364235 1.70070572 1.69777402 1.69485852 1.69197051 1.68912128
 1.68632212 1.68358431 1.68091914 1.67833789 1.67585185 1.67347231
 1.67121056 1.66907788 1.66708555 1.66524487 1.66356711 1.66206358
 1.66074555 1.6596243  1.65871114 1.65801733 1.65755418 1.65733296
 1.65736496 1.65766147 1.65823378 1.65909316 1.66025092 1.66171833
 1.66350668 1.66562726 1.66809135 1.67091024 1.67409522 1.67765757
 1.68160858 1.68595953 1.69072172 1.69590643]