
p_x=[4.3066322136089585, 187.76916451335057, 262.70456503014645, 371.2316968130921, 525.4091300602929, 782.0844099913867, 995.693367786391]
p_y=[-1.1764705882352935, -0.8235294117647047, -1.0588235294117645, -0.8235294117647047, -0.8235294117647047, -1.1764705882352935, -0.8235294117647047]
a_x=[2.5839793281653747, 154.17743324720067, 213.6089577950043, 270.4565030146425, 390.1808785529716, 531.4384151593454, 825.1507321274763, 997.4160206718346]
a_y=[-6.491228070175438, -6.491228070175438, -6.491228070175438, -6.374269005847953, -6.257309941520468, -6.140350877192983, -5.906432748538011, -6.140350877192983]
d_x=[3.4453057708871664, 99.91386735572783, 197.24375538329025, 278.20844099913865, 347.9758828596038, 513.3505598621878, 569.3367786391043, 710.594315245478, 877.6916451335056, 997.4160206718346]
d_y=[-1.1111111111111107, -1.2280701754385959, -1.2280701754385959, -0.9941520467836256, -0.9941520467836256, -1.1111111111111107, -0.8771929824561404, -0.8771929824561404, -1.1111111111111107, -1.1111111111111107]
p_x_fitting=[  4.30663221  14.32063964  24.33464707  34.3486545   44.36266193
  54.37666936  64.39067679  74.40468422  84.41869165  94.43269908
 104.44670651 114.46071394 124.47472137 134.4887288  144.50273623
 154.51674366 164.53075109 174.54475852 184.55876595 194.57277338
 204.58678081 214.60078824 224.61479567 234.6288031  244.64281053
 254.65681796 264.67082539 274.68483282 284.69884025 294.71284768
 304.72685511 314.74086254 324.75486997 334.7688774  344.78288483
 354.79689226 364.81089969 374.82490712 384.83891455 394.85292198
 404.86692941 414.88093684 424.89494427 434.9089517  444.92295913
 454.93696656 464.95097399 474.96498142 484.97898885 494.99299628
 505.00700372 515.02101115 525.03501858 535.04902601 545.06303344
 555.07704087 565.0910483  575.10505573 585.11906316 595.13307059
 605.14707802 615.16108545 625.17509288 635.18910031 645.20310774
 655.21711517 665.2311226  675.24513003 685.25913746 695.27314489
 705.28715232 715.30115975 725.31516718 735.32917461 745.34318204
 755.35718947 765.3711969  775.38520433 785.39921176 795.41321919
 805.42722662 815.44123405 825.45524148 835.46924891 845.48325634
 855.49726377 865.5112712  875.52527863 885.53928606 895.55329349
 905.56730092 915.58130835 925.59531578 935.60932321 945.62333064
 955.63733807 965.6513455  975.66535293 985.67936036 995.69336779]
p_y_fitting=[-1.17647059 -1.03410096 -0.91271334 -0.81106381 -0.72790844 -0.66200334
 -0.61210458 -0.57696824 -0.55535043 -0.54600721 -0.54769467 -0.55916891
 -0.579186   -0.60650203 -0.63987309 -0.67805526 -0.71980463 -0.76387727
 -0.80902929 -0.85401676 -0.89759576 -0.93852239 -0.97555273 -1.00744287
 -1.03294888 -1.05082685 -1.05983611 -1.05945217 -1.05076502 -1.03508567
 -1.01372512 -0.98799435 -0.95920437 -0.92866619 -0.89769079 -0.86758919
 -0.83967236 -0.81523938 -0.79498828 -0.77874662 -0.76627382 -0.75732926
 -0.75167236 -0.74906252 -0.74925914 -0.75202162 -0.75710936 -0.76428178
 -0.77329826 -0.78391822 -0.79590106 -0.80900617 -0.82299296 -0.8376448
 -0.85285222 -0.86853576 -0.88461594 -0.90101328 -0.91764831 -0.93444155
 -0.95131353 -0.96818477 -0.9849758  -1.00160714 -1.01799932 -1.03407286
 -1.04974828 -1.06494611 -1.07958688 -1.09359111 -1.10687933 -1.11937205
 -1.13098981 -1.14165313 -1.15128253 -1.15979854 -1.16712168 -1.17317248
 -1.17787146 -1.18113914 -1.18289606 -1.18306274 -1.1815597  -1.17830746
 -1.17322655 -1.1662375  -1.15726083 -1.14621706 -1.13302673 -1.11761034
 -1.09988844 -1.07978154 -1.05721016 -1.03209484 -1.0043561  -0.97391446
 -0.94069045 -0.90460458 -0.8655774  -0.82352941]
a_x_fitting=[  2.58397933  12.63278783  22.68159633  32.73040482  42.77921332
  52.82802182  62.87683032  72.92563882  82.97444732  93.02325581
 103.07206431 113.12087281 123.16968131 133.21848981 143.26729831
 153.3161068  163.3649153  173.4137238  183.4625323  193.5113408
 203.5601493  213.6089578  223.65776629 233.70657479 243.75538329
 253.80419179 263.85300029 273.90180879 283.95061728 293.99942578
 304.04823428 314.09704278 324.14585128 334.19465978 344.24346827
 354.29227677 364.34108527 374.38989377 384.43870227 394.48751077
 404.53631927 414.58512776 424.63393626 434.68274476 444.73155326
 454.78036176 464.82917026 474.87797875 484.92678725 494.97559575
 505.02440425 515.07321275 525.12202125 535.17082974 545.21963824
 555.26844674 565.31725524 575.36606374 585.41487224 595.46368073
 605.51248923 615.56129773 625.61010623 635.65891473 645.70772323
 655.75653173 665.80534022 675.85414872 685.90295722 695.95176572
 706.00057422 716.04938272 726.09819121 736.14699971 746.19580821
 756.24461671 766.29342521 776.34223371 786.3910422  796.4398507
 806.4886592  816.5374677  826.5862762  836.6350847  846.6838932
 856.73270169 866.78151019 876.83031869 886.87912719 896.92793569
 906.97674419 917.02555268 927.07436118 937.12316968 947.17197818
 957.22078668 967.26959518 977.31840367 987.36721217 997.41602067]
a_y_fitting=[-6.49122807 -6.46202019 -6.4396729  -6.42356413 -6.4130718  -6.40757385
 -6.40644819 -6.40907275 -6.41482546 -6.42308424 -6.43322702 -6.44463172
 -6.45667627 -6.46873859 -6.48019661 -6.49042826 -6.49881146 -6.50472413
 -6.5075442  -6.5066496  -6.50141824 -6.49122807 -6.47581029 -6.45630927
 -6.43422266 -6.41104814 -6.38828336 -6.36741405 -6.34925733 -6.33361992
 -6.32022463 -6.30879424 -6.29905154 -6.29071932 -6.28352036 -6.27717747
 -6.27141343 -6.26595103 -6.26051306 -6.25482606 -6.24874037 -6.24225554
 -6.23538    -6.22812218 -6.2204905  -6.21249341 -6.20413932 -6.19543668
 -6.18639391 -6.17701944 -6.1673217  -6.15730913 -6.14699014 -6.13637353
 -6.12548398 -6.11436849 -6.10307573 -6.09165436 -6.08015306 -6.06862048
 -6.05710529 -6.04565616 -6.03432174 -6.02315072 -6.01219175 -6.00149349
 -5.99110462 -5.9810738  -5.97144969 -5.96228096 -5.95361627 -5.94550429
 -5.9379937  -5.93113314 -5.92497128 -5.9195568  -5.91493836 -5.91116462
 -5.90828425 -5.90634591 -5.90539827 -5.90548999 -5.90666974 -5.90898619
 -5.912488   -5.91722384 -5.92324236 -5.93059225 -5.93932215 -5.94948074
 -5.96111669 -5.97427865 -5.9890153  -6.0053753  -6.02340731 -6.04316
 -6.06468204 -6.08802209 -6.11322881 -6.14035088]
d_x_fitting=[  3.44530577  13.485414    23.52552223  33.56563046  43.6057387
  53.64584693  63.68595516  73.72606339  83.76617162  93.80627985
 103.84638808 113.88649632 123.92660455 133.96671278 144.00682101
 154.04692924 164.08703747 174.1271457  184.16725393 194.20736217
 204.2474704  214.28757863 224.32768686 234.36779509 244.40790332
 254.44801155 264.48811979 274.52822802 284.56833625 294.60844448
 304.64855271 314.68866094 324.72876917 334.7688774  344.80898564
 354.84909387 364.8892021  374.92931033 384.96941856 395.00952679
 405.04963502 415.08974326 425.12985149 435.16995972 445.21006795
 455.25017618 465.29028441 475.33039264 485.37050087 495.41060911
 505.45071734 515.49082557 525.5309338  535.57104203 545.61115026
 555.65125849 565.69136672 575.73147496 585.77158319 595.81169142
 605.85179965 615.89190788 625.93201611 635.97212434 646.01223258
 656.05234081 666.09244904 676.13255727 686.1726655  696.21277373
 706.25288196 716.29299019 726.33309843 736.37320666 746.41331489
 756.45342312 766.49353135 776.53363958 786.57374781 796.61385605
 806.65396428 816.69407251 826.73418074 836.77428897 846.8143972
 856.85450543 866.89461366 876.9347219  886.97483013 897.01493836
 907.05504659 917.09515482 927.13526305 937.17537128 947.21547952
 957.25558775 967.29569598 977.33580421 987.37591244 997.41602067]
d_y_fitting=[-1.11111111 -1.1155931  -1.12312898 -1.13321913 -1.14536393 -1.15906377
 -1.17381903 -1.18913009 -1.20449733 -1.21942115 -1.23340192 -1.24594003
 -1.25653586 -1.26468979 -1.26990221 -1.2716735  -1.26950404 -1.26289422
 -1.25134442 -1.23435503 -1.2115447  -1.18376355 -1.15259296 -1.11962395
 -1.08644753 -1.05465472 -1.02583654 -1.00158401 -0.98339789 -0.97159241
 -0.96564561 -0.96501804 -0.96917023 -0.97756274 -0.9896561  -1.00490156
 -1.02264881 -1.04218516 -1.06279696 -1.08377061 -1.10439248 -1.12394893
 -1.14172635 -1.15701111 -1.16908959 -1.17724816 -1.18077319 -1.17895107
 -1.17106817 -1.15641086 -1.13426552 -1.10392443 -1.06574632 -1.02238323
 -0.97678459 -0.93189984 -0.89067843 -0.85591896 -0.82846307 -0.80778579
 -0.79333421 -0.78455544 -0.78089658 -0.78180471 -0.78672695 -0.79511038
 -0.80640211 -0.82004923 -0.83549884 -0.85219804 -0.86959392 -0.88714864
 -0.90458125 -0.92182612 -0.93882429 -0.95551678 -0.97184462 -0.98774884
 -1.00317048 -1.01805056 -1.03233011 -1.04595016 -1.05885175 -1.07097589
 -1.08226363 -1.092656   -1.10209401 -1.1105187  -1.11787111 -1.12409226
 -1.12912318 -1.1329049  -1.13537845 -1.13648487 -1.13616517 -1.1343604
 -1.13101157 -1.12605973 -1.1194459  -1.11111111]