
p_x=[2.5839793281653747, 62.87683031869079, 141.25753660637383, 164.51335055986218, 196.38242894056847, 239.44875107665806, 272.17915590008613, 299.74160206718346, 364.3410852713178, 431.5245478036176, 567.6141257536607, 625.3229974160207, 701.1197243755383, 748.4926787252368, 829.4573643410853, 888.027562446167, 931.0938845822567, 967.269595176572, 993.1093884582257]
p_y=[1.0588235294117645, 1.5294117647058822, -0.47058823529411775, -0.5882352941176467, -0.7058823529411757, 2.4705882352941178, 3.2941176470588243, 2.8235294117647056, 1.0588235294117645, 0.8235294117647065, 1.1764705882352935, 2.11764705882353, 2.11764705882353, 1.882352941176471, 2.8235294117647056, 4.352941176470589, 4.352941176470589, 2.5882352941176467, 2.4705882352941178]
a_x=[2.5839793281653747, 32.73040482342808, 77.51937984496124, 142.9801894918174, 172.26528854435833, 211.88630490956072, 254.0913006029285, 303.1869078380706, 370.3703703703703, 404.82342807924203, 438.4151593453919, 507.32127476313525, 553.8329026701119, 619.2937123169681, 658.9147286821704, 720.0689061154177, 756.244616709733, 841.5159345391904, 880.275624461671, 927.6485788113695, 983.634797588286, 996.5546942291128]
a_y=[-3.2163742690058488, -2.7485380116959064, -2.7485380116959064, -3.6842105263157894, -4.035087719298245, -2.280701754385966, -0.5263157894736832, 0.058479532163742576, -1.8128654970760234, -0.9941520467836256, 0.6432748538011701, 1.1111111111111107, 0.8771929824561404, 2.9824561403508776, 3.333333333333334, 0.9941520467836256, 0.4093567251461998, 2.0467836257309946, 3.8011695906432754, 4.385964912280702, 2.7485380116959064, 2.7485380116959064]
d_x=[6.029285099052541, 85.27131782945736, 164.51335055986218, 213.6089577950043, 257.5366063738157, 305.77088716623604, 369.50904392764863, 394.4875107665805, 443.58311800172265, 473.7295434969854, 541.7743324720069, 608.9577950043066, 680.4478897502153, 720.9302325581394, 755.3832902670113, 841.5159345391904, 875.968992248062, 928.5099052540912, 980.1894918173988, 993.9707149009474]
d_y=[0.9941520467836256, 1.461988304093568, -0.058479532163742576, 2.1637426900584797, 3.333333333333334, 3.5672514619883042, 1.9298245614035086, 0.4093567251461998, 0.1754385964912295, 0.4093567251461998, 1.9298245614035086, 4.035087719298246, 4.385964912280702, 1.8128654970760234, 0.8771929824561404, 1.461988304093568, 3.333333333333334, 3.9181286549707606, 1.9298245614035086, 1.578947368421053]
p_x_fitting=[  2.58397933  12.58928649  22.59459365  32.59990082  42.60520798
  52.61051514  62.61582231  72.62112947  82.62643663  92.63174379
 102.63705096 112.64235812 122.64766528 132.65297245 142.65827961
 152.66358677 162.66889394 172.6742011  182.67950826 192.68481542
 202.69012259 212.69542975 222.70073691 232.70604408 242.71135124
 252.7166584  262.72196556 272.72727273 282.73257989 292.73788705
 302.74319422 312.74850138 322.75380854 332.7591157  342.76442287
 352.76973003 362.77503719 372.78034436 382.78565152 392.79095868
 402.79626585 412.80157301 422.80688017 432.81218733 442.8174945
 452.82280166 462.82810882 472.83341599 482.83872315 492.84403031
 502.84933747 512.85464464 522.8599518  532.86525896 542.87056613
 552.87587329 562.88118045 572.88648762 582.89179478 592.89710194
 602.9024091  612.90771627 622.91302343 632.91833059 642.92363776
 652.92894492 662.93425208 672.93955924 682.94486641 692.95017357
 702.95548073 712.9607879  722.96609506 732.97140222 742.97670938
 752.98201655 762.98732371 772.99263087 782.99793804 793.0032452
 803.00855236 813.01385953 823.01916669 833.02447385 843.02978101
 853.03508818 863.04039534 873.0457025  883.05100967 893.05631683
 903.06162399 913.06693115 923.07223832 933.07754548 943.08285264
 953.08815981 963.09346697 973.09877413 983.1040813  993.10938846]
p_y_fitting=[ 1.05882353  1.47726542  1.73293505  1.84620371  1.83744267  1.7270232
  1.5353166   1.28269413  0.98952708  0.67618673  0.36304435  0.07047122
 -0.18116138 -0.37148216 -0.48017529 -0.51663651 -0.56886843 -0.71280589
 -0.84920011 -0.80366625 -0.41568115  0.28712411  1.14345437  1.98916416
  2.66134143  3.07509111  3.26881017  3.29178227  3.18975244  2.99645024
  2.7429903   2.4553021   2.15052592  1.84495071  1.55486537  1.29655884
  1.08632004  0.93762196  0.84580346  0.79901662  0.78539552  0.79307423
  0.81018683  0.82487279  0.82888296  0.82383951  0.81303581  0.79976527
  0.78732125  0.77899716  0.77808638  0.7878823   0.8116783   0.85276778
  0.91444412  1.0000007   1.11273092  1.25553391  1.42329315  1.60342093
  1.78304432  1.9492904   2.08928624  2.19145694  2.25518759  2.28536654
  2.28692358  2.2647885   2.22389111  2.16916121  2.10553108  2.03859302
  1.97548197  1.92355288  1.8901607   1.88255162  1.90474586  1.95707529
  2.03967004  2.15266023  2.29617598  2.4703474   2.67530462  2.91108449
  3.17295941  3.44925905  3.72776472  3.99625775  4.24251944  4.45373165
  4.60345624  4.65172747  4.5579986   4.28191765  3.82534755  3.28479876
  2.76965987  2.38931943  2.25316603  2.47058824]
a_x_fitting=[  2.58397933  12.62408756  22.66419579  32.70430402  42.74441225
  52.78452048  62.82462872  72.86473695  82.90484518  92.94495341
 102.98506164 113.02516987 123.0652781  133.10538634 143.14549457
 153.1856028  163.22571103 173.26581926 183.30592749 193.34603572
 203.38614395 213.42625219 223.46636042 233.50646865 243.54657688
 253.58668511 263.62679334 273.66690157 283.70700981 293.74711804
 303.78722627 313.8273345  323.86744273 333.90755096 343.94765919
 353.98776742 364.02787566 374.06798389 384.10809212 394.14820035
 404.18830858 414.22841681 424.26852504 434.30863328 444.34874151
 454.38884974 464.42895797 474.4690662  484.50917443 494.54928266
 504.58939089 514.62949913 524.66960736 534.70971559 544.74982382
 554.78993205 564.83004028 574.87014851 584.91025674 594.95036498
 604.99047321 615.03058144 625.07068967 635.1107979  645.15090613
 655.19101436 665.2311226  675.27123083 685.31133906 695.35144729
 705.39155552 715.43166375 725.47177198 735.51188021 745.55198845
 755.59209668 765.63220491 775.67231314 785.71242137 795.7525296
 805.79263783 815.83274607 825.8728543  835.91296253 845.95307076
 855.99317899 866.03328722 876.07339545 886.11350368 896.15361192
 906.19372015 916.23382838 926.27393661 936.31404484 946.35415307
 956.3942613  966.43436954 976.47447777 986.514586   996.55469423]
a_y_fitting=[-3.21637427 -3.00818813 -2.85394708 -2.74875183 -2.68770308 -2.66590155
 -2.67844793 -2.72044294 -2.78713126 -2.87656476 -2.98934822 -3.12617931
 -3.28775575 -3.47477525 -3.68793541 -3.90993145 -4.05491823 -4.0207723
 -3.74673213 -3.29506226 -2.75079692 -2.1989162  -1.70160179 -1.26299011
 -0.87811512 -0.54201075 -0.25346876 -0.02876201  0.11075718  0.14373593
  0.04882388 -0.18120087 -0.50629532 -0.87654425 -1.24203241 -1.55284457
 -1.75906549 -1.81141138 -1.69045539 -1.41894202 -1.02280253 -0.5338849
 -0.01266232  0.47174691  0.85319145  1.11156687  1.26306574  1.32486472
  1.31414049  1.24806975  1.14382917  1.01946784  0.90121485  0.81977351
  0.80589272  0.89031244  1.09027476  1.38236115  1.73552751  2.11872972
  2.50092368  2.85106529  3.13842627  3.33749722  3.42705453  3.38600145
  3.19594847  2.87468644  2.4657985   2.01342247  1.56169615  1.15475736
  0.83517528  0.61516315  0.47945348  0.41178697  0.39826806  0.43649708
  0.52756412  0.67256007  0.87257583  1.12870227  1.44203029  1.81365078
  2.24408413  2.71631734  3.1929338   3.6353682   4.0059213   4.28085429
  4.44771171  4.49436111  4.40867004  4.18579391  3.86504249  3.5022672
  3.15334857  2.87416715  2.72060345  2.74853801]
d_x_fitting=[  6.0292851   16.00849146  25.98769782  35.96690418  45.94611055
  55.92531691  65.90452327  75.88372963  85.86293599  95.84214235
 105.82134872 115.80055508 125.77976144 135.7589678  145.73817416
 155.71738052 165.69658689 175.67579325 185.65499961 195.63420597
 205.61341233 215.59261869 225.57182506 235.55103142 245.53023778
 255.50944414 265.4886505  275.46785686 285.44706322 295.42626959
 305.40547595 315.38468231 325.36388867 335.34309503 345.32230139
 355.30150776 365.28071412 375.25992048 385.23912684 395.2183332
 405.19753956 415.17674593 425.15595229 435.13515865 445.11436501
 455.09357137 465.07277773 475.0519841  485.03119046 495.01039682
 504.98960318 514.96880954 524.9480159  534.92722227 544.90642863
 554.88563499 564.86484135 574.84404771 584.82325407 594.80246044
 604.7816668  614.76087316 624.74007952 634.71928588 644.69849224
 654.67769861 664.65690497 674.63611133 684.61531769 694.59452405
 704.57373041 714.55293678 724.53214314 734.5113495  744.49055586
 754.46976222 764.44896858 774.42817494 784.40738131 794.38658767
 804.36579403 814.34500039 824.32420675 834.30341311 844.28261948
 854.26182584 864.2410322  874.22023856 884.19944492 894.17865128
 904.15785765 914.13706401 924.11627037 934.09547673 944.07468309
 954.05388945 964.03309582 974.01230218 983.99150854 993.9707149 ]
d_y_fitting=[ 0.99415205  1.61775932  2.02627847  2.24615563  2.30383698  2.22576868
  2.03839688  1.76816774  1.44152743  1.08492211  0.72479793  0.38760106
  0.09977766 -0.11222612 -0.22196411 -0.20299015 -0.02888103  0.30761248
  0.75976936  1.2714419   1.78648236  2.24883404  2.62203662  2.91350186
  3.13660103  3.30470536  3.43017845  3.51786121  3.56919309  3.58559685
  3.56849524  3.51647943  3.41549802  3.24797253  2.99632437  2.64297491
  2.17034554  1.5666375   0.91521182  0.37737625  0.07012863 -0.03936469
 -0.01398645  0.08338062  0.18991005  0.2664541   0.33414055  0.42353333
  0.55643488  0.73096231  0.94126985  1.18151173  1.44584218  1.72841542
  2.02340734  2.32649661  2.63581587  2.94972414  3.26658045  3.58474381
  3.90257325  4.21749441  4.51189088  4.75599063  4.91967381  4.97282054
  4.88531094  4.62702515  4.16946844  3.54121451  2.84161868  2.17444401
  1.64219687  1.28504615  1.05338234  0.89062113  0.74909285  0.62811821
  0.54244514  0.50683066  0.53603182  0.64480564  0.84790918  1.16009946
  1.59580366  2.13851653  2.71596734  3.25004142  3.66999046  3.95537943
  4.10680387  4.12493001  4.01042405  3.76521193  3.41343966  2.99826461
  2.56345733  2.15278835  1.81002818  1.57894737]