
p_x=[5.167958656330749, 80.1033591731266, 247.20068906115418, 336.77863910422053, 424.63393626184325, 599.4832041343669, 647.7174849267873, 662.3600344530577, 698.5357450473729, 761.4125753660637, 858.7424633936262, 886.3049095607234, 943.1524547803618, 996.5546942291128]
p_y=[1.4117647058823533, 2.5882352941176467, 2.7058823529411766, 4.588235294117648, 2.235294117647059, 1.882352941176471, 2.9411764705882346, 3.647058823529412, 4.117647058823529, 4.117647058823529, 4.0, 2.9411764705882346, 2.11764705882353, 2.235294117647059]
a_x=[4.3066322136089585, 81.8260120585702, 174.84926787252368, 197.24375538329025, 226.5288544358312, 268.73385012919897, 312.66149870801036, 323.85874246339364, 341.94659776055124, 368.64771748492683, 398.7941429801895, 440.1378122308355, 589.1472868217055, 608.9577950043066, 647.7174849267873, 669.2506459948321, 696.8130921619294, 739.8794142980189, 803.6175710594315, 839.7932816537468, 857.8811369509044, 873.3850129198967, 886.3049095607234, 911.2833763996555, 935.4005167958657, 942.29112833764, 974.1602067183462, 999.1386735572783]
a_y=[-6.257309941520468, -4.853801169590643, -4.502923976608187, -3.9181286549707615, -4.619883040935672, -4.385964912280702, -2.6315789473684212, -2.514619883040936, -2.0467836257309955, -2.280701754385966, -2.514619883040936, -3.8011695906432745, -3.9181286549707615, -3.450292397660819, -2.6315789473684212, -1.3450292397660828, -0.9941520467836256, -0.7602339181286553, -0.7602339181286553, -0.8771929824561404, -0.7602339181286553, -1.2280701754385959, -3.2163742690058488, -3.6842105263157894, -3.9181286549707615, -3.9181286549707615, -3.9181286549707615, -3.8011695906432745]
d_x=[3.4453057708871664, 140.39621016365203, 293.71231696813095, 316.9681309216193, 339.36261843238583, 397.0714900947459, 437.55383290267014, 511.6279069767442, 580.5340223944875, 602.928509905254, 659.7760551248923, 676.1412575366064, 696.8130921619294, 713.1782945736435, 757.9672695951766, 837.2093023255815, 874.2463393626184, 998.2773471145564]
d_y=[1.1111111111111107, 2.0467836257309946, 2.280701754385966, 3.0994152046783627, 3.9181286549707606, 4.152046783625732, 2.7485380116959064, 2.6315789473684212, 2.7485380116959064, 3.333333333333334, 4.152046783625732, 5.087719298245615, 5.2046783625731, 5.43859649122807, 5.43859649122807, 5.087719298245615, 5.087719298245615, 2.514619883040936]
p_x_fitting=[  5.16795866  15.18196609  25.19597352  35.20998095  45.22398838
  55.23799581  65.25200324  75.26601067  85.2800181   95.29402553
 105.30803296 115.32204039 125.33604782 135.35005525 145.36406268
 155.37807011 165.39207754 175.40608497 185.4200924  195.43409983
 205.44810726 215.46211469 225.47612212 235.49012955 245.50413698
 255.51814441 265.53215184 275.54615927 285.5601667  295.57417413
 305.58818156 315.60218899 325.61619642 335.63020385 345.64421128
 355.65821871 365.67222614 375.68623357 385.700241   395.71424843
 405.72825586 415.74226329 425.75627072 435.77027815 445.78428558
 455.79829301 465.81230044 475.82630787 485.8403153  495.85432273
 505.86833016 515.88233759 525.89634502 535.91035245 545.92435988
 555.93836731 565.95237474 575.96638217 585.9803896  595.99439703
 606.00840446 616.02241189 626.03641932 636.05042675 646.06443418
 656.07844161 666.09244904 676.10645647 686.1204639  696.13447133
 706.14847876 716.16248619 726.17649362 736.19050105 746.20450848
 756.21851591 766.23252334 776.24653077 786.2605382  796.27454563
 806.28855306 816.30256049 826.31656792 836.33057535 846.34458278
 856.35859021 866.37259764 876.38660507 886.4006125  896.41461993
 906.42862736 916.44263479 926.45664222 936.47064965 946.48465708
 956.49866451 966.51267194 976.52667937 986.5406868  996.55469423]
p_y_fitting=[1.41176471 1.72567284 1.98274396 2.18762802 2.34497496 2.45943471
 2.53565722 2.57829243 2.59199028 2.58140071 2.55117366 2.50595907
 2.45040689 2.38916705 2.3268895  2.26822418 2.21782102 2.18032997
 2.16040098 2.16268397 2.1918289  2.2524857  2.34930431 2.48693468
 2.67002674 2.90111681 3.1685676  3.45491437 3.7426745  4.01436533
 4.25250421 4.4396085  4.55819554 4.59078269 4.52391741 4.36694679
 4.13722692 3.85212265 3.52899884 3.18522034 2.838152   2.50515866
 2.20360045 1.94622693 1.73256262 1.5597756  1.42503396 1.32550577
 1.25835912 1.22076209 1.20988275 1.2228892  1.2569495  1.30923175
 1.37690402 1.45713439 1.54709095 1.64394178 1.74485495 1.84699855
 1.94916154 2.07004402 2.24171808 2.49650357 2.86672034 3.35631614
 3.78433043 4.02076543 4.11293925 4.12136152 4.10260741 4.08014972
 4.06088918 4.05160304 4.05906854 4.09006295 4.1509565  4.2378827
 4.33622711 4.43086594 4.50667542 4.54853176 4.54131118 4.4698899
 4.31914412 4.07395008 3.72584779 3.32212216 2.93783215 2.63337178
 2.41134303 2.26030824 2.16882976 2.12546994 2.11879111 2.13735564
 2.16972585 2.20446411 2.23013275 2.23529412]
a_x_fitting=[  4.30663221  14.35544071  24.40424921  34.45305771  44.50186621
  54.55067471  64.5994832   74.6482917   84.6971002   94.7459087
 104.7947172  114.8435257  124.89233419 134.94114269 144.98995119
 155.03875969 165.08756819 175.13637669 185.18518519 195.23399368
 205.28280218 215.33161068 225.38041918 235.42922768 245.47803618
 255.52684467 265.57565317 275.62446167 285.67327017 295.72207867
 305.77088717 315.81969566 325.86850416 335.91731266 345.96612116
 356.01492966 366.06373816 376.11254666 386.16135515 396.21016365
 406.25897215 416.30778065 426.35658915 436.40539765 446.45420614
 456.50301464 466.55182314 476.60063164 486.64944014 496.69824864
 506.74705713 516.79586563 526.84467413 536.89348263 546.94229113
 556.99109963 567.03990813 577.08871662 587.13752512 597.18633362
 607.23514212 617.28395062 627.33275912 637.38156761 647.43037611
 657.47918461 667.52799311 677.57680161 687.62561011 697.6744186
 707.7232271  717.7720356  727.8208441  737.8696526  747.9184611
 757.9672696  768.01607809 778.06488659 788.11369509 798.16250359
 808.21131209 818.26012059 828.30892908 838.35773758 848.40654608
 858.45535458 868.50416308 878.55297158 888.60178007 898.65058857
 908.69939707 918.74820557 928.79701407 938.84582257 948.89463107
 958.94343956 968.99224806 979.04105656 989.08986506 999.13867356]
a_y_fitting=[-6.25730994 -5.77263149 -5.40432293 -5.13863379 -4.96181358 -4.86011184
 -4.81977808 -4.82706181 -4.86821257 -4.92947987 -4.99711324 -5.05736219
 -5.09647625 -5.10070494 -5.05629777 -4.94950427 -4.76657397 -4.49375724
 -4.15748631 -3.93172989 -3.99149071 -4.26921926 -4.58865344 -4.79371068
 -4.845229   -4.74507061 -4.49514217 -4.10215956 -3.62505069 -3.15475336
 -2.78266839 -2.59711044 -2.47419718 -2.18584801 -2.01024008 -2.08019661
 -2.24411301 -2.34895796 -2.39843085 -2.47852732 -2.66685189 -2.95970768
 -3.31070806 -3.67308811 -4.00208965 -4.27982927 -4.50760971 -4.68714775
 -4.82016015 -4.90836368 -4.95347514 -4.95721129 -4.9212889  -4.84742476
 -4.73733563 -4.59273829 -4.41534952 -4.2068861  -3.96906479 -3.70965033
 -3.48110571 -3.33889675 -3.22365092 -3.02847101 -2.64630897 -2.03392636
 -1.42617693 -1.08984435 -0.99607042 -0.99376624 -0.9670962  -0.91066248
 -0.8403932  -0.77221648 -0.72058219 -0.68901488 -0.67614233 -0.68056923
 -0.70090028 -0.73574017 -0.78343352 -0.83494274 -0.87297432 -0.87979924
 -0.840172   -0.75420803 -0.84472588 -1.98492875 -3.46800605 -3.87783119
 -3.72335525 -3.68978257 -3.84218657 -3.92451534 -3.90988589 -3.91228783
 -3.91858459 -3.91280876 -3.8789929  -3.80116959]
d_x_fitting=[  3.44530577  13.49411427  23.54292277  33.59173127  43.64053976
  53.68934826  63.73815676  73.78696526  83.83577376  93.88458226
 103.93339076 113.98219925 124.03100775 134.07981625 144.12862475
 154.17743325 164.22624175 174.27505024 184.32385874 194.37266724
 204.42147574 214.47028424 224.51909274 234.56790123 244.61670973
 254.66551823 264.71432673 274.76313523 284.81194373 294.86075223
 304.90956072 314.95836922 325.00717772 335.05598622 345.10479472
 355.15360322 365.20241171 375.25122021 385.30002871 395.34883721
 405.39764571 415.44645421 425.4952627  435.5440712  445.5928797
 455.6416882  465.6904967  475.7393052  485.7881137  495.83692219
 505.88573069 515.93453919 525.98334769 536.03215619 546.08096469
 556.12977318 566.17858168 576.22739018 586.27619868 596.32500718
 606.37381568 616.42262417 626.47143267 636.52024117 646.56904967
 656.61785817 666.66666667 676.71547517 686.76428366 696.81309216
 706.86190066 716.91070916 726.95951766 737.00832616 747.05713465
 757.10594315 767.15475165 777.20356015 787.25236865 797.30117715
 807.34998564 817.39879414 827.44760264 837.49641114 847.54521964
 857.59402814 867.64283664 877.69164513 887.74045363 897.78926213
 907.83807063 917.88687913 927.93568763 937.98449612 948.03330462
 958.08211312 968.13092162 978.17973012 988.22853862 998.27734711]
d_y_fitting=[1.11111111 1.45512139 1.73887801 1.96667522 2.14280731 2.27156853
 2.35725315 2.40415545 2.41656968 2.39879012 2.35511102 2.28982667
 2.20723132 2.11161925 2.00728471 1.89852199 1.78962533 1.68488902
 1.58860731 1.50507449 1.4385848  1.39343252 1.37391192 1.38431727
 1.42894282 1.51208286 1.63803164 1.81108343 2.0355325  2.31566712
 2.65024497 3.02226124 3.40998727 3.77739872 4.08316284 4.30437466
 4.43344505 4.46324851 4.38665951 4.19655254 3.89233482 3.51749947
 3.13376907 2.80292408 2.57935867 2.46287778 2.42881935 2.45240587
 2.50885984 2.57340377 2.62126017 2.62831853 2.59250439 2.53830012
 2.49176914 2.47897489 2.5259808  2.6588503  2.89871838 3.18393769
 3.38562807 3.45455923 3.46500312 3.50149263 3.64856067 3.99074011
 4.57947925 5.10706561 5.22745548 5.20467836 5.32993204 5.48868715
 5.56077615 5.56094144 5.51399911 5.44476526 5.37500513 5.31068491
 5.25267203 5.20183136 5.15902783 5.12512631 5.10099171 5.08748891
 5.08429149 5.08669898 5.08900729 5.08551231 5.07050991 5.03829601
 4.98316648 4.89941722 4.78134413 4.62324309 4.41940999 4.16414073
 3.8517312  3.47647728 3.03267488 2.51461988]