
p_x=[0.0, 129.19896640826872, 241.17140396210164, 285.9603789836348, 475.4521963824289, 555.5555555555555, 637.3815676141257, 719.2075796726959, 764.8578811369508, 807.0628768303187, 927.6485788113695, 995.693367786391]
p_y=[-1.0588235294117645, -0.8235294117647047, -1.2941176470588225, -1.4117647058823515, -0.5882352941176467, 2.5882352941176467, 2.11764705882353, -1.1764705882352935, -1.764705882352942, -0.35294117647058876, -0.47058823529411775, -0.47058823529411775]
a_x=[4.3066322136089585, 31.869078380706288, 77.51937984496124, 101.63652024117141, 153.31610680447892, 214.4702842377261, 273.90180878552974, 369.50904392764863, 484.0654608096469, 527.1317829457365, 609.8191214470285, 722.652885443583, 762.2739018087855, 813.0921619293713, 911.2833763996555, 996.5546942291128]
a_y=[-5.204678362573098, -4.152046783625732, -4.970760233918128, -4.853801169590643, -2.397660818713449, -3.8011695906432745, -3.9181286549707615, -3.9181286549707615, -3.450292397660819, -1.1111111111111107, 0.1754385964912295, -3.333333333333332, -4.385964912280702, -1.3450292397660828, -1.4619883040935662, -2.163742690058479]
d_x=[0.0, 47.37295434969854, 109.38845822566753, 158.48406546080966, 195.52110249784667, 333.3333333333333, 361.75710594315245, 470.2842377260982, 529.7157622739019, 614.1257536606374, 718.3462532299742, 764.8578811369508, 822.566752799311, 924.2032730404824, 994.8320413436692]
d_y=[1.578947368421053, 1.578947368421053, 1.8128654970760234, 3.2163742690058488, 1.2280701754385976, -1.2280701754385959, -1.3450292397660828, -0.9941520467836256, -0.4093567251461998, 1.2280701754385976, 0.058479532163742576, -0.5263157894736832, -0.1754385964912295, -0.1754385964912295, -0.1754385964912295]
p_x_fitting=[  0.          10.05750877  20.11501753  30.1725263   40.23003506
  50.28754383  60.34505259  70.40256136  80.46007012  90.51757889
 100.57508766 110.63259642 120.69010519 130.74761395 140.80512272
 150.86263148 160.92014025 170.97764901 181.03515778 191.09266654
 201.15017531 211.20768408 221.26519284 231.32270161 241.38021037
 251.43771914 261.4952279  271.55273667 281.61024543 291.6677542
 301.72526297 311.78277173 321.8402805  331.89778926 341.95529803
 352.01280679 362.07031556 372.12782432 382.18533309 392.24284186
 402.30035062 412.35785939 422.41536815 432.47287692 442.53038568
 452.58789445 462.64540321 472.70291198 482.76042074 492.81792951
 502.87543828 512.93294704 522.99045581 533.04796457 543.10547334
 553.1629821  563.22049087 573.27799963 583.3355084  593.39301717
 603.45052593 613.5080347  623.56554346 633.62305223 643.68056099
 653.73806976 663.79557852 673.85308729 683.91059606 693.96810482
 704.02561359 714.08312235 724.14063112 734.19813988 744.25564865
 754.31315741 764.37066618 774.42817494 784.48568371 794.54319248
 804.60070124 814.65821001 824.71571877 834.77322754 844.8307363
 854.88824507 864.94575383 875.0032626  885.06077137 895.11828013
 905.1757889  915.23329766 925.29080643 935.34831519 945.40582396
 955.46333272 965.52084149 975.57835026 985.63585902 995.69336779]
p_y_fitting=[-1.05882353 -0.96469854 -0.8870285  -0.82480217 -0.77700832 -0.7426357
 -0.72067308 -0.71010922 -0.70993288 -0.71913283 -0.73669781 -0.76161661
 -0.79287796 -0.82947065 -0.87038343 -0.91460505 -0.96112429 -1.0089299
 -1.05701064 -1.10435529 -1.14995259 -1.1927913  -1.2318602  -1.26614804
 -1.2946436  -1.31737921 -1.33830963 -1.36231097 -1.39425932 -1.43876497
 -1.49589885 -1.56192617 -1.63299438 -1.70525095 -1.77484334 -1.83791902
 -1.89062546 -1.92911011 -1.94952044 -1.94800393 -1.92070803 -1.8637802
 -1.77336792 -1.64561865 -1.47667985 -1.262699   -0.99982354 -0.68420095
 -0.31337219  0.10199981  0.54405009  0.99483951  1.43642894  1.85087924
  2.22025126  2.52660588  2.75359316  2.89815017  2.96383105  2.95423828
  2.87297431  2.72364162  2.50984268  2.23517995  1.90365623  1.52468237
  1.11155334  0.67764916  0.23634987 -0.19896453 -0.614914   -0.99811852
 -1.33496071 -1.6061118  -1.78638813 -1.85033993 -1.77251746 -1.54004762
 -1.19824449 -0.80923816 -0.43516043 -0.13302947  0.08388136  0.22450351
  0.29794265  0.31330442  0.27969448  0.20621847  0.10198207 -0.02390909
 -0.16234935 -0.30423305 -0.44045455 -0.56190818 -0.65948829 -0.72408923
 -0.74660535 -0.717931   -0.62896051 -0.47058824]
a_x_fitting=[  4.30663221  14.32933991  24.35204761  34.3747553   44.397463
  54.4201707   64.4428784   74.46558609  84.48829379  94.51100149
 104.53370918 114.55641688 124.57912458 134.60183228 144.62453997
 154.64724767 164.66995537 174.69266306 184.71537076 194.73807846
 204.76078616 214.78349385 224.80620155 234.82890925 244.85161694
 254.87432464 264.89703234 274.91974004 284.94244773 294.96515543
 304.98786313 315.01057082 325.03327852 335.05598622 345.07869392
 355.10140161 365.12410931 375.14681701 385.1695247  395.1922324
 405.2149401  415.2376478  425.26035549 435.28306319 445.30577089
 455.32847858 465.35118628 475.37389398 485.39660168 495.41930937
 505.44201707 515.46472477 525.48743246 535.51014016 545.53284786
 555.55555556 565.57826325 575.60097095 585.62367865 595.64638634
 605.66909404 615.69180174 625.71450944 635.73721713 645.75992483
 655.78263253 665.80534022 675.82804792 685.85075562 695.87346332
 705.89617101 715.91887871 725.94158641 735.9642941  745.9870018
 756.0097095  766.0324172  776.05512489 786.07783259 796.10054029
 806.12324798 816.14595568 826.16866338 836.19137108 846.21407877
 856.23678647 866.25949417 876.28220186 886.30490956 896.32761726
 906.35032495 916.37303265 926.39574035 936.41844805 946.44115574
 956.46386344 966.48657114 976.50927883 986.53198653 996.55469423]
a_y_fitting=[-5.20467836 -4.55967471 -4.23168978 -4.15140769 -4.24951254 -4.45668844
 -4.7036195  -4.92098985 -5.04044232 -5.00368152 -4.75904292 -4.30740478
 -3.74124041 -3.16223952 -2.67209182 -2.37242139 -2.32439125 -2.47987721
 -2.77248624 -3.13582529 -3.50350135 -3.80912184 -4.00273115 -4.09424404
 -4.10720264 -4.06514911 -3.99162559 -3.91017032 -3.839327   -3.7828665
 -3.74184141 -3.71730433 -3.71030786 -3.72190458 -3.75314709 -3.80508799
 -3.87877986 -3.97487778 -4.08710633 -4.2033034  -4.31111983 -4.39820645
 -4.4522141  -4.46079361 -4.41159583 -4.29227159 -4.09047173 -3.79384708
 -3.39007293 -2.88189199 -2.31274487 -1.73287534 -1.19252722 -0.73643649
 -0.37302187 -0.0959961   0.10096975  0.22420456  0.28003724  0.27479669
  0.21481182  0.10628006 -0.04668235 -0.24162158 -0.47613018 -0.74780072
 -1.05422576 -1.39299786 -1.7617096  -2.15795353 -2.57932221 -3.02340821
 -3.48727929 -3.93530151 -4.28044267 -4.43116511 -4.29764613 -3.8677439
 -3.23710432 -2.50931291 -1.78795514 -1.17604046 -0.73365241 -0.44902586
 -0.30354952 -0.27861208 -0.35560223 -0.51590869 -0.74092013 -1.01202526
 -1.31061277 -1.61807137 -1.91578975 -2.1851566  -2.40756062 -2.56439051
 -2.63703497 -2.60688268 -2.45532236 -2.16374269]
d_x_fitting=[  0.          10.0488085   20.097617    30.1464255   40.19523399
  50.24404249  60.29285099  70.34165949  80.39046799  90.43927649
 100.48808498 110.53689348 120.58570198 130.63451048 140.68331898
 150.73212748 160.78093597 170.82974447 180.87855297 190.92736147
 200.97616997 211.02497847 221.07378697 231.12259546 241.17140396
 251.22021246 261.26902096 271.31782946 281.36663796 291.41544645
 301.46425495 311.51306345 321.56187195 331.61068045 341.65948895
 351.70829744 361.75710594 371.80591444 381.85472294 391.90353144
 401.95233994 412.00114844 422.04995693 432.09876543 442.14757393
 452.19638243 462.24519093 472.29399943 482.34280792 492.39161642
 502.44042492 512.48923342 522.53804192 532.58685042 542.63565891
 552.68446741 562.73327591 572.78208441 582.83089291 592.87970141
 602.92850991 612.9773184  623.0261269  633.0749354  643.1237439
 653.1725524  663.2213609  673.27016939 683.31897789 693.36778639
 703.41659489 713.46540339 723.51421189 733.56302038 743.61182888
 753.66063738 763.70944588 773.75825438 783.80706288 793.85587138
 803.90467987 813.95348837 824.00229687 834.05110537 844.09991387
 854.14872237 864.19753086 874.24633936 884.29514786 894.34395636
 904.39276486 914.44157336 924.49038185 934.53919035 944.58799885
 954.63680735 964.68561585 974.73442435 984.78323285 994.83204134]
d_y_fitting=[ 1.57894737  1.71717897  1.75862948  1.72800008  1.64999196  1.5493063
  1.45064429  1.3787071   1.35819592  1.41381193  1.57025631  1.85219854
  2.25504521  2.69080243  3.05671631  3.25003296  3.16845289  2.77842178
  2.18802744  1.52282637  0.90477545  0.38759179 -0.03602538 -0.37552645
 -0.6403618  -0.8399818  -0.98383685 -1.08137733 -1.14205361 -1.17531609
 -1.19061514 -1.19740115 -1.20512451 -1.22323559 -1.25893842 -1.30427758
 -1.34502924 -1.3696279  -1.37722095 -1.36963401 -1.34869269 -1.31622261
 -1.27404939 -1.22399864 -1.16789599 -1.10756704 -1.04483742 -0.98152154
 -0.91706078 -0.84560192 -0.76057534 -0.65541142 -0.52354055 -0.35846406
 -0.15986523  0.06168114  0.29449154  0.5268825   0.74717054  0.94367216
  1.10470388  1.21858222  1.27574964  1.27866119  1.23398676  1.14840084
  1.0285779   0.88119242  0.71291886  0.53043171  0.34040545  0.14951454
 -0.03547534 -0.20583515 -0.35094433 -0.46010549 -0.52262125 -0.53067769
 -0.49275382 -0.4230454  -0.33575436 -0.24508264 -0.16522405 -0.10624206
 -0.06736204 -0.04605319 -0.03978466 -0.04602564 -0.0622453  -0.08591282
 -0.11449737 -0.14546812 -0.17629426 -0.20444495 -0.22738937 -0.2425967
 -0.24753612 -0.23967679 -0.21648789 -0.1754386 ]