
p_x=[4.3066322136089585, 243.75538329026702, 361.75710594315245, 502.1533161068045, 638.2428940568475, 766.5805340223944, 898.3634797588286, 990.5254091300602]
p_y=[-1.2941176470588225, 1.5294117647058822, 1.0588235294117645, -1.882352941176471, -2.8235294117647065, -1.0588235294117645, -0.5882352941176467, -0.35294117647058876]
a_x=[3.4453057708871664, 198.10508182601205, 492.6787252368648, 597.7605512489233, 686.4771748492678, 739.8794142980189, 799.3109388458226, 897.5021533161068, 990.5254091300602]
a_y=[-7.076023391812864, -6.140350877192983, -5.555555555555555, -5.6725146198830405, -4.970760233918128, -0.8771929824561404, -0.7602339181286553, -3.099415204678362, -3.9181286549707615]
d_x=[0.8613264427217916, 116.27906976744185, 256.6752799310939, 469.4229112833764, 537.4677002583979, 654.6080964685616, 768.303186907838, 902.6701119724376, 991.3867355727821]
d_y=[-1.8128654970760234, 0.1754385964912295, 1.2280701754385976, -1.9298245614035086, -1.6959064327485365, -2.514619883040936, -0.1754385964912295, 0.29239766081871466, 0.29239766081871466]
p_x_fitting=[  4.30663221  14.26843804  24.23024387  34.1920497   44.15385552
  54.11566135  64.07746718  74.03927301  84.00107883  93.96288466
 103.92469049 113.88649632 123.84830214 133.81010797 143.7719138
 153.73371963 163.69552545 173.65733128 183.61913711 193.58094293
 203.54274876 213.50455459 223.46636042 233.42816624 243.38997207
 253.3517779  263.31358373 273.27538955 283.23719538 293.19900121
 303.16080704 313.12261286 323.08441869 333.04622452 343.00803035
 352.96983617 362.931642   372.89344783 382.85525366 392.81705948
 402.77886531 412.74067114 422.70247697 432.66428279 442.62608862
 452.58789445 462.54970028 472.5115061  482.47331193 492.43511776
 502.39692359 512.35872941 522.32053524 532.28234107 542.2441469
 552.20595272 562.16775855 572.12956438 582.09137021 592.05317603
 602.01498186 611.97678769 621.93859351 631.90039934 641.86220517
 651.824011   661.78581682 671.74762265 681.70942848 691.67123431
 701.63304013 711.59484596 721.55665179 731.51845762 741.48026344
 751.44206927 761.4038751  771.36568093 781.32748675 791.28929258
 801.25109841 811.21290424 821.17471006 831.13651589 841.09832172
 851.06012755 861.02193337 870.9837392  880.94554503 890.90735086
 900.86915668 910.83096251 920.79276834 930.75457417 940.71637999
 950.67818582 960.63999165 970.60179748 980.5636033  990.52540913]
p_y_fitting=[-1.29411765 -1.17693797 -1.05418231 -0.92660635 -0.79496578 -0.6600163
 -0.52251361 -0.3832134  -0.24287137 -0.10224321  0.03791539  0.17684872
  0.3138011   0.44801683  0.57874021  0.70521555  0.82668716  0.94239933
  1.05159638  1.15352261  1.24742233  1.33253983  1.40811943  1.47340543
  1.52764213  1.57007385  1.59994488  1.61649953  1.61898211  1.60663691
  1.57870825  1.53444044  1.47307776  1.39386454  1.29604508  1.17886367
  1.04156553  0.88415148  0.70875347  0.51787643  0.31402529  0.09970496
 -0.12257961 -0.35032351 -0.5810218  -0.81216955 -1.04126185 -1.26579376
 -1.48326035 -1.6911567  -1.88697788 -2.06854547 -2.23489472 -2.38534283
 -2.51920702 -2.63580447 -2.73445241 -2.81446802 -2.87516851 -2.91587109
 -2.93589295 -2.93455131 -2.91116336 -2.86504631 -2.79554864 -2.70354667
 -2.59210327 -2.46444964 -2.32381701 -2.17343661 -2.01653964 -1.85635734
 -1.69612092 -1.53906159 -1.38841059 -1.24739914 -1.11925844 -1.00713384
 -0.91200045 -0.83254895 -0.76736131 -0.7150195  -0.67410548 -0.64320121
 -0.62088865 -0.60574977 -0.59636653 -0.5913209  -0.58919484 -0.58857031
 -0.58802927 -0.58615369 -0.58152554 -0.57272677 -0.55833934 -0.53694523
 -0.5071264  -0.4674648  -0.41654241 -0.35294118]
a_x_fitting=[  3.44530577  13.41581187  23.38631796  33.35682405  43.32733015
  53.29783624  63.26834234  73.23884843  83.20935453  93.17986062
 103.15036672 113.12087281 123.09137891 133.061885   143.03239109
 153.00289719 162.97340328 172.94390938 182.91441547 192.88492157
 202.85542766 212.82593376 222.79643985 232.76694595 242.73745204
 252.70795813 262.67846423 272.64897032 282.61947642 292.58998251
 302.56048861 312.5309947  322.5015008  332.47200689 342.44251299
 352.41301908 362.38352517 372.35403127 382.32453736 392.29504346
 402.26554955 412.23605565 422.20656174 432.17706784 442.14757393
 452.11808003 462.08858612 472.05909221 482.02959831 492.0001044
 501.9706105  511.94111659 521.91162269 531.88212878 541.85263488
 551.82314097 561.79364706 571.76415316 581.73465925 591.70516535
 601.67567144 611.64617754 621.61668363 631.58718973 641.55769582
 651.52820192 661.49870801 671.4692141  681.4397202  691.41022629
 701.38073239 711.35123848 721.32174458 731.29225067 741.26275677
 751.23326286 761.20376896 771.17427505 781.14478114 791.11528724
 801.08579333 811.05629943 821.02680552 830.99731162 840.96781771
 850.93832381 860.9088299  870.879336   880.84984209 890.82034818
 900.79085428 910.76136037 920.73186647 930.70237256 940.67287866
 950.64338475 960.61389085 970.58439694 980.55490304 990.52540913]
a_y_fitting=[-7.07602339 -6.9964303  -6.92108488 -6.84984529 -6.7825697  -6.71911627
 -6.65934318 -6.60310859 -6.55027066 -6.50068756 -6.45421746 -6.41071853
 -6.37004892 -6.33206682 -6.29663037 -6.26359776 -6.23282715 -6.20417669
 -6.17750457 -6.15266894 -6.12952798 -6.10793984 -6.0877627  -6.06885473
 -6.05107408 -6.03427892 -6.01832743 -6.00307776 -5.98838809 -5.97411658
 -5.9601214  -5.94626071 -5.93239267 -5.91837547 -5.90406726 -5.88932621
 -5.87401048 -5.85797824 -5.84108767 -5.82319692 -5.80416416 -5.78384756
 -5.76210528 -5.73879549 -5.71377637 -5.68690606 -5.65804275 -5.62704459
 -5.59376975 -5.55807641 -5.52029192 -5.48304689 -5.44967749 -5.42352007
 -5.40791098 -5.40618657 -5.42168321 -5.45773723 -5.51768501 -5.60486288
 -5.72230973 -5.86098355 -5.99584295 -6.10074597 -6.14955065 -6.11611502
 -5.97429713 -5.697955   -5.26094668 -4.63932608 -3.86091627 -3.00602132
 -2.15728363 -1.39734557 -0.80879522 -0.44441415 -0.27784019 -0.26972189
 -0.38070781 -0.57144652 -0.80262128 -1.04483142 -1.29221405 -1.54232232
 -1.79270942 -2.0409285  -2.28453274 -2.5210753  -2.74810935 -2.96318807
 -3.16386461 -3.34769216 -3.51222387 -3.65501291 -3.77361246 -3.86557568
 -3.92845574 -3.95980581 -3.95717906 -3.91812865]
d_x_fitting=[8.61326443e-01 1.08666336e+01 2.08719408e+01 3.08772479e+01
 4.08825551e+01 5.08878623e+01 6.08931694e+01 7.08984766e+01
 8.09037837e+01 9.09090909e+01 1.00914398e+02 1.10919705e+02
 1.20925012e+02 1.30930320e+02 1.40935627e+02 1.50940934e+02
 1.60946241e+02 1.70951548e+02 1.80956855e+02 1.90962163e+02
 2.00967470e+02 2.10972777e+02 2.20978084e+02 2.30983391e+02
 2.40988698e+02 2.50994006e+02 2.60999313e+02 2.71004620e+02
 2.81009927e+02 2.91015234e+02 3.01020541e+02 3.11025848e+02
 3.21031156e+02 3.31036463e+02 3.41041770e+02 3.51047077e+02
 3.61052384e+02 3.71057691e+02 3.81062999e+02 3.91068306e+02
 4.01073613e+02 4.11078920e+02 4.21084227e+02 4.31089534e+02
 4.41094842e+02 4.51100149e+02 4.61105456e+02 4.71110763e+02
 4.81116070e+02 4.91121377e+02 5.01126685e+02 5.11131992e+02
 5.21137299e+02 5.31142606e+02 5.41147913e+02 5.51153220e+02
 5.61158528e+02 5.71163835e+02 5.81169142e+02 5.91174449e+02
 6.01179756e+02 6.11185063e+02 6.21190371e+02 6.31195678e+02
 6.41200985e+02 6.51206292e+02 6.61211599e+02 6.71216906e+02
 6.81222214e+02 6.91227521e+02 7.01232828e+02 7.11238135e+02
 7.21243442e+02 7.31248749e+02 7.41254056e+02 7.51259364e+02
 7.61264671e+02 7.71269978e+02 7.81275285e+02 7.91280592e+02
 8.01285899e+02 8.11291207e+02 8.21296514e+02 8.31301821e+02
 8.41307128e+02 8.51312435e+02 8.61317742e+02 8.71323050e+02
 8.81328357e+02 8.91333664e+02 9.01338971e+02 9.11344278e+02
 9.21349585e+02 9.31354893e+02 9.41360200e+02 9.51365507e+02
 9.61370814e+02 9.71376121e+02 9.81381428e+02 9.91386736e+02]
d_y_fitting=[-1.8128655  -1.66815959 -1.51321051 -1.34958917 -1.17886649 -1.00261339
 -0.82240078 -0.63979958 -0.45638071 -0.27371508 -0.0933736   0.08307279
  0.2540532   0.41799669  0.57333236  0.71848929  0.85189656  0.97198326
  1.07717846  1.16591126  1.23661073  1.28770596  1.31762604  1.32480004
  1.30765705  1.26462615  1.19419778  1.09684955  0.97543146  0.83293266
  0.67234228  0.49664947  0.30884338  0.11191314 -0.0911521  -0.2973632
 -0.50373101 -0.7072664  -0.90498021 -1.09388332 -1.27098657 -1.43330082
 -1.57783693 -1.70160576 -1.80161816 -1.87488499 -1.91841711 -1.92923668
 -1.90808041 -1.86473823 -1.81035316 -1.75606826 -1.71302655 -1.69237108
 -1.70508521 -1.75457948 -1.8335553  -1.93390339 -2.04751447 -2.16627928
 -2.28208854 -2.38683298 -2.47240333 -2.53069031 -2.55358465 -2.53297708
 -2.46151678 -2.34088667 -2.17870255 -1.98268387 -1.76055009 -1.52002069
 -1.26881513 -1.01465288 -0.76525341 -0.52833617 -0.31162063 -0.12278169
  0.03405341  0.16082773  0.26007946  0.33434682  0.38616803  0.41808131
  0.43262486  0.43233691  0.41975566  0.39741934  0.36786616  0.33363432
  0.29726206  0.26128757  0.22824909  0.20068482  0.18113297  0.17213176
  0.17621942  0.19593414  0.23381415  0.29239766]