
p_x=[0.0, 95.60723514211885, 120.58570198105082, 227.39018087855297, 318.69078380706287, 376.3996554694229, 426.3565891472868, 477.1748492678725, 535.7450473729543, 681.3092161929371, 756.244616709733, 830.318690783807, 972.4375538329026]
p_y=[-1.5294117647058805, -1.647058823529413, -0.235294117647058, 0.9411764705882355, 1.764705882352942, 1.882352941176471, 0.35294117647058876, -0.117647058823529, 0.7058823529411757, 1.1764705882352935, -0.235294117647058, -0.7058823529411757, -0.235294117647058]
a_x=[0.8613264427217916, 50.818260120585705, 108.52713178294573, 188.63049095607235, 218.77691645133507, 262.70456503014645, 343.66925064599485, 413.4366925064599, 487.51076658053404, 531.4384151593454, 565.8914728682171, 626.1843238587425, 682.1705426356589, 720.0689061154177, 773.4711455641689, 812.2308354866494, 881.1369509043928, 929.3712316968131, 987.0801033591732]
a_y=[-5.789473684210527, -5.087719298245615, -5.087719298245615, -5.087719298245615, -2.9824561403508767, -2.397660818713449, -4.853801169590643, -4.853801169590643, -4.7368421052631575, -3.099415204678362, -2.397660818713449, -2.397660818713449, -2.9824561403508767, -4.035087719298245, -4.035087719298245, -2.7485380116959064, -2.397660818713449, -2.163742690058479, -2.163742690058479]
d_x=[0.8613264427217916, 110.24978466838932, 210.16365202411714, 259.25925925925924, 333.3333333333333, 401.3781223083548, 498.7080103359173, 559.8621877691645, 624.4616709732989, 724.3755383290267, 826.8733850129198, 956.0723514211886, 992.2480620155038]
d_y=[-1.8128654970760234, -1.578947368421053, 1.3450292397660828, 2.0467836257309946, 2.280701754385966, 2.1637426900584797, 2.0467836257309946, 2.9824561403508776, 3.0994152046783627, 0.9941520467836256, 1.9298245614035086, 1.6959064327485383, 1.8128654970760234]
p_x_fitting=[  0.           9.82260155  19.64520311  29.46780466  39.29040622
  49.11300777  58.93560932  68.75821088  78.58081243  88.40341398
  98.22601554 108.04861709 117.87121865 127.6938202  137.51642175
 147.33902331 157.16162486 166.98422642 176.80682797 186.62942952
 196.45203108 206.27463263 216.09723419 225.91983574 235.74243729
 245.56503885 255.3876404  265.21024195 275.03284351 284.85544506
 294.67804662 304.50064817 314.32324972 324.14585128 333.96845283
 343.79105439 353.61365594 363.43625749 373.25885905 383.0814606
 392.90406215 402.72666371 412.54926526 422.37186682 432.19446837
 442.01706992 451.83967148 461.66227303 471.48487459 481.30747614
 491.13007769 500.95267925 510.7752808  520.59788235 530.42048391
 540.24308546 550.06568702 559.88828857 569.71089012 579.53349168
 589.35609323 599.17869479 609.00129634 618.82389789 628.64649945
 638.469101   648.29170256 658.11430411 667.93690566 677.75950722
 687.58210877 697.40471032 707.22731188 717.04991343 726.87251499
 736.69511654 746.51771809 756.34031965 766.1629212  775.98552276
 785.80812431 795.63072586 805.45332742 815.27592897 825.09853052
 834.92113208 844.74373363 854.56633519 864.38893674 874.21153829
 884.03413985 893.8567414  903.67934296 913.50194451 923.32454606
 933.14714762 942.96974917 952.79235073 962.61495228 972.43755383]
p_y_fitting=[-1.52941176 -2.61895497 -3.35591361 -3.7813462  -3.93631125 -3.86186726
 -3.59907276 -3.18898625 -2.67266624 -2.09117124 -1.48555977 -0.89689034
 -0.36622145  0.06878095  0.40272561  0.64808018  0.81750124  0.92364537
  0.97916916  0.99672919  0.98898205  0.96858433  0.9481926   0.94046345
  0.95643903  0.99698413  1.05900825  1.13941205  1.2350962   1.34296138
  1.45990825  1.58283748  1.70864975  1.83383246  1.94744787  2.03213237
  2.07031025  2.04440582  1.93684336  1.73282872  1.44836003  1.11859231
  0.77896949  0.46493548  0.21050357  0.02779265 -0.08818589 -0.14287563
 -0.14172013 -0.09021751  0.00425174  0.13199144  0.28316302  0.44792792
  0.61644756  0.77902073  0.92982887  1.06738681  1.19043715  1.29772251
  1.38798551  1.45996876  1.51241487  1.54406647  1.55366617  1.53995658
  1.50168031  1.43758     1.34639824  1.22687765  1.07814865  0.90434138
  0.71306165  0.51198552  0.30878905  0.11114831 -0.07326063 -0.2367617
 -0.37334231 -0.48345198 -0.56910925 -0.63233266 -0.67514074 -0.69955203
 -0.70758506 -0.70125837 -0.6825905  -0.65359998 -0.61630534 -0.57272513
 -0.52487787 -0.47478211 -0.42445638 -0.37591922 -0.33118916 -0.29228473
 -0.26122448 -0.24002694 -0.23071064 -0.23529412]
a_x_fitting=[8.61326443e-01 1.08231323e+01 2.07849381e+01 3.07467439e+01
 4.07085498e+01 5.06703556e+01 6.06321614e+01 7.05939672e+01
 8.05557731e+01 9.05175789e+01 1.00479385e+02 1.10441191e+02
 1.20402996e+02 1.30364802e+02 1.40326608e+02 1.50288414e+02
 1.60250220e+02 1.70212026e+02 1.80173831e+02 1.90135637e+02
 2.00097443e+02 2.10059249e+02 2.20021055e+02 2.29982860e+02
 2.39944666e+02 2.49906472e+02 2.59868278e+02 2.69830084e+02
 2.79791890e+02 2.89753695e+02 2.99715501e+02 3.09677307e+02
 3.19639113e+02 3.29600919e+02 3.39562725e+02 3.49524530e+02
 3.59486336e+02 3.69448142e+02 3.79409948e+02 3.89371754e+02
 3.99333560e+02 4.09295365e+02 4.19257171e+02 4.29218977e+02
 4.39180783e+02 4.49142589e+02 4.59104395e+02 4.69066200e+02
 4.79028006e+02 4.88989812e+02 4.98951618e+02 5.08913424e+02
 5.18875229e+02 5.28837035e+02 5.38798841e+02 5.48760647e+02
 5.58722453e+02 5.68684259e+02 5.78646064e+02 5.88607870e+02
 5.98569676e+02 6.08531482e+02 6.18493288e+02 6.28455094e+02
 6.38416899e+02 6.48378705e+02 6.58340511e+02 6.68302317e+02
 6.78264123e+02 6.88225929e+02 6.98187734e+02 7.08149540e+02
 7.18111346e+02 7.28073152e+02 7.38034958e+02 7.47996764e+02
 7.57958569e+02 7.67920375e+02 7.77882181e+02 7.87843987e+02
 7.97805793e+02 8.07767598e+02 8.17729404e+02 8.27691210e+02
 8.37653016e+02 8.47614822e+02 8.57576628e+02 8.67538433e+02
 8.77500239e+02 8.87462045e+02 8.97423851e+02 9.07385657e+02
 9.17347463e+02 9.27309268e+02 9.37271074e+02 9.47232880e+02
 9.57194686e+02 9.67156492e+02 9.77118298e+02 9.87080103e+02]
a_y_fitting=[-5.78947368 -5.64605074 -5.49693927 -5.34952858 -5.21120797 -5.08936675
 -4.99139423 -4.92467971 -4.89661249 -4.91458189 -4.9859772  -5.11813284
 -5.3054945  -5.51310956 -5.70194623 -5.83297272 -5.86715724 -5.76546801
 -5.48887324 -4.99845807 -4.30654844 -3.55678761 -2.91349404 -2.4936878
 -2.28367362 -2.24736459 -2.3486738  -2.55230724 -2.83073341 -3.16081491
 -3.51946429 -3.88359413 -4.230117   -4.53594549 -4.77799214 -4.93466644
 -5.00789735 -5.01831058 -4.98704819 -4.93525228 -4.88406492 -4.8546282
 -4.86660205 -4.91602733 -4.97999603 -5.03506626 -5.05779613 -5.02474376
 -4.91246727 -4.69756358 -4.37444156 -3.98350158 -3.57246747 -3.18906309
 -2.87704905 -2.64437924 -2.47999955 -2.37269066 -2.31211993 -2.28953987
 -2.29636738 -2.32401932 -2.36391259 -2.40750686 -2.45278278 -2.51117996
 -2.59580132 -2.71974976 -2.89612819 -3.13613056 -3.42325783 -3.72012953
 -3.98885264 -4.19424463 -4.32093156 -4.36233125 -4.31190115 -4.16309871
 -3.91027993 -3.57529195 -3.21190193 -2.87566759 -2.62002233 -2.45967577
 -2.37552651 -2.34733707 -2.35486992 -2.37788756 -2.39615249 -2.39063342
 -2.3580685  -2.30626565 -2.24326207 -2.177095   -2.11580162 -2.06741916
 -2.03998483 -2.04153583 -2.08010938 -2.16374269]
d_x_fitting=[8.61326443e-01 1.08753339e+01 2.08893413e+01 3.09033487e+01
 4.09173562e+01 5.09313636e+01 6.09453710e+01 7.09593785e+01
 8.09733859e+01 9.09873933e+01 1.01001401e+02 1.11015408e+02
 1.21029416e+02 1.31043423e+02 1.41057430e+02 1.51071438e+02
 1.61085445e+02 1.71099453e+02 1.81113460e+02 1.91127468e+02
 2.01141475e+02 2.11155482e+02 2.21169490e+02 2.31183497e+02
 2.41197505e+02 2.51211512e+02 2.61225520e+02 2.71239527e+02
 2.81253534e+02 2.91267542e+02 3.01281549e+02 3.11295557e+02
 3.21309564e+02 3.31323572e+02 3.41337579e+02 3.51351586e+02
 3.61365594e+02 3.71379601e+02 3.81393609e+02 3.91407616e+02
 4.01421624e+02 4.11435631e+02 4.21449639e+02 4.31463646e+02
 4.41477653e+02 4.51491661e+02 4.61505668e+02 4.71519676e+02
 4.81533683e+02 4.91547691e+02 5.01561698e+02 5.11575705e+02
 5.21589713e+02 5.31603720e+02 5.41617728e+02 5.51631735e+02
 5.61645743e+02 5.71659750e+02 5.81673757e+02 5.91687765e+02
 6.01701772e+02 6.11715780e+02 6.21729787e+02 6.31743795e+02
 6.41757802e+02 6.51771809e+02 6.61785817e+02 6.71799824e+02
 6.81813832e+02 6.91827839e+02 7.01841847e+02 7.11855854e+02
 7.21869861e+02 7.31883869e+02 7.41897876e+02 7.51911884e+02
 7.61925891e+02 7.71939899e+02 7.81953906e+02 7.91967913e+02
 8.01981921e+02 8.11995928e+02 8.22009936e+02 8.32023943e+02
 8.42037951e+02 8.52051958e+02 8.62065965e+02 8.72079973e+02
 8.82093980e+02 8.92107988e+02 9.02121995e+02 9.12136003e+02
 9.22150010e+02 9.32164017e+02 9.42178025e+02 9.52192032e+02
 9.62206040e+02 9.72220047e+02 9.82234055e+02 9.92248062e+02]
d_y_fitting=[-1.8128655  -2.11587881 -2.33584353 -2.47869784 -2.55037992 -2.55682795
 -2.50398009 -2.39777453 -2.24414944 -2.049043   -1.81839338 -1.55813875
 -1.27421731 -0.97256721 -0.65912665 -0.33983378 -0.0206268   0.29255613
  0.59377683  0.87709712  1.13657882  1.36628525  1.56230005  1.72672684
  1.8627855   1.97369592  2.0626767   2.13266877  2.18598698  2.2248605
  2.25151851  2.26819017  2.27710466  2.28049113  2.28029754  2.2763887
  2.26769396  2.25313822  2.23164635  2.20214327  2.16355386  2.11585077
  2.0631434   2.01056198  1.9632367   1.92629777  1.90487541  1.90409982
  1.92910121  1.98500978  2.07689367  2.20437678  2.35747191  2.52521098
  2.69662592  2.86074864  3.00661707  3.12497671  3.21062534  3.25894863
  3.26533228  3.22516198  3.13382342  2.98779924  2.79388225  2.56451555
  2.31220016  2.0494371   1.78872738  1.54257201  1.32347201  1.14392841
  1.01644221  0.95193517  0.94757379  0.99343779  1.07954823  1.19592616
  1.33259262  1.47956867  1.62687534  1.7645337   1.88256478  1.97130976
  2.02799964  2.05650238  2.06095541  2.04549621  2.01426223  1.97139092
  1.92101975  1.86728616  1.81432762  1.76628159  1.72728551  1.70147685
  1.69299306  1.7059716   1.74454993  1.8128655 ]