
p_x=[1.7226528854435832, 49.09560723514212, 100.7751937984496, 118.86304909560722, 150.7321274763135, 230.83548664944016, 288.5443583118002, 349.69853574504737, 369.50904392764863, 391.90353143841514, 426.3565891472868, 496.9853574504737, 551.2489233419467, 627.9069767441861, 694.229112833764, 760.551248923342, 791.5590008613265, 820.8440999138674, 938.8458225667528, 994.8320413436692]
p_y=[1.1764705882352935, 1.0588235294117645, -0.117647058823529, -0.235294117647058, -1.4117647058823515, -1.1764705882352935, -1.2941176470588225, 0.7058823529411757, 1.2941176470588225, 0.8235294117647065, -1.0588235294117645, -1.2941176470588225, -1.2941176470588225, 1.1764705882352935, 1.1764705882352935, -1.1764705882352935, -1.4117647058823515, -1.4117647058823515, -0.9411764705882355, -0.47058823529411775]
a_x=[5.167958656330749, 57.70887166236004, 118.00172265288545, 135.22825150732126, 155.03875968992247, 176.57192075796726, 280.79242032730406, 382.4289405684754, 518.5185185185185, 596.8992248062015, 632.213608957795, 696.8130921619294, 762.2739018087855, 819.1214470284239, 934.5391903531438, 995.693367786391]
a_y=[-5.087719298245615, -4.853801169590643, -5.087719298245615, -5.789473684210527, -5.906432748538011, -5.906432748538011, -6.140350877192983, -5.906432748538011, -6.023391812865498, -5.6725146198830405, -3.8011695906432745, -4.035087719298245, -6.023391812865498, -5.789473684210527, -5.438596491228068, -4.970760233918128]
d_x=[3.4453057708871664, 55.12489233419466, 86.99397071490095, 117.14039621016366, 142.1188630490956, 173.1266149870801, 196.38242894056847, 278.20844099913865, 370.3703703703703, 392.76485788113695, 428.9405684754522, 496.1240310077519, 550.3875968992248, 584.8406546080964, 612.4031007751938, 635.6589147286821, 688.1998277347114, 741.6020671834625, 777.7777777777778, 801.0335917312663, 822.566752799311, 868.2170542635658, 933.677863910422, 992.2480620155038]
d_y=[1.3450292397660828, 1.461988304093568, 1.578947368421053, 1.2280701754385976, -0.9941520467836256, -0.9941520467836256, -1.3450292397660828, -1.2280701754385959, 0.058479532163742576, 1.2280701754385976, -0.4093567251461998, -0.5263157894736832, -0.4093567251461998, 0.4093567251461998, 1.3450292397660828, 2.514619883040936, 3.333333333333334, 2.6315789473684212, -0.7602339181286553, -0.7602339181286553, -0.1754385964912295, -0.1754385964912295, 0.058479532163742576, 0.526315789473685]
p_x_fitting=[  1.72265289  11.75406085  21.78546881  31.81687678  41.84828474
  51.87969271  61.91110067  71.94250864  81.9739166   92.00532456
 102.03673253 112.06814049 122.09954846 132.13095642 142.16236438
 152.19377235 162.22518031 172.25658828 182.28799624 192.31940421
 202.35081217 212.38222013 222.4136281  232.44503606 242.47644403
 252.50785199 262.53925996 272.57066792 282.60207588 292.63348385
 302.66489181 312.69629978 322.72770774 332.7591157  342.79052367
 352.82193163 362.8533396  372.88474756 382.91615553 392.94756349
 402.97897145 413.01037942 423.04178738 433.07319535 443.10460331
 453.13601128 463.16741924 473.1988272  483.23023517 493.26164313
 503.2930511  513.32445906 523.35586703 533.38727499 543.41868295
 553.45009092 563.48149888 573.51290685 583.54431481 593.57572277
 603.60713074 613.6385387  623.66994667 633.70135463 643.7327626
 653.76417056 663.79557852 673.82698649 683.85839445 693.88980242
 703.92121038 713.95261835 723.98402631 734.01543427 744.04684224
 754.0782502  764.10965817 774.14106613 784.17247409 794.20388206
 804.23529002 814.26669799 824.29810595 834.32951392 844.36092188
 854.39232984 864.42373781 874.45514577 884.48655374 894.5179617
 904.54936967 914.58077763 924.61218559 934.64359356 944.67500152
 954.70640949 964.73781745 974.76922542 984.80063338 994.83204134]
p_y_fitting=[ 1.17647059  1.40684224  1.4706194   1.40023878  1.22813708  0.986751
  0.70851726  0.42587256  0.17125361 -0.0229029  -0.12424139 -0.15828766
 -0.30817026 -0.65719162 -1.0859528  -1.45702014 -1.67526434 -1.75565853
 -1.7308596  -1.63352442 -1.49630987 -1.3518728  -1.2328701  -1.1719124
 -1.18429983 -1.24214101 -1.31091958 -1.35611919 -1.34322347 -1.23834433
 -1.03095039 -0.74024863 -0.38737401  0.00653853  0.42035405  0.83228997
  1.17477193  1.30627624  1.15639236  0.77478082  0.23261731 -0.36572623
 -0.9098163  -1.29669356 -1.50938058 -1.58594521 -1.56535377 -1.48657256
 -1.38856787 -1.310306   -1.28771988 -1.31615295 -1.36198858 -1.39098606
 -1.36890469 -1.26160764 -1.05237038 -0.76126661 -0.413046   -0.03245821
  0.35574713  0.72682035  1.05601179  1.31930141  1.50461557  1.60963375
  1.63232067  1.57064106  1.42255965  1.18604118  0.86405854  0.48175831
  0.07042177 -0.33866962 -0.71423437 -1.02499102 -1.24015437 -1.35459772
 -1.40076238 -1.41396998 -1.41820175 -1.41622309 -1.40846834 -1.39522143
 -1.37653993 -1.35246269 -1.32302858 -1.28827645 -1.24824514 -1.20297353
 -1.15250045 -1.09686477 -1.03610535 -0.97026103 -0.89937067 -0.82347313
 -0.74260726 -0.65681192 -0.56612596 -0.47058824]
a_x_fitting=[  5.16795866  15.17326582  25.17857298  35.18388015  45.18918731
  55.19449447  65.19980163  75.2051088   85.21041596  95.21572312
 105.22103029 115.22633745 125.23164461 135.23695177 145.24225894
 155.2475661  165.25287326 175.25818043 185.26348759 195.26879475
 205.27410191 215.27940908 225.28471624 235.2900234  245.29533057
 255.30063773 265.30594489 275.31125206 285.31655922 295.32186638
 305.32717354 315.33248071 325.33778787 335.34309503 345.3484022
 355.35370936 365.35901652 375.36432368 385.36963085 395.37493801
 405.38024517 415.38555234 425.3908595  435.39616666 445.40147383
 455.40678099 465.41208815 475.41739531 485.42270248 495.42800964
 505.4333168  515.43862397 525.44393113 535.44923829 545.45454545
 555.45985262 565.46515978 575.47046694 585.47577411 595.48108127
 605.48638843 615.4916956  625.49700276 635.50230992 645.50761708
 655.51292425 665.51823141 675.52353857 685.52884574 695.5341529
 705.53946006 715.54476722 725.55007439 735.55538155 745.56068871
 755.56599588 765.57130304 775.5766102  785.58191736 795.58722453
 805.59253169 815.59783885 825.60314602 835.60845318 845.61376034
 855.61906751 865.62437467 875.62968183 885.63498899 895.64029616
 905.64560332 915.65091048 925.65621765 935.66152481 945.66683197
 955.67213913 965.6774463  975.68275346 985.68806062 995.69336779]
a_y_fitting=[-5.0877193  -5.21638562 -5.23311033 -5.16599494 -5.04314095 -4.89264988
 -4.74262324 -4.62116253 -4.55636926 -4.57634495 -4.70919111 -4.98300923
 -5.40550836 -5.7897059  -5.92117567 -5.90586788 -5.89444005 -5.90429175
 -5.92290793 -5.94597592 -5.97220658 -6.00031552 -6.02901836 -6.05703071
 -6.0830682  -6.10584643 -6.12408103 -6.1364876  -6.14181204 -6.13968179
 -6.13072308 -6.11561596 -6.0950405  -6.06967674 -6.04020475 -6.00730458
 -5.97165629 -5.93393993 -5.89484012 -5.85541128 -5.8173451  -5.78239636
 -5.7523198  -5.72887018 -5.71380224 -5.70887076 -5.71583048 -5.73643615
 -5.77244254 -5.82560439 -5.89767647 -5.99041352 -6.10414747 -6.22411207
 -6.32644413 -6.38715534 -6.38225736 -6.28776186 -6.07968051 -5.73402499
 -5.23981451 -4.66606341 -4.11217399 -3.67688535 -3.41414807 -3.30762466
 -3.33482899 -3.47327495 -3.70047641 -3.99394725 -4.33129394 -4.69066847
 -5.05042185 -5.38890541 -5.68447049 -5.9154684  -6.06050842 -6.11410537
 -6.09567718 -6.02681342 -5.92910364 -5.82413739 -5.73239942 -5.66061137
 -5.60615836 -5.56624803 -5.53808802 -5.51888596 -5.50584948 -5.49618622
 -5.48710381 -5.47580989 -5.45951209 -5.43541805 -5.4007354  -5.35267178
 -5.28843482 -5.20523215 -5.10027141 -4.97076023]
d_x_fitting=[  3.44530577  13.4332124   23.42111903  33.40902566  43.39693229
  53.38483891  63.37274554  73.36065217  83.3485588   93.33646543
 103.32437206 113.31227869 123.30018532 133.28809194 143.27599857
 153.2639052  163.25181183 173.23971846 183.22762509 193.21553172
 203.20343835 213.19134497 223.1792516  233.16715823 243.15506486
 253.14297149 263.13087812 273.11878475 283.10669138 293.094598
 303.08250463 313.07041126 323.05831789 333.04622452 343.03413115
 353.02203778 363.00994441 372.99785103 382.98575766 392.97366429
 402.96157092 412.94947755 422.93738418 432.92529081 442.91319744
 452.90110406 462.88901069 472.87691732 482.86482395 492.85273058
 502.84063721 512.82854384 522.81645047 532.80435709 542.79226372
 552.78017035 562.76807698 572.75598361 582.74389024 592.73179687
 602.71970349 612.70761012 622.69551675 632.68342338 642.67133001
 652.65923664 662.64714327 672.6350499  682.62295652 692.61086315
 702.59876978 712.58667641 722.57458304 732.56248967 742.5503963
 752.53830293 762.52620955 772.51411618 782.50202281 792.48992944
 802.47783607 812.4657427  822.45364933 832.44155596 842.42946258
 852.41736921 862.40527584 872.39318247 882.3810891  892.36899573
 902.35690236 912.34480899 922.33271561 932.32062224 942.30852887
 952.2964355  962.28434213 972.27224876 982.26015539 992.24806202]
d_y_fitting=[ 1.34502924  1.44534066  1.49092562  1.4983184   1.48405328  1.46466453
  1.45668642  1.47665322  1.54109921  1.65649287  1.69775203  1.44746876
  0.71501607 -0.28811238 -1.05443276 -1.26203248 -1.13501666 -0.99365939
 -1.07325199 -1.28050728 -1.45287204 -1.53891829 -1.55585779 -1.52191658
 -1.45532072 -1.37429626 -1.29706926 -1.24186576 -1.22606488 -1.24666077
 -1.2797466  -1.30046543 -1.28396027 -1.20537417 -1.03985017 -0.76253128
 -0.34856055  0.22577052  0.86164755  1.23066688  1.08468852  0.57197135
 -0.06615196 -0.59144736 -0.88688748 -0.99333037 -0.96222959 -0.84503868
 -0.6932112  -0.55820069 -0.4871175  -0.47763149 -0.49600679 -0.50800575
 -0.4793907  -0.37607613 -0.18445016  0.0681759   0.34962275  0.63484408
  0.95322461  1.35923145  1.87227236  2.38327436  2.76455581  2.99812076
  3.1303178   3.20831321  3.27927323  3.38841583  3.520984    3.59237237
  3.5140382   3.19743875  2.55408293  1.57446537  0.48727558 -0.43407468
 -0.92492472 -0.94990606 -0.71961737 -0.42553561 -0.17761016 -0.05066124
 -0.02851053 -0.07144408 -0.13974791 -0.19425031 -0.21476854 -0.20464039
 -0.16866529 -0.11164268 -0.03837201  0.0463473   0.13771579  0.23093404
  0.3212026   0.40372204  0.47369292  0.52631579]