
p_x=[0.8613264427217916, 42.20499569336779, 78.38070628768304, 111.9724375538329, 128.33763996554694, 148.14814814814815, 160.2067183462532, 178.29457364341087, 200.6890611541774, 215.3316106804479, 224.8062015503876, 238.58742463393625, 254.9526270456503, 293.71231696813095, 337.63996554694234, 354.00516795865633, 369.50904392764863, 377.2609819121447, 389.3195521102498, 397.0714900947459, 408.2687338501292, 426.3565891472868, 435.83118001722653, 446.167097329888, 454.78036175710594, 461.6709732988803, 468.56158484065463, 481.48148148148147, 509.9052540913006, 551.2489233419467, 664.0826873385013, 694.229112833764, 708.8716623600344, 721.7915590008613, 734.7114556416882, 751.0766580534023, 762.2739018087855, 776.916451335056, 788.1136950904393, 796.7269595176572, 806.2015503875969, 815.6761412575366, 826.0120585701981, 848.4065460809646, 941.4298018949182, 997.4160206718346]
p_y=[-1.1764705882352935, -0.9411764705882355, -0.9411764705882355, -0.9411764705882355, -1.0588235294117645, -0.8235294117647047, 2.0, 2.235294117647059, 2.0, 1.6470588235294112, -1.4117647058823515, -1.882352941176471, -1.764705882352942, -1.647058823529413, -1.764705882352942, -1.764705882352942, -1.4117647058823515, -1.2941176470588225, -1.5294117647058805, 2.11764705882353, 2.4705882352941178, 2.3529411764705888, 2.3529411764705888, 2.3529411764705888, 1.6470588235294112, -0.8235294117647047, -0.9411764705882355, -0.9411764705882355, -1.2941176470588225, -1.2941176470588225, -1.1764705882352935, -1.4117647058823515, -1.1764705882352935, -1.1764705882352935, 2.0, 2.0, 2.235294117647059, 2.11764705882353, 1.764705882352942, -1.647058823529413, -1.4117647058823515, -1.5294117647058805, -1.5294117647058805, -1.4117647058823515, -1.5294117647058805, -1.1764705882352935]
a_x=[0.8613264427217916, 68.04478897502153, 115.41774332472008, 138.67355727820842, 155.90008613264428, 167.95865633074936, 178.29457364341087, 197.24375538329025, 207.57967269595176, 220.49956933677865, 228.25150732127477, 245.4780361757106, 265.2885443583118, 284.2377260981912, 309.21619293712314, 337.63996554694234, 359.1731266149871, 372.95434969853574, 386.73557278208443, 397.9328165374677, 403.96210163652023, 433.2472006890611, 440.9991386735573, 454.78036175710594, 463.39362618432386, 478.8975021533161, 515.9345391903531, 546.9422911283376, 587.4246339362619, 634.7975882859604, 675.2799310938847, 694.229112833764, 707.1490094745909, 720.9302325581394, 734.7114556416882, 752.7993109388458, 774.3324720068906, 795.0043066322137, 815.6761412575366, 848.4065460809646, 899.2248062015505, 950.043066322136, 997.4160206718346]
a_y=[-6.6081871345029235, -6.374269005847953, -6.842105263157894, -7.076023391812864, -6.491228070175438, -4.619883040935672, -4.035087719298245, -3.8011695906432745, -3.9181286549707615, -4.152046783625732, -6.257309941520468, -6.725146198830409, -6.725146198830409, -6.6081871345029235, -6.842105263157894, -6.491228070175438, -6.842105263157894, -6.725146198830409, -6.374269005847953, -4.619883040935672, -4.035087719298245, -4.152046783625732, -4.035087719298245, -4.269005847953215, -6.023391812865498, -6.140350877192983, -6.257309941520468, -6.257309941520468, -6.023391812865498, -6.023391812865498, -6.257309941520468, -6.6081871345029235, -6.725146198830409, -6.6081871345029235, -5.087719298245615, -5.087719298245615, -5.204678362573098, -6.257309941520468, -6.491228070175438, -6.725146198830409, -6.6081871345029235, -6.374269005847953, -6.374269005847953]
d_x=[1.7226528854435832, 39.621016365202415, 125.75366063738159, 150.7321274763135, 169.68130921619291, 201.5503875968992, 234.28079242032732, 248.06201550387595, 254.0913006029285, 291.12833763996554, 323.85874246339364, 344.53057708871665, 378.9836347975883, 385.0129198966408, 396.2101636520241, 408.2687338501292, 426.3565891472868, 443.58311800172265, 462.5322997416021, 478.8975021533161, 484.9267872523686, 491.817398794143, 509.04392764857886, 540.0516795865633, 596.0378983634797, 666.6666666666666, 695.9517657192076, 724.3755383290267, 741.6020671834625, 760.551248923342, 781.2230835486649, 801.894918173988, 823.4280792420327, 852.7131782945736, 908.69939707149, 956.9336778639104, 995.693367786391]
d_y=[0.058479532163742576, 0.29239766081871466, -0.058479532163742576, 1.1111111111111107, 2.6315789473684212, 2.7485380116959064, 2.280701754385966, 0.8771929824561404, 0.526315789473685, 0.526315789473685, 0.7602339181286553, 0.526315789473685, 0.29239766081871466, 1.2280701754385976, 3.333333333333334, 3.6842105263157894, 3.6842105263157894, 3.8011695906432754, 3.5672514619883042, 1.461988304093568, 0.526315789473685, 0.6432748538011701, 0.7602339181286553, 0.8771929824561404, 0.9941520467836256, 0.9941520467836256, 0.8771929824561404, 0.7602339181286553, 2.514619883040936, 3.0994152046783627, 2.7485380116959064, 0.9941520467836256, 0.8771929824561404, 0.9941520467836256, 1.1111111111111107, 1.1111111111111107, 0.6432748538011701]
p_x_fitting=[8.61326443e-01 1.09275355e+01 2.09937445e+01 3.10599535e+01
 4.11261626e+01 5.11923716e+01 6.12585806e+01 7.13247897e+01
 8.13909987e+01 9.14572077e+01 1.01523417e+02 1.11589626e+02
 1.21655835e+02 1.31722044e+02 1.41788253e+02 1.51854462e+02
 1.61920671e+02 1.71986880e+02 1.82053089e+02 1.92119298e+02
 2.02185507e+02 2.12251716e+02 2.22317925e+02 2.32384134e+02
 2.42450343e+02 2.52516552e+02 2.62582761e+02 2.72648970e+02
 2.82715179e+02 2.92781388e+02 3.02847597e+02 3.12913806e+02
 3.22980015e+02 3.33046225e+02 3.43112434e+02 3.53178643e+02
 3.63244852e+02 3.73311061e+02 3.83377270e+02 3.93443479e+02
 4.03509688e+02 4.13575897e+02 4.23642106e+02 4.33708315e+02
 4.43774524e+02 4.53840733e+02 4.63906942e+02 4.73973151e+02
 4.84039360e+02 4.94105569e+02 5.04171778e+02 5.14237987e+02
 5.24304196e+02 5.34370405e+02 5.44436614e+02 5.54502823e+02
 5.64569032e+02 5.74635241e+02 5.84701450e+02 5.94767659e+02
 6.04833868e+02 6.14900077e+02 6.24966286e+02 6.35032495e+02
 6.45098705e+02 6.55164914e+02 6.65231123e+02 6.75297332e+02
 6.85363541e+02 6.95429750e+02 7.05495959e+02 7.15562168e+02
 7.25628377e+02 7.35694586e+02 7.45760795e+02 7.55827004e+02
 7.65893213e+02 7.75959422e+02 7.86025631e+02 7.96091840e+02
 8.06158049e+02 8.16224258e+02 8.26290467e+02 8.36356676e+02
 8.46422885e+02 8.56489094e+02 8.66555303e+02 8.76621512e+02
 8.86687721e+02 8.96753930e+02 9.06820139e+02 9.16886348e+02
 9.26952557e+02 9.37018766e+02 9.47084976e+02 9.57151185e+02
 9.67217394e+02 9.77283603e+02 9.87349812e+02 9.97416021e+02]
p_y_fitting=[-1.17647059 -1.09320015 -1.02723383 -0.97774542 -0.9439087  -0.92489744
 -0.91988543 -0.92804645 -0.94845576 -0.97250679 -0.97853824 -0.9436201
 -0.91237903 -1.21834777 -1.45668828 -0.01097782  2.26286624  2.57800697
  2.03640246  1.77156673  2.0928052   2.18798399 -0.67731009 -2.14197458
 -1.75883307 -1.7447064  -1.79338766 -1.76691303 -1.70540953 -1.65036183
 -1.63602099 -1.6583997  -1.70092216 -1.74700491 -1.77941881 -1.76873549
 -1.64410583 -1.231332   -2.02323888  0.39323321  2.88905696  2.19741991
  2.30186743  2.36746913  2.32865899  1.89163055 -1.1100462  -0.79622704
 -1.00335748 -1.17611    -1.2650936  -1.31097071 -1.33583888 -1.33953035
 -1.32056193 -1.2775066  -1.21256626 -1.13372137 -1.0494679  -0.96830182
 -0.8987191  -0.84921571 -0.82828762 -0.8444308  -0.90614122 -1.02191485
 -1.20020734 -1.41209773 -1.52207889 -1.37613459 -1.12098004 -1.48430607
 -0.34969451  2.14651124  2.23696846  2.05691223  2.19479244  2.07578383
  2.23093001 -1.48062741 -1.41508331 -1.54585311 -1.52566391 -1.43755486
 -1.41284369 -1.41228615 -1.42181859 -1.43857077 -1.45972327 -1.48245668
 -1.50395159 -1.52138859 -1.53194828 -1.53281123 -1.52115804 -1.49416929
 -1.44902559 -1.38290751 -1.29299565 -1.17647059]
a_x_fitting=[8.61326443e-01 1.09275355e+01 2.09937445e+01 3.10599535e+01
 4.11261626e+01 5.11923716e+01 6.12585806e+01 7.13247897e+01
 8.13909987e+01 9.14572077e+01 1.01523417e+02 1.11589626e+02
 1.21655835e+02 1.31722044e+02 1.41788253e+02 1.51854462e+02
 1.61920671e+02 1.71986880e+02 1.82053089e+02 1.92119298e+02
 2.02185507e+02 2.12251716e+02 2.22317925e+02 2.32384134e+02
 2.42450343e+02 2.52516552e+02 2.62582761e+02 2.72648970e+02
 2.82715179e+02 2.92781388e+02 3.02847597e+02 3.12913806e+02
 3.22980015e+02 3.33046225e+02 3.43112434e+02 3.53178643e+02
 3.63244852e+02 3.73311061e+02 3.83377270e+02 3.93443479e+02
 4.03509688e+02 4.13575897e+02 4.23642106e+02 4.33708315e+02
 4.43774524e+02 4.53840733e+02 4.63906942e+02 4.73973151e+02
 4.84039360e+02 4.94105569e+02 5.04171778e+02 5.14237987e+02
 5.24304196e+02 5.34370405e+02 5.44436614e+02 5.54502823e+02
 5.64569032e+02 5.74635241e+02 5.84701450e+02 5.94767659e+02
 6.04833868e+02 6.14900077e+02 6.24966286e+02 6.35032495e+02
 6.45098705e+02 6.55164914e+02 6.65231123e+02 6.75297332e+02
 6.85363541e+02 6.95429750e+02 7.05495959e+02 7.15562168e+02
 7.25628377e+02 7.35694586e+02 7.45760795e+02 7.55827004e+02
 7.65893213e+02 7.75959422e+02 7.86025631e+02 7.96091840e+02
 8.06158049e+02 8.16224258e+02 8.26290467e+02 8.36356676e+02
 8.46422885e+02 8.56489094e+02 8.66555303e+02 8.76621512e+02
 8.86687721e+02 8.96753930e+02 9.06820139e+02 9.16886348e+02
 9.26952557e+02 9.37018766e+02 9.47084976e+02 9.57151185e+02
 9.67217394e+02 9.77283603e+02 9.87349812e+02 9.97416021e+02]
a_y_fitting=[-6.60818713 -6.44645876 -6.3388478  -6.27927882 -6.2616764  -6.27996511
 -6.32806951 -6.39991419 -6.48942371 -6.59052265 -6.69713557 -6.80318705
 -6.90332438 -7.00220776 -7.10699493 -6.87898312 -5.54357162 -4.27299494
 -3.93556724 -3.76691298 -3.91386545 -3.72267634 -4.57983201 -6.91024793
 -6.87399326 -6.59489242 -6.70088137 -6.70127583 -6.61118295 -6.67599891
 -6.81342161 -6.81566465 -6.64280789 -6.49305184 -6.567624   -6.7837552
 -6.81574685 -6.72607972 -6.63788627 -5.34290072 -4.06456617 -3.78357616
 -3.97358706 -4.15320016 -3.92938602 -4.13702296 -6.10099276 -6.39481207
 -5.95010882 -5.86776958 -6.02023764 -6.22921557 -6.33827993 -6.33728495
 -6.2760762  -6.20148664 -6.13264258 -6.07444659 -6.03168496 -6.00843432
 -6.00215252 -6.00669262 -6.01587148 -6.02350601 -6.02905172 -6.05299431
 -6.12072146 -6.25762086 -6.4614667  -6.62028093 -6.70195444 -6.81564112
 -6.12896199 -5.01921372 -4.91155163 -5.12403986 -5.11223991 -5.25798604
 -5.78439512 -6.29736838 -6.47693639 -6.49210928 -6.54208414 -6.62883588
 -6.71247636 -6.75748655 -6.76033481 -6.73170865 -6.68236018 -6.62304149
 -6.5638231  -6.50893195 -6.45962353 -6.41712983 -6.38268286 -6.35751462
 -6.34285712 -6.33994234 -6.3500023  -6.37426901]
d_x_fitting=[  1.72265289  11.76276112  21.80286935  31.84297758  41.88308581
  51.92319404  61.96330227  72.0034105   82.04351874  92.08362697
 102.1237352  112.16384343 122.20395166 132.24405989 142.28416812
 152.32427636 162.36438459 172.40449282 182.44460105 192.48470928
 202.52481751 212.56492574 222.60503397 232.64514221 242.68525044
 252.72535867 262.7654669  272.80557513 282.84568336 292.88579159
 302.92589983 312.96600806 323.00611629 333.04622452 343.08633275
 353.12644098 363.16654921 373.20665744 383.24676568 393.28687391
 403.32698214 413.36709037 423.4071986  433.44730683 443.48741506
 453.52752329 463.56763153 473.60773976 483.64784799 493.68795622
 503.72806445 513.76817268 523.80828091 533.84838915 543.88849738
 553.92860561 563.96871384 574.00882207 584.0489303  594.08903853
 604.12914676 614.169255   624.20936323 634.24947146 644.28957969
 654.32968792 664.36979615 674.40990438 684.45001262 694.49012085
 704.53022908 714.57033731 724.61044554 734.65055377 744.690662
 754.73077023 764.77087847 774.8109867  784.85109493 794.89120316
 804.93131139 814.97141962 825.01152785 835.05163609 845.09174432
 855.13185255 865.17196078 875.21206901 885.25217724 895.29228547
 905.3323937  915.37250194 925.41261017 935.4527184  945.49282663
 955.53293486 965.57304309 975.61315132 985.65325956 995.69336779]
d_y_fitting=[ 0.05847953  0.24688963  0.33251913  0.33504915  0.27416081  0.16953525
  0.04085358 -0.09220306 -0.20995356 -0.29271679 -0.32081162 -0.27455692
 -0.13427158  0.12253698  0.55356448  1.24009503  2.11717859  2.75442046
  2.9153841   2.8231182   2.74972988  2.83635539  2.83159674  2.41082724
  1.40071925  0.58736901  0.29000591  0.26469113  0.3916465   0.55152192
  0.66125531  0.72464795  0.75822667  0.75390533  0.57644458  0.11869608
 -0.29918286 -0.19371912  0.90934515  2.89282803  3.71872328  3.64989276
  3.66902473  3.72204789  3.80016533  3.85927514  3.49581818  2.35644668
  0.65362814  0.72105519  0.81048661  0.7340471   0.75161786  0.82580965
  0.90496969  0.96006229  0.99284747  1.00729219  1.00736339  0.99702802
  0.98028069  0.9613166   0.94441938  0.93387303  0.93396157  0.94896903
  0.9831794   1.03372819  1.03975077  0.912217    0.6139769   0.43193092
  0.77744044  1.80671011  2.73056614  3.0525247   3.1210941   3.03176798
  2.47739314  1.53342354  0.85700988  0.76029363  0.89805232  0.97732142
  0.99538962  0.99434491  1.00236142  1.01990547  1.04416222  1.07231678
  1.1015543   1.12892195  1.14985106  1.15872487  1.14990888  1.11776861
  1.05666956  0.96097724  0.82505717  0.64327485]