
p_x=[1.7226528854435832, 139.53488372093022, 642.5495262704565, 816.5374677002584, 999.1386735572783]
p_y=[-1.1764705882352935, -0.117647058823529, -3.0588235294117645, -2.5882352941176467, -1.2941176470588225]
a_x=[4.3066322136089585, 122.3083548664944, 286.8217054263566, 514.2118863049095, 757.1059431524549, 996.5546942291128]
a_y=[-6.842105263157894, -5.438596491228068, -5.6725146198830405, -4.152046783625732, -3.6842105263157894, -2.7485380116959064]
d_x=[1.7226528854435832, 203.27304048234282, 459.0869939707149, 560.7235142118863, 664.0826873385013, 732.1274763135228, 794.1429801894918, 906.9767441860464, 995.693367786391]
d_y=[-0.6432748538011701, 2.514619883040936, 2.6315789473684212, 3.333333333333334, -0.7602339181286553, -0.8771929824561404, -1.2280701754385959, -1.3450292397660828, -1.1111111111111107]
p_x_fitting=[  1.72265289  11.79756219  21.87247148  31.94738078  42.02229008
  52.09719938  62.17210868  72.24701798  82.32192728  92.39683658
 102.47174588 112.54665518 122.62156448 132.69647378 142.77138308
 152.84629238 162.92120168 172.99611098 183.07102028 193.14592958
 203.22083888 213.29574818 223.37065748 233.44556678 243.52047608
 253.59538538 263.67029468 273.74520398 283.82011328 293.89502258
 303.96993188 314.04484118 324.11975048 334.19465978 344.26956908
 354.34447838 364.41938768 374.49429697 384.56920627 394.64411557
 404.71902487 414.79393417 424.86884347 434.94375277 445.01866207
 455.09357137 465.16848067 475.24338997 485.31829927 495.39320857
 505.46811787 515.54302717 525.61793647 535.69284577 545.76775507
 555.84266437 565.91757367 575.99248297 586.06739227 596.14230157
 606.21721087 616.29212017 626.36702947 636.44193877 646.51684807
 656.59175737 666.66666667 676.74157597 686.81648527 696.89139457
 706.96630387 717.04121317 727.11612246 737.19103176 747.26594106
 757.34085036 767.41575966 777.49066896 787.56557826 797.64048756
 807.71539686 817.79030616 827.86521546 837.94012476 848.01503406
 858.08994336 868.16485266 878.23976196 888.31467126 898.38958056
 908.46448986 918.53939916 928.61430846 938.68921776 948.76412706
 958.83903636 968.91394566 978.98885496 989.06376426 999.13867356]
p_y_fitting=[-1.17647059 -1.03462422 -0.90403952 -0.7844348  -0.67552835 -0.57703846
 -0.48868344 -0.41018157 -0.34125116 -0.28161051 -0.2309779  -0.18907163
 -0.15561001 -0.13031132 -0.11289386 -0.10307594 -0.10057585 -0.10511187
 -0.11640232 -0.13416548 -0.15811965 -0.18798314 -0.22347422 -0.26431121
 -0.3102124  -0.36089608 -0.41608056 -0.47548412 -0.53882506 -0.60582169
 -0.67619229 -0.74965516 -0.8259286  -0.90473091 -0.98578039 -1.06879532
 -1.153494   -1.23959474 -1.32681582 -1.41487555 -1.50349222 -1.59238413
 -1.68126957 -1.76986684 -1.85789424 -1.94507006 -2.0311126  -2.11574016
 -2.19867103 -2.2796235  -2.35831588 -2.43446647 -2.50779355 -2.57801543
 -2.64485039 -2.70801675 -2.76723278 -2.8222168  -2.8726871  -2.91836196
 -2.9589597  -2.9941986  -3.02379697 -3.04747309 -3.06495038 -3.07615866
 -3.08130026 -3.08059621 -3.07426752 -3.0625352  -3.04562027 -3.02374375
 -2.99712666 -2.96599    -2.9305548  -2.89104206 -2.84767281 -2.80066806
 -2.75024883 -2.69663612 -2.64005097 -2.58071437 -2.51884736 -2.45467094
 -2.38840612 -2.32027394 -2.25049539 -2.1792915  -2.10688328 -2.03349175
 -1.95933792 -1.88464281 -1.80962743 -1.7345128  -1.65951994 -1.58486986
 -1.51078357 -1.4374821  -1.36518645 -1.29411765]
a_x_fitting=[  4.30663221  14.32933991  24.35204761  34.3747553   44.397463
  54.4201707   64.4428784   74.46558609  84.48829379  94.51100149
 104.53370918 114.55641688 124.57912458 134.60183228 144.62453997
 154.64724767 164.66995537 174.69266306 184.71537076 194.73807846
 204.76078616 214.78349385 224.80620155 234.82890925 244.85161694
 254.87432464 264.89703234 274.91974004 284.94244773 294.96515543
 304.98786313 315.01057082 325.03327852 335.05598622 345.07869392
 355.10140161 365.12410931 375.14681701 385.1695247  395.1922324
 405.2149401  415.2376478  425.26035549 435.28306319 445.30577089
 455.32847858 465.35118628 475.37389398 485.39660168 495.41930937
 505.44201707 515.46472477 525.48743246 535.51014016 545.53284786
 555.55555556 565.57826325 575.60097095 585.62367865 595.64638634
 605.66909404 615.69180174 625.71450944 635.73721713 645.75992483
 655.78263253 665.80534022 675.82804792 685.85075562 695.87346332
 705.89617101 715.91887871 725.94158641 735.9642941  745.9870018
 756.0097095  766.0324172  776.05512489 786.07783259 796.10054029
 806.12324798 816.14595568 826.16866338 836.19137108 846.21407877
 856.23678647 866.25949417 876.28220186 886.30490956 896.32761726
 906.35032495 916.37303265 926.39574035 936.41844805 946.44115574
 956.46386344 966.48657114 976.50927883 986.53198653 996.55469423]
a_y_fitting=[-6.84210526 -6.6068774  -6.39752568 -6.21271844 -6.051124   -5.91141069
 -5.79224683 -5.69230075 -5.61024077 -5.54473522 -5.49445243 -5.45806072
 -5.43422842 -5.42162384 -5.41891533 -5.4247712  -5.43785978 -5.45684939
 -5.48040837 -5.50720503 -5.5359077  -5.56518471 -5.59370438 -5.62013504
 -5.64314502 -5.66140264 -5.67357622 -5.67833409 -5.67434458 -5.66045849
 -5.6368224  -5.60414359 -5.56313162 -5.51449601 -5.4589463  -5.39719203
 -5.32994275 -5.25790797 -5.18179725 -5.10232012 -5.02018612 -4.93610479
 -4.85078566 -4.76493826 -4.67927215 -4.59449685 -4.51132191 -4.43045686
 -4.35261123 -4.27849457 -4.20881642 -4.14428598 -4.08538051 -4.03193636
 -3.98368013 -3.94033842 -3.90163784 -3.86730499 -3.83706648 -3.81064892
 -3.7877789  -3.76818304 -3.75158793 -3.73772018 -3.72630639 -3.71707318
 -3.70974713 -3.70405487 -3.69972299 -3.69647809 -3.69404679 -3.69215568
 -3.69053137 -3.68890047 -3.68698957 -3.68452529 -3.68123423 -3.67684299
 -3.67107817 -3.66366639 -3.65433424 -3.64280833 -3.62881527 -3.61208165
 -3.59233409 -3.56929918 -3.54270354 -3.51227376 -3.47773646 -3.43881822
 -3.39524567 -3.3467454  -3.29304402 -3.23386814 -3.16894435 -3.09799926
 -3.02075948 -2.93695161 -2.84630225 -2.74853801]
d_x_fitting=[  1.72265289  11.76276112  21.80286935  31.84297758  41.88308581
  51.92319404  61.96330227  72.0034105   82.04351874  92.08362697
 102.1237352  112.16384343 122.20395166 132.24405989 142.28416812
 152.32427636 162.36438459 172.40449282 182.44460105 192.48470928
 202.52481751 212.56492574 222.60503397 232.64514221 242.68525044
 252.72535867 262.7654669  272.80557513 282.84568336 292.88579159
 302.92589983 312.96600806 323.00611629 333.04622452 343.08633275
 353.12644098 363.16654921 373.20665744 383.24676568 393.28687391
 403.32698214 413.36709037 423.4071986  433.44730683 443.48741506
 453.52752329 463.56763153 473.60773976 483.64784799 493.68795622
 503.72806445 513.76817268 523.80828091 533.84838915 543.88849738
 553.92860561 563.96871384 574.00882207 584.0489303  594.08903853
 604.12914676 614.169255   624.20936323 634.24947146 644.28957969
 654.32968792 664.36979615 674.40990438 684.45001262 694.49012085
 704.53022908 714.57033731 724.61044554 734.65055377 744.690662
 754.73077023 764.77087847 774.8109867  784.85109493 794.89120316
 804.93131139 814.97141962 825.01152785 835.05163609 845.09174432
 855.13185255 865.17196078 875.21206901 885.25217724 895.29228547
 905.3323937  915.37250194 925.41261017 935.4527184  945.49282663
 955.53293486 965.57304309 975.61315132 985.65325956 995.69336779]
d_y_fitting=[-0.64327485 -0.24433643  0.12170868  0.45611496  0.76013686  1.03502886
  1.28204541  1.50244099  1.69747005  1.86838707  2.01644652  2.14290285
  2.24901053  2.33602403  2.40519782  2.45778636  2.49504411  2.51822555
  2.52858514  2.52737734  2.51585663  2.49527746  2.4668943   2.43196162
  2.39173389  2.34746556  2.30041112  2.25182501  2.20296171  2.15507569
  2.10942141  2.06725333  2.02982592  1.99839365  1.97421099  1.9585324
  1.95261234  1.95770528  1.97506569  2.00594803  2.05160677  2.11329638
  2.19227132  2.28978605  2.40709505  2.54545278  2.70591391  2.88353217
  3.06645663  3.24245476  3.399294    3.52474181  3.60656563  3.63253292
  3.59041113  3.46796772  3.2531516   2.9456373   2.56377216  2.12756946
  1.65704245  1.17220443  0.69306867  0.23964843 -0.168043   -0.50999235
 -0.76618651 -0.92412899 -0.99892015 -1.01199212 -0.98477703 -0.93870701
 -0.89521419 -0.87565078 -0.89182357 -0.93706672 -1.0026012  -1.07964798
 -1.15942803 -1.23316298 -1.29409501 -1.34193704 -1.37769469 -1.40237359
 -1.41697936 -1.42251762 -1.41999398 -1.41041406 -1.39478349 -1.37410788
 -1.34939286 -1.32164404 -1.29186704 -1.26106748 -1.23025098 -1.20042317
 -1.17258965 -1.14775606 -1.12692801 -1.11111111]