
p_x=[3.4453057708871664, 54.263565891472865, 225.6675279931094, 379.8449612403101, 410.8527131782946, 437.55383290267014, 458.2256675279931, 490.9560723514212, 519.3798449612403, 540.913006029285, 568.4754521963824, 602.0671834625323, 647.7174849267873, 684.7545219638242, 732.9888027562446, 792.4203273040482, 833.7639965546942, 863.0490956072352, 914.7286821705426, 944.0137812230836, 966.4082687338502, 993.1093884582257]
p_y=[-2.117647058823529, -1.882352941176471, -1.764705882352942, -1.764705882352942, -1.647058823529413, -1.4117647058823515, 0.9411764705882355, 1.6470588235294112, 1.6470588235294112, -0.9411764705882355, -0.7058823529411757, -0.9411764705882355, -0.9411764705882355, -2.4705882352941178, -3.1764705882352935, -3.2941176470588225, -3.4117647058823515, -0.7058823529411757, -0.117647058823529, -1.1764705882352935, -2.7058823529411757, -3.0588235294117645]
a_x=[5.167958656330749, 29.285099052540914, 54.263565891472865, 83.54866494401378, 113.69509043927648, 129.19896640826872, 161.92937123169682, 197.24375538329025, 236.8647717484927, 260.12058570198104, 291.12833763996554, 352.2825150732127, 413.4366925064599, 441.8604651162791, 472.0068906115418, 505.59862187769164, 535.7450473729543, 561.5848406546081, 629.6296296296297, 739.8794142980189, 813.0921619293713, 995.693367786391]
a_y=[-6.140350877192983, -6.023391812865498, -6.023391812865498, -6.140350877192983, -6.140350877192983, -4.970760233918128, -4.385964912280702, -4.502923976608187, -4.385964912280702, -4.853801169590643, -5.087719298245615, -3.9181286549707615, -2.7485380116959064, -2.280701754385966, -2.163742690058479, -2.280701754385966, -4.385964912280702, -5.789473684210527, -6.257309941520468, -6.257309941520468, -6.6081871345029235, -6.491228070175438]
d_x=[2.5839793281653747, 56.84754521963824, 104.22049956933678, 119.72437553832903, 159.34539190353144, 204.1343669250646, 248.06201550387595, 272.17915590008613, 300.60292850990527, 334.1946597760551, 403.1007751937984, 423.77260981912144, 519.3798449612403, 624.4616709732989, 803.6175710594315, 998.2773471145564]
d_y=[-1.578947368421053, -1.4619883040935662, -1.4619883040935662, -1.1111111111111107, 1.578947368421053, 1.9298245614035086, 2.397660818713451, -0.5263157894736832, -0.5263157894736832, -0.7602339181286553, -1.1111111111111107, -1.6959064327485365, -1.6959064327485365, -1.6959064327485365, -1.9298245614035086, -2.280701754385966]
p_x_fitting=[  3.44530577  13.44191267  23.43851956  33.43512646  43.43173335
  53.42834025  63.42494715  73.42155404  83.41816094  93.41476783
 103.41137473 113.40798163 123.40458852 133.40119542 143.39780231
 153.39440921 163.3910161  173.387623   183.3842299  193.38083679
 203.37744369 213.37405058 223.37065748 233.36726438 243.36387127
 253.36047817 263.35708506 273.35369196 283.35029885 293.34690575
 303.34351265 313.34011954 323.33672644 333.33333333 343.32994023
 353.32654712 363.32315402 373.31976092 383.31636781 393.31297471
 403.3095816  413.3061885  423.3027954  433.29940229 443.29600919
 453.29261608 463.28922298 473.28582987 483.28243677 493.27904367
 503.27565056 513.27225746 523.26886435 533.26547125 543.26207815
 553.25868504 563.25529194 573.25189883 583.24850573 593.24511262
 603.24171952 613.23832642 623.23493331 633.23154021 643.2281471
 653.224754   663.2213609  673.21796779 683.21457469 693.21118158
 703.20778848 713.20439537 723.20100227 733.19760917 743.19421606
 753.19082296 763.18742985 773.18403675 783.18064365 793.17725054
 803.17385744 813.17046433 823.16707123 833.16367812 843.16028502
 853.15689192 863.15349881 873.15010571 883.1467126  893.1433195
 903.1399264  913.13653329 923.13314019 933.12974708 943.12635398
 953.12296087 963.11956777 973.11617467 983.11278156 993.10938846]
p_y_fitting=[-2.11764706 -2.06634008 -2.01733457 -1.9707842  -1.92684265 -1.88566361
 -1.84740075 -1.81220776 -1.78023831 -1.75164609 -1.72658477 -1.70520803
 -1.68766956 -1.67412304 -1.66472214 -1.65962054 -1.65897193 -1.66292998
 -1.67164838 -1.68528081 -1.70398094 -1.72790245 -1.75719903 -1.79186624
 -1.83061253 -1.87151961 -1.91266497 -1.95212611 -1.98798054 -2.01830577
 -2.04117928 -2.05467859 -2.0568812  -2.0458646  -2.0197063  -1.97648381
 -1.91427462 -1.83115623 -1.72569378 -1.62297796 -1.58771578 -1.68669069
 -1.83948379 -1.67617385 -0.83165213  0.41902537  1.2991085   1.58184971
  1.59664579  1.6945562   1.96782412  1.98101535  1.24930833 -0.09420346
 -1.09358913 -1.21208398 -0.8780675  -0.6235915  -0.65126665 -0.81462347
 -0.95045284 -0.95353906 -0.88241573 -0.82431246 -0.86645886 -1.0909567
 -1.48601356 -1.95762923 -2.40902588 -2.755132   -2.98568163 -3.11984635
 -3.17686838 -3.17598999 -3.13781245 -3.08804315 -3.05358847 -3.06135477
 -3.1382484  -3.31116256 -3.56927637 -3.78141349 -3.79244083 -3.44722529
 -2.6551717  -1.63491296 -0.69758785 -0.08819712  0.20471641  0.25474666
  0.13548752 -0.07946711 -0.33110862 -0.65516598 -1.12520961 -1.7817926
 -2.49237042 -3.06803039 -3.31982919 -3.05882353]
a_x_fitting=[  5.16795866  15.17326582  25.17857298  35.18388015  45.18918731
  55.19449447  65.19980163  75.2051088   85.21041596  95.21572312
 105.22103029 115.22633745 125.23164461 135.23695177 145.24225894
 155.2475661  165.25287326 175.25818043 185.26348759 195.26879475
 205.27410191 215.27940908 225.28471624 235.2900234  245.29533057
 255.30063773 265.30594489 275.31125206 285.31655922 295.32186638
 305.32717354 315.33248071 325.33778787 335.34309503 345.3484022
 355.35370936 365.35901652 375.36432368 385.36963085 395.37493801
 405.38024517 415.38555234 425.3908595  435.39616666 445.40147383
 455.40678099 465.41208815 475.41739531 485.42270248 495.42800964
 505.4333168  515.43862397 525.44393113 535.44923829 545.45454545
 555.45985262 565.46515978 575.47046694 585.47577411 595.48108127
 605.48638843 615.4916956  625.49700276 635.50230992 645.50761708
 655.51292425 665.51823141 675.52353857 685.52884574 695.5341529
 705.53946006 715.54476722 725.55007439 735.55538155 745.56068871
 755.56599588 765.57130304 775.5766102  785.58191736 795.58722453
 805.59253169 815.59783885 825.60314602 835.60845318 845.61376034
 855.61906751 865.62437467 875.62968183 885.63498899 895.64029616
 905.64560332 915.65091048 925.65621765 935.66152481 945.66683197
 955.67213913 965.6774463  975.68275346 985.68806062 995.69336779]
a_y_fitting=[-6.14035088 -6.06269803 -6.02861469 -6.02156817 -6.02502578 -6.02246455
 -6.01308431 -6.0437653  -6.17015583 -6.36709442 -6.41100135 -6.04896385
 -5.26857291 -4.63967833 -4.37586897 -4.34558994 -4.40933758 -4.47286983
 -4.51231772 -4.50989139 -4.45384989 -4.37678469 -4.33101236 -4.36893943
 -4.52824572 -4.75151545 -4.94572718 -5.0637631  -5.10236486 -5.06025217
 -4.94417336 -4.77079498 -4.55739739 -4.32126097 -4.07966609 -3.8497805
 -3.64053025 -3.44713058 -3.26350064 -3.08355962 -2.90122668 -2.71047304
 -2.51707341 -2.35352617 -2.2553137  -2.22190203 -2.19990958 -2.1330143
 -2.03737193 -2.0392424  -2.27410033 -2.82845077 -3.58296556 -4.36424431
 -5.02625315 -5.54258355 -5.91965555 -6.17022258 -6.31553238 -6.37742818
 -6.3777532  -6.33835066 -6.28106378 -6.22697284 -6.18513101 -6.15501002
 -6.13581575 -6.12675406 -6.12703084 -6.13585195 -6.15242326 -6.17595066
 -6.20564001 -6.24069719 -6.28032868 -6.32375154 -6.37019163 -6.41887513
 -6.46902818 -6.51987693 -6.57064754 -6.62056617 -6.66885897 -6.71475209
 -6.75747169 -6.79624392 -6.83029494 -6.8588509  -6.88113796 -6.89638226
 -6.90380998 -6.90264725 -6.89212023 -6.87145508 -6.83987796 -6.79661501
 -6.74089239 -6.67193626 -6.58897277 -6.49122807]
d_x_fitting=[  2.58397933  12.64148809  22.69899686  32.75650562  42.81401439
  52.87152316  62.92903192  72.98654069  83.04404945  93.10155822
 103.15906698 113.21657575 123.27408451 133.33159328 143.38910205
 153.44661081 163.50411958 173.56162834 183.61913711 193.67664587
 203.73415464 213.7916634  223.84917217 233.90668094 243.9641897
 254.02169847 264.07920723 274.136716   284.19422476 294.25173353
 304.30924229 314.36675106 324.42425982 334.48176859 344.53927736
 354.59678612 364.65429489 374.71180365 384.76931242 394.82682118
 404.88432995 414.94183871 424.99934748 435.05685625 445.11436501
 455.17187378 465.22938254 475.28689131 485.34440007 495.40190884
 505.4594176  515.51692637 525.57443514 535.6319439  545.68945267
 555.74696143 565.8044702  575.86197896 585.91948773 595.97699649
 606.03450526 616.09201402 626.14952279 636.20703156 646.26454032
 656.32204909 666.37955785 676.43706662 686.49457538 696.55208415
 706.60959291 716.66710168 726.72461045 736.78211921 746.83962798
 756.89713674 766.95464551 777.01215427 787.06966304 797.1271718
 807.18468057 817.24218934 827.2996981  837.35720687 847.41471563
 857.4722244  867.52973316 877.58724193 887.64475069 897.70225946
 907.75976822 917.81727699 927.87478576 937.93229452 947.98980329
 958.04731205 968.10482082 978.16232958 988.21983835 998.27734711]
d_y_fitting=[-1.57894737 -1.45732639 -1.39654034 -1.38301945 -1.40319393 -1.44349402
 -1.49034995 -1.53019193 -1.54945019 -1.53455496 -1.47193646 -1.32503204
 -0.93374181 -0.24893382  0.55167117  1.27219082  1.72093834  1.85703904
  1.82870163  1.79610749  1.91943802  2.29511834  2.73218122  2.95871818
  2.70281617  1.72860807  0.35579727 -0.66127505 -0.89522829 -0.68577795
 -0.47357592 -0.47942464 -0.6137882  -0.76370019 -0.84249998 -0.86012151
 -0.84866447 -0.84022854 -0.86691341 -0.96081875 -1.15391478 -1.44080452
 -1.7272594  -1.93413226 -2.06033321 -2.11826431 -2.12032762 -2.07892521
 -2.00645913 -1.91533146 -1.81794425 -1.72669957 -1.65341859 -1.60175562
 -1.56933639 -1.55364572 -1.55216847 -1.56238947 -1.58179357 -1.60786561
 -1.63809043 -1.66995288 -1.7009399  -1.72924456 -1.75478504 -1.7777381
 -1.79828051 -1.81658903 -1.83284041 -1.84721142 -1.85987883 -1.87101938
 -1.88080984 -1.88942697 -1.89704754 -1.90384829 -1.910006   -1.91569742
 -1.92109932 -1.92638845 -1.93174158 -1.93733546 -1.94334686 -1.94995254
 -1.95732925 -1.96565377 -1.97510284 -1.98585323 -1.9980817  -2.01196502
 -2.02767993 -2.04540321 -2.06531161 -2.08758189 -2.11239082 -2.13991516
 -2.17033166 -2.20381708 -2.24054819 -2.28070175]