
p_x=[4.3066322136089585, 128.33763996554694, 217.05426356589146, 304.90956072351423, 365.2024117140396, 453.0577088716624, 526.2704565030147, 598.6218776916451, 651.1627906976745, 697.6744186046512, 764.8578811369508, 818.260120585702, 864.7717484926786, 910.4220499569336, 990.5254091300602]
p_y=[-2.7058823529411757, 0.117647058823529, 1.4117647058823533, 1.1764705882352935, 1.0588235294117645, 0.7058823529411757, 0.0, 2.0, 0.7058823529411757, -0.117647058823529, -0.7058823529411757, -2.4705882352941178, -2.5882352941176467, -2.4705882352941178, -2.117647058823529]
a_x=[5.167958656330749, 130.92161929371233, 193.79844961240312, 303.1869078380706, 412.57536606373816, 504.73729543496984, 576.2273901808785, 667.5279931093885, 748.4926787252368, 817.3987941429803, 967.269595176572, 993.9707149009474]
a_y=[-6.023391812865498, -4.269005847953215, -3.2163742690058488, -2.7485380116959064, -2.514619883040936, -1.578947368421053, 0.29239766081871466, -1.1111111111111107, -0.8771929824561404, -0.9941520467836256, -1.4619883040935662, -1.4619883040935662]
d_x=[6.029285099052541, 106.80447889750215, 204.9956933677864, 275.62446167097335, 376.3996554694229, 433.2472006890611, 499.5693367786391, 570.198105081826, 685.6158484065461, 745.9086993970715, 807.0628768303187, 887.1662360034453, 987.941429801895]
d_y=[-1.1111111111111107, 1.1111111111111107, 1.9298245614035086, 1.1111111111111107, -1.1111111111111107, 0.7602339181286553, 2.7485380116959064, 2.7485380116959064, 0.29239766081871466, -1.4619883040935662, -1.6959064327485365, -1.4619883040935662, -1.4619883040935662]
p_x_fitting=[  4.30663221  14.26843804  24.23024387  34.1920497   44.15385552
  54.11566135  64.07746718  74.03927301  84.00107883  93.96288466
 103.92469049 113.88649632 123.84830214 133.81010797 143.7719138
 153.73371963 163.69552545 173.65733128 183.61913711 193.58094293
 203.54274876 213.50455459 223.46636042 233.42816624 243.38997207
 253.3517779  263.31358373 273.27538955 283.23719538 293.19900121
 303.16080704 313.12261286 323.08441869 333.04622452 343.00803035
 352.96983617 362.931642   372.89344783 382.85525366 392.81705948
 402.77886531 412.74067114 422.70247697 432.66428279 442.62608862
 452.58789445 462.54970028 472.5115061  482.47331193 492.43511776
 502.39692359 512.35872941 522.32053524 532.28234107 542.2441469
 552.20595272 562.16775855 572.12956438 582.09137021 592.05317603
 602.01498186 611.97678769 621.93859351 631.90039934 641.86220517
 651.824011   661.78581682 671.74762265 681.70942848 691.67123431
 701.63304013 711.59484596 721.55665179 731.51845762 741.48026344
 751.44206927 761.4038751  771.36568093 781.32748675 791.28929258
 801.25109841 811.21290424 821.17471006 831.13651589 841.09832172
 851.06012755 861.02193337 870.9837392  880.94554503 890.90735086
 900.86915668 910.83096251 920.79276834 930.75457417 940.71637999
 950.67818582 960.63999165 970.60179748 980.5636033  990.52540913]
p_y_fitting=[-2.70588235 -2.51668705 -2.31364092 -2.09883571 -1.87436311 -1.64231484
 -1.40478262 -1.16385817 -0.9216332  -0.68019943 -0.44164857 -0.20807233
  0.01843756  0.23578939  0.44189144  0.63465201  0.81197937  0.97178181
  1.11196761  1.23044506  1.32512243  1.39390803  1.43499155  1.45012319
  1.44349533  1.41934807  1.38192152  1.33545581  1.28419102  1.23236729
  1.18422472  1.1435733   1.11128229  1.08699073  1.07033349  1.06094544
  1.05846145  1.06212541  1.06801748  1.07068498  1.06466517  1.04449529
  1.00471262  0.93985438  0.84445786  0.71306029  0.54435711  0.35620783
  0.1719893   0.01507883 -0.09114623 -0.12330855 -0.05803081  0.12567226
  0.4134838   0.76416006  1.13577886  1.486418    1.7741553   1.95706859
  1.99380137  1.8752268   1.64121315  1.33573301  1.00275895  0.68626125
  0.42059927  0.20860202  0.04664246 -0.06890649 -0.14184876 -0.18297158
 -0.21219652 -0.25006196 -0.31710629 -0.43386789 -0.62088517 -0.89585071
 -1.24171405 -1.61819507 -1.98458816 -2.30018773 -2.52457793 -2.64116822
 -2.67457159 -2.65349683 -2.60665273 -2.56147064 -2.52794517 -2.50345729
 -2.48510701 -2.46999434 -2.45521927 -2.43788182 -2.41508197 -2.38391974
 -2.34149514 -2.28490815 -2.21125879 -2.11764706]
a_x_fitting=[  5.16795866  15.15586529  25.14377191  35.13167854  45.11958517
  55.1074918   65.09539843  75.08330506  85.07121169  95.05911831
 105.04702494 115.03493157 125.0228382  135.01074483 144.99865146
 154.98655809 164.97446472 174.96237134 184.95027797 194.9381846
 204.92609123 214.91399786 224.90190449 234.88981112 244.87771775
 254.86562437 264.853531   274.84143763 284.82934426 294.81725089
 304.80515752 314.79306415 324.78097078 334.7688774  344.75678403
 354.74469066 364.73259729 374.72050392 384.70841055 394.69631718
 404.68422381 414.67213043 424.66003706 434.64794369 444.63585032
 454.62375695 464.61166358 474.59957021 484.58747684 494.57538346
 504.56329009 514.55119672 524.53910335 534.52700998 544.51491661
 554.50282324 564.49072987 574.47863649 584.46654312 594.45444975
 604.44235638 614.43026301 624.41816964 634.40607627 644.3939829
 654.38188952 664.36979615 674.35770278 684.34560941 694.33351604
 704.32142267 714.3093293  724.29723593 734.28514255 744.27304918
 754.26095581 764.24886244 774.23676907 784.2246757  794.21258233
 804.20048896 814.18839558 824.17630221 834.16420884 844.15211547
 854.1400221  864.12792873 874.11583536 884.10374198 894.09164861
 904.07955524 914.06746187 924.0553685  934.04327513 944.03118176
 954.01908839 964.00699501 973.99490164 983.98280827 993.9707149 ]
a_y_fitting=[-6.02339181 -6.0036344  -5.95277171 -5.87376977 -5.76959461 -5.64321228
 -5.4975888  -5.3356902  -5.16048252 -4.97493179 -4.78200405 -4.58466532
 -4.38588164 -4.18861904 -3.99584356 -3.81052123 -3.63561808 -3.47410014
 -3.32893345 -3.20308275 -3.09831366 -3.01297256 -2.94480037 -2.89153802
 -2.85092643 -2.82070652 -2.79861922 -2.78240545 -2.76980613 -2.75856218
 -2.74641638 -2.73178418 -2.71475203 -2.6956614  -2.67485376 -2.65267061
 -2.62945342 -2.60554366 -2.58128281 -2.55701236 -2.53307378 -2.50979903
 -2.48573623 -2.45556255 -2.41344787 -2.35356209 -2.2700751  -2.15715679
 -2.00897704 -1.81970576 -1.58351282 -1.29901219 -0.983548   -0.65939812
 -0.34884041 -0.07415275  0.142387    0.27850096  0.31576596  0.26207442
  0.1363137  -0.04259199 -0.25571844 -0.48414143 -0.70893673 -0.91118014
 -1.07194744 -1.17393851 -1.2176061  -1.21434296 -1.17570242 -1.11323779
 -1.03850242 -0.96304962 -0.89843273 -0.85570362 -0.83769998 -0.84055174
 -0.86019253 -0.89255597 -0.93357568 -0.9791853  -1.02551708 -1.07091556
 -1.11510779 -1.15784192 -1.19886611 -1.23792852 -1.2747773  -1.30916063
 -1.34082664 -1.36952352 -1.3949994  -1.41700246 -1.43528085 -1.44958273
 -1.45965625 -1.46524959 -1.46611088 -1.4619883 ]
d_x_fitting=[  6.0292851   15.94758959  25.86589408  35.78419857  45.70250307
  55.62080756  65.53911205  75.45741654  85.37572103  95.29402553
 105.21233002 115.13063451 125.048939   134.96724349 144.88554799
 154.80385248 164.72215697 174.64046146 184.55876595 194.47707045
 204.39537494 214.31367943 224.23198392 234.15028841 244.06859291
 253.9868974  263.90520189 273.82350638 283.74181087 293.66011537
 303.57841986 313.49672435 323.41502884 333.33333333 343.25163783
 353.16994232 363.08824681 373.0065513  382.92485579 392.84316029
 402.76146478 412.67976927 422.59807376 432.51637825 442.43468274
 452.35298724 462.27129173 472.18959622 482.10790071 492.0262052
 501.9445097  511.86281419 521.78111868 531.69942317 541.61772766
 551.53603216 561.45433665 571.37264114 581.29094563 591.20925012
 601.12755462 611.04585911 620.9641636  630.88246809 640.80077258
 650.71907708 660.63738157 670.55568606 680.47399055 690.39229504
 700.31059954 710.22890403 720.14720852 730.06551301 739.9838175
 749.902122   759.82042649 769.73873098 779.65703547 789.57533996
 799.49364445 809.41194895 819.33025344 829.24855793 839.16686242
 849.08516691 859.00347141 868.9217759  878.84008039 888.75838488
 898.67668937 908.59499387 918.51329836 928.43160285 938.34990734
 948.26821183 958.18651633 968.10482082 978.02312531 987.9414298 ]
d_y_fitting=[-1.11111111 -0.85038924 -0.59696071 -0.35151618 -0.11474632  0.11265818
  0.33000667  0.53660848  0.73177292  0.91480934  1.08502705  1.24173539
  1.3842437   1.51186128  1.62389749  1.71966164  1.79846307  1.8596111
  1.90241507  1.92618429  1.93022811  1.91338154  1.87220372  1.802572
  1.70036359  1.56145572  1.38172561  1.15705048  0.88523406  0.57750526
  0.2508062  -0.0779     -0.39165017 -0.67348119 -0.90642991 -1.07353317
 -1.15782785 -1.14235079 -1.01212811 -0.77606288 -0.45882745 -0.08537385
  0.31934588  0.73037971  1.12539445  1.49513293  1.83441085  2.13804525
  2.40085315  2.61765158  2.78328154  2.89581058  2.95975696  2.98040643
  2.96304474  2.91295767  2.83543096  2.73574888  2.61794528  2.48253278
  2.32940874  2.15847049  1.96961536  1.76274069  1.53774382  1.29452208
  1.03297281  0.75299334  0.45448102  0.13759407 -0.19095576 -0.51758059
 -0.82836706 -1.10940179 -1.34677144 -1.52682911 -1.64612777 -1.71437902
 -1.74216469 -1.74006664 -1.7186667  -1.68852428 -1.657089   -1.6255481
 -1.59433719 -1.56389188 -1.53464778 -1.50704051 -1.48150567 -1.45847888
 -1.43839576 -1.4216919  -1.40880293 -1.40016446 -1.39621209 -1.39738145
 -1.40410813 -1.41682776 -1.43597595 -1.4619883 ]