
p_x=[1.7226528854435832, 42.20499569336779, 83.54866494401378, 151.5934539190353, 191.2144702842377, 210.16365202411714, 236.8647717484927, 258.39793281653743, 287.6830318690784, 341.08527131782944, 387.59689922480624, 419.4659776055125, 434.1085271317829, 451.3350559862188, 465.1162790697674, 478.0361757105943, 496.9853574504737, 543.4969853574505, 638.2428940568475, 735.57278208441, 847.5452196382429, 919.8966408268734, 998.2773471145564]
p_y=[1.1764705882352935, 1.4117647058823533, 1.6470588235294112, 1.5294117647058822, 1.2941176470588225, 1.1764705882352935, -1.1764705882352935, -1.647058823529413, -1.764705882352942, -1.764705882352942, -1.882352941176471, -1.882352941176471, -1.882352941176471, -1.4117647058823515, 0.9411764705882355, 1.6470588235294112, 1.6470588235294112, 1.4117647058823533, 1.5294117647058822, 1.6470588235294112, 1.4117647058823533, 1.2941176470588225, 1.1764705882352935]
a_x=[0.8613264427217916, 95.60723514211885, 211.02497846683892, 247.20068906115418, 429.801894918174, 642.5495262704565, 684.7545219638242, 721.7915590008613, 764.8578811369508, 819.1214470284239, 894.9181739879414, 955.2110249784669, 996.5546942291128]
a_y=[-6.140350877192983, -5.789473684210527, -5.555555555555555, -5.6725146198830405, -5.6725146198830405, -5.6725146198830405, -5.6725146198830405, -4.502923976608187, -5.204678362573098, -4.970760233918128, -5.321637426900585, -5.789473684210527, -5.6725146198830405]
d_x=[1.7226528854435832, 79.24203273040483, 149.00947459086993, 209.30232558139537, 220.49956933677865, 229.97416020671835, 253.2299741602067, 279.93109388458225, 331.61068044788976, 408.2687338501292, 427.2179155900086, 450.473729543497, 463.39362618432386, 482.34280792420327, 503.01464254952634, 559.0008613264428, 625.3229974160207, 702.8423772609818, 789.8363479758829, 881.1369509043928, 998.2773471145564]
d_y=[1.2280701754385976, 1.3450292397660828, 1.3450292397660828, 1.3450292397660828, 1.1111111111111107, -1.1111111111111107, -1.4619883040935662, -1.4619883040935662, -1.4619883040935662, -1.4619883040935662, -1.4619883040935662, -1.4619883040935662, 1.3450292397660828, 1.6959064327485383, 2.0467836257309946, 1.6959064327485383, 1.6959064327485383, 1.8128654970760234, 1.9298245614035086, 2.1637426900584797, 1.6959064327485383]
p_x_fitting=[  1.72265289  11.78886192  21.85507095  31.92127998  41.98748902
  52.05369805  62.11990708  72.18611611  82.25232515  92.31853418
 102.38474321 112.45095224 122.51716128 132.58337031 142.64957934
 152.71578837 162.78199741 172.84820644 182.91441547 192.98062451
 203.04683354 213.11304257 223.1792516  233.24546064 243.31166967
 253.3778787  263.44408773 273.51029677 283.5765058  293.64271483
 303.70892386 313.7751329  323.84134193 333.90755096 343.97375999
 354.03996903 364.10617806 374.17238709 384.23859612 394.30480516
 404.37101419 414.43722322 424.50343226 434.56964129 444.63585032
 454.70205935 464.76826839 474.83447742 484.90068645 494.96689548
 505.03310452 515.09931355 525.16552258 535.23173161 545.29794065
 555.36414968 565.43035871 575.49656774 585.56277678 595.62898581
 605.69519484 615.76140388 625.82761291 635.89382194 645.96003097
 656.02624001 666.09244904 676.15865807 686.2248671  696.29107614
 706.35728517 716.4234942  726.48970323 736.55591227 746.6221213
 756.68833033 766.75453936 776.8207484  786.88695743 796.95316646
 807.01937549 817.08558453 827.15179356 837.21800259 847.28421163
 857.35042066 867.41662969 877.48283872 887.54904776 897.61525679
 907.68146582 917.74767485 927.81388389 937.88009292 947.94630195
 958.01251098 968.07872002 978.14492905 988.21113808 998.27734711]
p_y_fitting=[ 1.17647059  1.22662065  1.28395625  1.34602324  1.4103675   1.47453488
  1.53607126  1.59252248  1.64143443  1.68025329  1.70583646  1.71482583
  1.70386298  1.66958951  1.60864699  1.5176875   1.40371455  1.30347432
  1.25902203  1.31194875  1.36614482  1.00045576  0.08880222 -0.9019634
 -1.48288953 -1.63565265 -1.66047119 -1.70325584 -1.74964925 -1.77938303
 -1.78786178 -1.78281012 -1.77228467 -1.76434204 -1.76698713 -1.78376657
 -1.81039849 -1.84180753 -1.87291834 -1.89843325 -1.91046779 -1.89946725
 -1.86021937 -1.88780282 -1.90320336 -0.89944297  0.89382659  1.59934116
  1.68423569  1.65770898  1.60232479  1.54491628  1.49010831  1.44242029
  1.4063655   1.38472604  1.37618521  1.37883312  1.39075989  1.41005564
  1.43481049  1.46311455  1.49305795  1.52273079  1.55034988  1.57517535
  1.59698051  1.61554224  1.6306374   1.64204286  1.64953551  1.65289221
  1.65188983  1.64630539  1.63610278  1.62180508  1.60403948  1.58343317
  1.56061333  1.53620717  1.51084186  1.4851446   1.45974258  1.43526299
  1.41233302  1.39144102  1.37247509  1.35516111  1.33922499  1.32439261
  1.31038987  1.29694264  1.28377683  1.27061833  1.25719302  1.2432268
  1.22844555  1.21257517  1.19534156  1.17647059]
a_x_fitting=[8.61326443e-01 1.09188352e+01 2.09763440e+01 3.10338527e+01
 4.10913615e+01 5.11488703e+01 6.12063790e+01 7.12638878e+01
 8.13213966e+01 9.13789053e+01 1.01436414e+02 1.11493923e+02
 1.21551432e+02 1.31608940e+02 1.41666449e+02 1.51723958e+02
 1.61781467e+02 1.71838975e+02 1.81896484e+02 1.91953993e+02
 2.02011502e+02 2.12069011e+02 2.22126519e+02 2.32184028e+02
 2.42241537e+02 2.52299046e+02 2.62356554e+02 2.72414063e+02
 2.82471572e+02 2.92529081e+02 3.02586589e+02 3.12644098e+02
 3.22701607e+02 3.32759116e+02 3.42816624e+02 3.52874133e+02
 3.62931642e+02 3.72989151e+02 3.83046660e+02 3.93104168e+02
 4.03161677e+02 4.13219186e+02 4.23276695e+02 4.33334203e+02
 4.43391712e+02 4.53449221e+02 4.63506730e+02 4.73564238e+02
 4.83621747e+02 4.93679256e+02 5.03736765e+02 5.13794273e+02
 5.23851782e+02 5.33909291e+02 5.43966800e+02 5.54024309e+02
 5.64081817e+02 5.74139326e+02 5.84196835e+02 5.94254344e+02
 6.04311852e+02 6.14369361e+02 6.24426870e+02 6.34484379e+02
 6.44541887e+02 6.54599396e+02 6.64656905e+02 6.74714414e+02
 6.84771922e+02 6.94829431e+02 7.04886940e+02 7.14944449e+02
 7.25001958e+02 7.35059466e+02 7.45116975e+02 7.55174484e+02
 7.65231993e+02 7.75289501e+02 7.85347010e+02 7.95404519e+02
 8.05462028e+02 8.15519536e+02 8.25577045e+02 8.35634554e+02
 8.45692063e+02 8.55749572e+02 8.65807080e+02 8.75864589e+02
 8.85922098e+02 8.95979607e+02 9.06037115e+02 9.16094624e+02
 9.26152133e+02 9.36209642e+02 9.46267150e+02 9.56324659e+02
 9.66382168e+02 9.76439677e+02 9.86497185e+02 9.96554694e+02]
a_y_fitting=[-6.14035088 -6.11953019 -6.09275108 -6.06084519 -6.02464412 -5.98497952
 -5.94268299 -5.89858616 -5.85352066 -5.80831811 -5.76381013 -5.72082835
 -5.68020438 -5.64276986 -5.6093564  -5.58079563 -5.55791917 -5.54155864
 -5.53254568 -5.53171189 -5.53988891 -5.55790746 -5.58551743 -5.61929278
 -5.65522705 -5.68940093 -5.7198359  -5.74645949 -5.76927942 -5.78830343
 -5.80353924 -5.8149946  -5.82267723 -5.82659486 -5.82675522 -5.82316604
 -5.81583507 -5.80477002 -5.78997862 -5.77146862 -5.74924774 -5.72332371
 -5.69370426 -5.66040412 -5.62380827 -5.58484889 -5.54450223 -5.50374456
 -5.46355215 -5.42490126 -5.38876814 -5.35612906 -5.32796029 -5.30523808
 -5.28893869 -5.2800384  -5.27951345 -5.28834012 -5.30749467 -5.33795335
 -5.38069244 -5.43668818 -5.50691686 -5.59235471 -5.69391395 -5.79858936
 -5.86215798 -5.83614702 -5.67208368 -5.34997097 -4.9631255  -4.63304559
 -4.48006864 -4.54722746 -4.75311499 -5.00506116 -5.21039697 -5.30007704
 -5.28958716 -5.21331279 -5.1056394  -5.00095245 -4.93182145 -4.90768611
 -4.9220453  -4.96808247 -5.03898106 -5.12792453 -5.22809631 -5.33268048
 -5.43558002 -5.53279976 -5.62072663 -5.69574752 -5.75424935 -5.79261904
 -5.8072435  -5.79450964 -5.75080437 -5.67251462]
d_x_fitting=[  1.72265289  11.78886192  21.85507095  31.92127998  41.98748902
  52.05369805  62.11990708  72.18611611  82.25232515  92.31853418
 102.38474321 112.45095224 122.51716128 132.58337031 142.64957934
 152.71578837 162.78199741 172.84820644 182.91441547 192.98062451
 203.04683354 213.11304257 223.1792516  233.24546064 243.31166967
 253.3778787  263.44408773 273.51029677 283.5765058  293.64271483
 303.70892386 313.7751329  323.84134193 333.90755096 343.97375999
 354.03996903 364.10617806 374.17238709 384.23859612 394.30480516
 404.37101419 414.43722322 424.50343226 434.56964129 444.63585032
 454.70205935 464.76826839 474.83447742 484.90068645 494.96689548
 505.03310452 515.09931355 525.16552258 535.23173161 545.29794065
 555.36414968 565.43035871 575.49656774 585.56277678 595.62898581
 605.69519484 615.76140388 625.82761291 635.89382194 645.96003097
 656.02624001 666.09244904 676.15865807 686.2248671  696.29107614
 706.35728517 716.4234942  726.48970323 736.55591227 746.6221213
 756.68833033 766.75453936 776.8207484  786.88695743 796.95316646
 807.01937549 817.08558453 827.15179356 837.21800259 847.28421163
 857.35042066 867.41662969 877.48283872 887.54904776 897.61525679
 907.68146582 917.74767485 927.81388389 937.88009292 947.94630195
 958.01251098 968.07872002 978.14492905 988.21113808 998.27734711]
d_y_fitting=[ 1.22807018  1.14140786  1.09872539  1.09287596  1.11671276  1.163089
  1.22485786  1.29487253  1.36598622  1.43105212  1.48292342  1.51445332
  1.518495    1.48790167  1.41552652  1.29468296  1.14045792  0.99869965
  0.91758173  0.94527775  1.1299613   1.48617537  0.57272645 -1.6487472
 -1.98028439 -1.45511649 -1.24152634 -1.34888609 -1.51171594 -1.58168918
 -1.57866588 -1.53551354 -1.48509969 -1.46018976 -1.4780412  -1.52392392
 -1.57915767 -1.62506221 -1.6429573  -1.61416268 -1.51999812 -1.35892486
 -1.37333434 -1.86844249 -2.04969477 -0.58924189  1.54161904  1.9200328
  1.66192145  1.81130368  2.09432059  2.22149854  2.20147722  2.08316587
  1.91547377  1.74731015  1.62494172  1.56057743  1.5427571   1.55954237
  1.59899483  1.64917611  1.69814812  1.73663663  1.7645388   1.78372402
  1.79606173  1.80342132  1.80767223  1.81068385  1.81431333  1.8197587
  1.8272386   1.83689221  1.84885867  1.86327716  1.88028682  1.90002681
  1.9226363   1.94819033  1.976118    2.00547449  2.03531038  2.06467629
  2.09262283  2.11820059  2.14046018  2.1584522   2.17122727  2.17783598
  2.17732894  2.16875675  2.15117001  2.12361934  2.08515533  2.0348286
  1.97168973  1.89478935  1.80317805  1.69590643]