
p_x=[1.7226528854435832, 93.02325581395348, 149.87080103359173, 345.3919035314384, 453.0577088716624, 729.5434969853575, 993.9707149009474]
p_y=[-0.5882352941176467, -0.8235294117647047, -0.8235294117647047, -1.0588235294117645, -1.0588235294117645, -0.9411764705882355, -0.8235294117647047]
a_x=[1.7226528854435832, 103.35917312661498, 148.14814814814815, 358.3118001722653, 443.58311800172265, 506.4599483204134, 559.0008613264428, 644.2721791559001, 719.2075796726959, 770.0258397932816, 876.8303186907838, 993.9707149009474]
a_y=[-6.491228070175438, -6.6081871345029235, -6.491228070175438, -6.491228070175438, -4.853801169590643, -4.619883040935672, -4.7368421052631575, -5.789473684210527, -5.438596491228068, -4.619883040935672, -4.152046783625732, -4.502923976608187]
d_x=[3.4453057708871664, 108.52713178294573, 377.2609819121447, 523.6864771748493, 714.0396210163652, 997.4160206718346]
d_y=[-0.8771929824561404, -0.9941520467836256, -1.1111111111111107, -1.2280701754385959, -0.7602339181286553, -0.4093567251461998]
p_x_fitting=[  1.72265289  11.74536058  21.76806828  31.79077598  41.81348367
  51.83619137  61.85889907  71.88160677  81.90431446  91.92702216
 101.94972986 111.97243755 121.99514525 132.01785295 142.04056065
 152.06326834 162.08597604 172.10868374 182.13139143 192.15409913
 202.17680683 212.19951453 222.22222222 232.24492992 242.26763762
 252.29034531 262.31305301 272.33576071 282.3584684  292.3811761
 302.4038838  312.4265915  322.44929919 332.47200689 342.49471459
 352.51742228 362.54012998 372.56283768 382.58554538 392.60825307
 402.63096077 412.65366847 422.67637616 432.69908386 442.72179156
 452.74449926 462.76720695 472.78991465 482.81262235 492.83533004
 502.85803774 512.88074544 522.90345314 532.92616083 542.94886853
 552.97157623 562.99428392 573.01699162 583.03969932 593.06240702
 603.08511471 613.10782241 623.13053011 633.1532378  643.1759455
 653.1986532  663.2213609  673.24406859 683.26677629 693.28948399
 703.31219168 713.33489938 723.35760708 733.38031478 743.40302247
 753.42573017 763.44843787 773.47114556 783.49385326 793.51656096
 803.53926866 813.56197635 823.58468405 833.60739175 843.63009944
 853.65280714 863.67551484 873.69822254 883.72093023 893.74363793
 903.76634563 913.78905332 923.81176102 933.83446872 943.85717642
 953.87988411 963.90259181 973.92529951 983.9480072  993.9707149 ]
p_y_fitting=[-0.58823529 -0.64458158 -0.69132205 -0.72933425 -0.75949574 -0.78268407
 -0.79977679 -0.81165145 -0.8191856  -0.82325679 -0.82474257 -0.82452049
 -0.82346811 -0.82246297 -0.82238263 -0.8241027  -0.82817252 -0.83445058
 -0.84270738 -0.85271341 -0.86423919 -0.87705522 -0.890932   -0.90564004
 -0.92094983 -0.93663189 -0.95245671 -0.9681948  -0.98361667 -0.99849281
 -1.01259374 -1.02568994 -1.03755194 -1.04795022 -1.0566553  -1.06346222
 -1.0684099  -1.07167693 -1.07344358 -1.07389011 -1.07319675 -1.07154377
 -1.06911142 -1.06607995 -1.06262963 -1.05894069 -1.05516633 -1.05134088
 -1.047466   -1.04354336 -1.03957465 -1.03556153 -1.03150569 -1.02740879
 -1.0232725  -1.01909851 -1.01488849 -1.01064412 -1.00636705 -1.00205898
 -0.99772158 -0.99335651 -0.98896545 -0.98455009 -0.98011209 -0.97565312
 -0.97117486 -0.96667899 -0.96216718 -0.9576411  -0.95310243 -0.94855284
 -0.94399401 -0.93942761 -0.93485531 -0.9302788  -0.92569973 -0.9211198
 -0.91654067 -0.91196401 -0.90739151 -0.90282483 -0.89826565 -0.89371564
 -0.88917648 -0.88464985 -0.88013741 -0.87564084 -0.87116182 -0.86670202
 -0.86226311 -0.85784677 -0.85345467 -0.84908849 -0.8447499  -0.84044057
 -0.83616219 -0.83191641 -0.82770493 -0.82352941]
a_x_fitting=[  1.72265289  11.74536058  21.76806828  31.79077598  41.81348367
  51.83619137  61.85889907  71.88160677  81.90431446  91.92702216
 101.94972986 111.97243755 121.99514525 132.01785295 142.04056065
 152.06326834 162.08597604 172.10868374 182.13139143 192.15409913
 202.17680683 212.19951453 222.22222222 232.24492992 242.26763762
 252.29034531 262.31305301 272.33576071 282.3584684  292.3811761
 302.4038838  312.4265915  322.44929919 332.47200689 342.49471459
 352.51742228 362.54012998 372.56283768 382.58554538 392.60825307
 402.63096077 412.65366847 422.67637616 432.69908386 442.72179156
 452.74449926 462.76720695 472.78991465 482.81262235 492.83533004
 502.85803774 512.88074544 522.90345314 532.92616083 542.94886853
 552.97157623 562.99428392 573.01699162 583.03969932 593.06240702
 603.08511471 613.10782241 623.13053011 633.1532378  643.1759455
 653.1986532  663.2213609  673.24406859 683.26677629 693.28948399
 703.31219168 713.33489938 723.35760708 733.38031478 743.40302247
 753.42573017 763.44843787 773.47114556 783.49385326 793.51656096
 803.53926866 813.56197635 823.58468405 833.60739175 843.63009944
 853.65280714 863.67551484 873.69822254 883.72093023 893.74363793
 903.76634563 913.78905332 923.81176102 933.83446872 943.85717642
 953.87988411 963.90259181 973.92529951 983.9480072  993.9707149 ]
a_y_fitting=[-6.49122807 -6.59481404 -6.66929854 -6.71798356 -6.74417112 -6.75116321
 -6.74226185 -6.72076904 -6.68998677 -6.65321707 -6.61376193 -6.57492335
 -6.54000334 -6.51230391 -6.49512707 -6.49171973 -6.50306449 -6.52712889
 -6.56167143 -6.6044506  -6.65322489 -6.7057528  -6.7597928  -6.81310341
 -6.8634431  -6.90857036 -6.9462437  -6.9742216  -6.99026254 -6.99212504
 -6.97756756 -6.94434862 -6.89022669 -6.81296026 -6.71030784 -6.58002791
 -6.42001344 -6.2327679  -6.02644953 -5.80956266 -5.59061159 -5.37810063
 -5.1805341  -5.00641631 -4.86425156 -4.7605567  -4.6915493  -4.6501209
 -4.62916138 -4.62156062 -4.62020851 -4.61861871 -4.6182868  -4.62622765
 -4.64956626 -4.69542759 -4.7707748  -4.87622094 -5.0040961  -5.14617337
 -5.29422583 -5.44002657 -5.57534869 -5.69196526 -5.78164939 -5.83737394
 -5.85878983 -5.84785782 -5.80654091 -5.73680211 -5.64060439 -5.51991077
 -5.37676563 -5.21613002 -5.04661635 -4.87706767 -4.71632708 -4.57316741
 -4.45244734 -4.35312484 -4.27366924 -4.21254985 -4.16823601 -4.13919704
 -4.12390226 -4.12082099 -4.12842256 -4.1451763  -4.16955153 -4.20001757
 -4.23504374 -4.27309938 -4.3126538  -4.35217633 -4.3901363  -4.42500302
 -4.45524583 -4.47933404 -4.49573698 -4.50292398]
d_x_fitting=[  3.44530577  13.485414    23.52552223  33.56563046  43.6057387
  53.64584693  63.68595516  73.72606339  83.76617162  93.80627985
 103.84638808 113.88649632 123.92660455 133.96671278 144.00682101
 154.04692924 164.08703747 174.1271457  184.16725393 194.20736217
 204.2474704  214.28757863 224.32768686 234.36779509 244.40790332
 254.44801155 264.48811979 274.52822802 284.56833625 294.60844448
 304.64855271 314.68866094 324.72876917 334.7688774  344.80898564
 354.84909387 364.8892021  374.92931033 384.96941856 395.00952679
 405.04963502 415.08974326 425.12985149 435.16995972 445.21006795
 455.25017618 465.29028441 475.33039264 485.37050087 495.41060911
 505.45071734 515.49082557 525.5309338  535.57104203 545.61115026
 555.65125849 565.69136672 575.73147496 585.77158319 595.81169142
 605.85179965 615.89190788 625.93201611 635.97212434 646.01223258
 656.05234081 666.09244904 676.13255727 686.1726655  696.21277373
 706.25288196 716.29299019 726.33309843 736.37320666 746.41331489
 756.45342312 766.49353135 776.53363958 786.57374781 796.61385605
 806.65396428 816.69407251 826.73418074 836.77428897 846.8143972
 856.85450543 866.89461366 876.9347219  886.97483013 897.01493836
 907.05504659 917.09515482 927.13526305 937.17537128 947.21547952
 957.25558775 967.29569598 977.33580421 987.37591244 997.41602067]
d_y_fitting=[-0.87719298 -0.89390942 -0.9092669  -0.92333209 -0.93617168 -0.94785234
 -0.95844073 -0.96800353 -0.97660742 -0.98431907 -0.99120515 -0.99733234
 -1.0027673  -1.00757672 -1.01182726 -1.0155856  -1.01891841 -1.02189237
 -1.02457415 -1.02703042 -1.02932785 -1.03153312 -1.03371291 -1.03593388
 -1.03826271 -1.04076607 -1.04351064 -1.04656309 -1.04999009 -1.05385832
 -1.05823444 -1.06318514 -1.06877708 -1.07507694 -1.0821514  -1.09006712
 -1.09889078 -1.10868905 -1.1195018  -1.13114884 -1.14334212 -1.15579283
 -1.16821218 -1.18031136 -1.19180156 -1.202394   -1.21179985 -1.21973034
 -1.22589664 -1.23000997 -1.23178151 -1.23092247 -1.22714451 -1.22028332
 -1.21046427 -1.19785398 -1.18261911 -1.1649263  -1.1449422  -1.12283345
 -1.0987667  -1.0729086  -1.04542577 -1.01648489 -0.98625257 -0.95489548
 -0.92258026 -0.88947355 -0.855742   -0.82155224 -0.78707094 -0.75246473
 -0.71790025 -0.68354416 -0.64956309 -0.61612369 -0.58339261 -0.5515365
 -0.52072199 -0.49111573 -0.46288437 -0.43619455 -0.41121292 -0.38810612
 -0.36704079 -0.34818359 -0.33170115 -0.31776013 -0.30652716 -0.2981689
 -0.29285198 -0.29074305 -0.29200876 -0.29681575 -0.30533067 -0.31772016
 -0.33415086 -0.35478943 -0.3798025  -0.40935673]