
p_x=[4.3066322136089585, 45.65030146425495, 92.16192937123171, 142.9801894918174, 180.87855297157623, 198.96640826873386, 237.72609819121445, 267.01119724375536, 288.5443583118002, 303.1869078380706, 387.59689922480624, 416.8819982773471, 539.1903531438415, 614.1257536606374, 652.885443583118, 696.8130921619294, 754.5219638242894, 780.3617571059432, 826.8733850129198, 867.3557278208441, 937.984496124031, 994.8320413436692]
p_y=[-1.647058823529413, -1.4117647058823515, -1.647058823529413, -1.882352941176471, -1.764705882352942, 1.1764705882352935, 1.764705882352942, -1.0588235294117645, -1.1764705882352935, -1.2941176470588225, -1.5294117647058805, -1.5294117647058805, -1.2941176470588225, 1.6470588235294112, 2.0, 2.11764705882353, 1.0588235294117645, -1.2941176470588225, -1.2941176470588225, -0.9411764705882355, -0.7058823529411757, -0.7058823529411757]
a_x=[2.5839793281653747, 93.02325581395348, 172.26528854435833, 238.58742463393625, 393.62618432385875, 462.5322997416021, 513.3505598621878, 571.9207579672697, 598.6218776916451, 632.213608957795, 655.4694229112835, 683.8931955211025, 752.7993109388458, 996.5546942291128]
a_y=[-5.789473684210527, -5.789473684210527, -6.023391812865498, -6.023391812865498, -7.309941520467834, -7.309941520467834, -7.309941520467834, -7.192982456140349, -6.257309941520468, -5.438596491228068, -4.619883040935672, -4.385964912280702, -4.502923976608187, -4.502923976608187]
d_x=[0.0, 43.927648578811365, 93.02325581395348, 120.58570198105082, 146.42549526270457, 178.29457364341087, 192.9371231696813, 208.44099913867356, 227.39018087855297, 245.4780361757106, 279.06976744186045, 397.9328165374677, 527.1317829457365, 778.6391042204996, 1000.0]
d_y=[1.8128654970760234, 2.280701754385966, 1.8128654970760234, -1.1111111111111107, -1.578947368421053, -1.3450292397660828, 0.7602339181286553, 0.8771929824561404, 1.3450292397660828, 1.8128654970760234, 1.9298245614035086, 1.6959064327485383, 1.3450292397660828, 1.461988304093568, 1.461988304093568]
p_x_fitting=[  4.30663221  14.31193938  24.31724654  34.3225537   44.32786087
  54.33316803  64.33847519  74.34378235  84.34908952  94.35439668
 104.35970384 114.36501101 124.37031817 134.37562533 144.38093249
 154.38623966 164.39154682 174.39685398 184.40216115 194.40746831
 204.41277547 214.41808264 224.4233898  234.42869696 244.43400412
 254.43931129 264.44461845 274.44992561 284.45523278 294.46053994
 304.4658471  314.47115426 324.47646143 334.48176859 344.48707575
 354.49238292 364.49769008 374.50299724 384.5083044  394.51361157
 404.51891873 414.52422589 424.52953306 434.53484022 444.54014738
 454.54545455 464.55076171 474.55606887 484.56137603 494.5666832
 504.57199036 514.57729752 524.58260469 534.58791185 544.59321901
 554.59852617 564.60383334 574.6091405  584.61444766 594.61975483
 604.62506199 614.63036915 624.63567632 634.64098348 644.64629064
 654.6515978  664.65690497 674.66221213 684.66751929 694.67282646
 704.67813362 714.68344078 724.68874794 734.69405511 744.69936227
 754.70466943 764.7099766  774.71528376 784.72059092 794.72589809
 804.73120525 814.73651241 824.74181957 834.74712674 844.7524339
 854.75774106 864.76304823 874.76835539 884.77366255 894.77896971
 904.78427688 914.78958404 924.7948912  934.80019837 944.80550553
 954.81081269 964.81611985 974.82142702 984.82673418 994.83204134]
p_y_fitting=[-1.64705882 -1.47042341 -1.38444669 -1.36910637 -1.40438013 -1.47024569
 -1.54668072 -1.61366293 -1.65117002 -1.63931283 -1.58060094 -1.52491922
 -1.52817834 -1.64628899 -1.93498188 -2.35354603 -2.60611786 -2.35512045
 -1.2729473   0.44355115  1.85486811  2.53305093  2.5610617   2.03972406
  1.08406897 -0.02795129 -0.91432701 -1.24777002 -1.20279074 -1.19535145
 -1.30943676 -1.41102955 -1.4832364  -1.5302564  -1.55628868 -1.56553231
 -1.56218642 -1.5504501  -1.53452244 -1.51893102 -1.51169932 -1.5229622
 -1.56141011 -1.62350353 -1.69964981 -1.78021308 -1.85555751 -1.91604724
 -1.95204642 -1.95391921 -1.91202975 -1.81674221 -1.65842072 -1.42742944
 -1.11506342 -0.73048565 -0.29895577  0.15369112  0.60161996  1.01899567
  1.37998315  1.65874842  1.8393428   1.93982056  1.98554145  2.00185176
  2.01016624  2.02252793  2.04961332  2.10209889  2.18438108  2.25231194
  2.23912299  2.07791924  1.70180566  1.04388764  0.10482104 -0.85893502
 -1.53643339 -1.80913359 -1.78611474 -1.58961394 -1.34186826 -1.15313733
 -1.04135623 -0.98154322 -0.9484789  -0.9187583  -0.88525879 -0.84945397
 -0.81289505 -0.77713326 -0.74371983 -0.71420596 -0.6901429  -0.67308186
 -0.66457406 -0.66617073 -0.67942308 -0.70588235]
a_x_fitting=[  2.58397933  12.62408756  22.66419579  32.70430402  42.74441225
  52.78452048  62.82462872  72.86473695  82.90484518  92.94495341
 102.98506164 113.02516987 123.0652781  133.10538634 143.14549457
 153.1856028  163.22571103 173.26581926 183.30592749 193.34603572
 203.38614395 213.42625219 223.46636042 233.50646865 243.54657688
 253.58668511 263.62679334 273.66690157 283.70700981 293.74711804
 303.78722627 313.8273345  323.86744273 333.90755096 343.94765919
 353.98776742 364.02787566 374.06798389 384.10809212 394.14820035
 404.18830858 414.22841681 424.26852504 434.30863328 444.34874151
 454.38884974 464.42895797 474.4690662  484.50917443 494.54928266
 504.58939089 514.62949913 524.66960736 534.70971559 544.74982382
 554.78993205 564.83004028 574.87014851 584.91025674 594.95036498
 604.99047321 615.03058144 625.07068967 635.1107979  645.15090613
 655.19101436 665.2311226  675.27123083 685.31133906 695.35144729
 705.39155552 715.43166375 725.47177198 735.51188021 745.55198845
 755.59209668 765.63220491 775.67231314 785.71242137 795.7525296
 805.79263783 815.83274607 825.8728543  835.91296253 845.95307076
 855.99317899 866.03328722 876.07339545 886.11350368 896.15361192
 906.19372015 916.23382838 926.27393661 936.31404484 946.35415307
 956.3942613  966.43436954 976.47447777 986.514586   996.55469423]
a_y_fitting=[-5.78947368 -5.73749187 -5.70266898 -5.68321724 -5.67734888 -5.6832761
 -5.69921114 -5.72336622 -5.75395355 -5.78918536 -5.82727388 -5.86643131
 -5.90486989 -5.94080184 -5.97243938 -5.99799472 -6.0156801  -6.02370878
 -6.02170631 -6.01349883 -6.00368991 -5.99688315 -5.99768213 -6.01069045
 -6.04037161 -6.08787362 -6.15097611 -6.22730806 -6.31449844 -6.41017622
 -6.51197038 -6.6175099  -6.72442374 -6.83034088 -6.9328903  -7.02970097
 -7.11840186 -7.19662195 -7.26199022 -7.31213573 -7.34557473 -7.36386089
 -7.36919743 -7.36378754 -7.34983445 -7.32954136 -7.30511726 -7.28018453
 -7.26161898 -7.25675248 -7.27291695 -7.31743092 -7.38841616 -7.45876063
 -7.49706278 -7.47192108 -7.351934   -7.10626422 -6.75001571 -6.37748937
 -6.08323405 -5.86231185 -5.63983247 -5.34030802 -4.961142   -4.62717375
 -4.44507122 -4.38666947 -4.38720421 -4.39775622 -4.41117878 -4.42712791
 -4.44525963 -4.46522995 -4.4866949  -4.50931049 -4.53273274 -4.55661767
 -4.58062129 -4.60439963 -4.62760869 -4.64990451 -4.6709431  -4.69038047
 -4.70787264 -4.72307564 -4.73564547 -4.74523817 -4.75150974 -4.7541162
 -4.75271358 -4.74695788 -4.73650514 -4.72101136 -4.70013256 -4.67352477
 -4.640844   -4.60174626 -4.55588758 -4.50292398]
d_x_fitting=[   0.           10.1010101    20.2020202    30.3030303    40.4040404
   50.50505051   60.60606061   70.70707071   80.80808081   90.90909091
  101.01010101  111.11111111  121.21212121  131.31313131  141.41414141
  151.51515152  161.61616162  171.71717172  181.81818182  191.91919192
  202.02020202  212.12121212  222.22222222  232.32323232  242.42424242
  252.52525253  262.62626263  272.72727273  282.82828283  292.92929293
  303.03030303  313.13131313  323.23232323  333.33333333  343.43434343
  353.53535354  363.63636364  373.73737374  383.83838384  393.93939394
  404.04040404  414.14141414  424.24242424  434.34343434  444.44444444
  454.54545455  464.64646465  474.74747475  484.84848485  494.94949495
  505.05050505  515.15151515  525.25252525  535.35353535  545.45454545
  555.55555556  565.65656566  575.75757576  585.85858586  595.95959596
  606.06060606  616.16161616  626.26262626  636.36363636  646.46464646
  656.56565657  666.66666667  676.76767677  686.86868687  696.96969697
  707.07070707  717.17171717  727.27272727  737.37373737  747.47474747
  757.57575758  767.67676768  777.77777778  787.87878788  797.97979798
  808.08080808  818.18181818  828.28282828  838.38383838  848.48484848
  858.58585859  868.68686869  878.78787879  888.88888889  898.98989899
  909.09090909  919.19191919  929.29292929  939.39393939  949.49494949
  959.5959596   969.6969697   979.7979798   989.8989899  1000.        ]
d_y_fitting=[ 1.8128655   1.5413336   1.57366047  1.81092953  2.15422418  2.50462784
  2.76322394  2.83109588  2.60932708  1.99900096  0.94676546 -0.25373791
 -1.14927896 -1.46415163 -1.51543714 -1.7221921  -2.02888134 -1.91015249
 -0.8400057   0.66311222  0.98826961  0.88091605  1.15165206  1.50927052
  1.75963636  1.89826516  1.94835108  1.94440318  1.92077851  1.89794581
  1.87695404  1.85740577  1.83890354  1.82104993  1.80344749  1.78569877
  1.76740634  1.74817275  1.72760056  1.70529234  1.68088068  1.65443961
  1.62637884  1.59711646  1.56707057  1.53665926  1.50630064  1.47641281
  1.44741386  1.41972189  1.393755    1.36993128  1.34866884  1.33033595
  1.3149487   1.30237138  1.29246772  1.28510144  1.28013623  1.27743583
  1.27686394  1.27828427  1.28156054  1.28655646  1.29313576  1.30116213
  1.31049929  1.32101097  1.33256087  1.3450127   1.35823018  1.37207703
  1.38641695  1.40111367  1.41603089  1.43103232  1.44598169  1.46074271
  1.47517909  1.48915454  1.50253278  1.51517752  1.52695247  1.53772136
  1.54734788  1.55569577  1.56262872  1.56801046  1.57170469  1.57357514
  1.57348552  1.57129953  1.56688089  1.56009333  1.55080054  1.53886625
  1.52415417  1.506528    1.48585148  1.4619883 ]