
p_x=[1.7226528854435832, 98.19121447028424, 130.92161929371233, 160.2067183462532, 192.0757967269595, 258.39793281653743, 284.2377260981912, 321.2747631352282, 374.67700258397934, 453.0577088716624, 508.182601205857, 612.4031007751938, 687.3385012919897, 782.0844099913867, 881.9982773471146, 928.5099052540912, 995.693367786391]
p_y=[1.882352941176471, 1.764705882352942, 0.9411764705882355, 1.0588235294117645, 2.5882352941176467, 3.5294117647058822, 3.647058823529412, 3.647058823529412, 3.5294117647058822, 2.235294117647059, 2.0, 3.1764705882352935, 3.1764705882352935, 2.9411764705882346, 4.470588235294118, 3.647058823529412, 2.7058823529411766]
a_x=[2.5839793281653747, 99.05254091300603, 187.76916451335057, 223.9448751076658, 280.79242032730406, 340.22394487510763, 478.0361757105943, 578.8113695090439, 614.9870801033591, 688.1998277347114, 806.2015503875969, 919.0353143841517, 993.9707149009474]
a_y=[-4.7368421052631575, -4.853801169590643, -4.619883040935672, -3.450292397660819, -2.7485380116959064, -3.099415204678362, -4.152046783625732, -3.9181286549707615, -2.514619883040936, -3.8011695906432745, -3.6842105263157894, -3.5672514619883025, -3.6842105263157894]
d_x=[3.4453057708871664, 98.19121447028424, 211.88630490956072, 299.74160206718346, 391.04220499569334, 497.8466838931955, 574.5047372954349, 597.7605512489233, 663.2213608957795, 863.0490956072352, 1000.0]
d_y=[1.6959064327485383, 1.8128654970760234, 3.2163742690058488, 3.5672514619883042, 3.5672514619883042, 2.397660818713451, 2.514619883040936, 3.2163742690058488, 3.8011695906432754, 3.333333333333334, 2.0467836257309946]
p_x_fitting=[  1.72265289  11.76276112  21.80286935  31.84297758  41.88308581
  51.92319404  61.96330227  72.0034105   82.04351874  92.08362697
 102.1237352  112.16384343 122.20395166 132.24405989 142.28416812
 152.32427636 162.36438459 172.40449282 182.44460105 192.48470928
 202.52481751 212.56492574 222.60503397 232.64514221 242.68525044
 252.72535867 262.7654669  272.80557513 282.84568336 292.88579159
 302.92589983 312.96600806 323.00611629 333.04622452 343.08633275
 353.12644098 363.16654921 373.20665744 383.24676568 393.28687391
 403.32698214 413.36709037 423.4071986  433.44730683 443.48741506
 453.52752329 463.56763153 473.60773976 483.64784799 493.68795622
 503.72806445 513.76817268 523.80828091 533.84838915 543.88849738
 553.92860561 563.96871384 574.00882207 584.0489303  594.08903853
 604.12914676 614.169255   624.20936323 634.24947146 644.28957969
 654.32968792 664.36979615 674.40990438 684.45001262 694.49012085
 704.53022908 714.57033731 724.61044554 734.65055377 744.690662
 754.73077023 764.77087847 774.8109867  784.85109493 794.89120316
 804.93131139 814.97141962 825.01152785 835.05163609 845.09174432
 855.13185255 865.17196078 875.21206901 885.25217724 895.29228547
 905.3323937  915.37250194 925.41261017 935.4527184  945.49282663
 955.53293486 965.57304309 975.61315132 985.65325956 995.69336779]
p_y_fitting=[1.88235294 2.41409581 2.76238029 2.94971017 2.99858923 2.93152127
 2.77101009 2.53955946 2.25967319 1.95385506 1.64460887 1.3544384
 1.10584745 0.92135125 0.83068433 0.88314261 1.13101351 1.57542404
 2.10801207 2.60629837 2.97590314 3.22193898 3.37152826 3.45179337
 3.48985668 3.51284056 3.54718306 3.59749366 3.64251482 3.6631752
 3.66285279 3.65337797 3.64657702 3.6482363  3.64957743 3.63967069
 3.60758633 3.54239463 3.43536315 3.29147182 3.1209804  2.93415979
 2.74128086 2.5526145  2.37843158 2.22900282 2.11254352 2.03012202
 1.98125413 1.96545572 1.98224261 2.03098591 2.10846684 2.20923094
 2.32775035 2.4584972  2.59594363 2.73456175 2.8688237  2.99320162
 3.10216764 3.19020034 3.25368426 3.29355494 3.31141285 3.30885844
 3.28749218 3.24891452 3.19472594 3.12685429 3.05046581 2.97257472
 2.90021681 2.84042786 2.80024367 2.78670003 2.80683271 2.86767751
 2.97619724 3.13240875 3.32374917 3.53632977 3.75626178 3.96965648
 4.1626251  4.32127892 4.43172917 4.48008712 4.45264087 4.34703136
 4.1789369  3.96564003 3.72442327 3.47256917 3.22736025 3.00607907
 2.82600815 2.70443003 2.65862726 2.70588235]
a_x_fitting=[  2.58397933  12.59798676  22.61199419  32.62600162  42.64000905
  52.65401648  62.66802391  72.68203134  82.69603877  92.7100462
 102.72405363 112.73806106 122.75206849 132.76607592 142.78008335
 152.79409078 162.80809821 172.82210564 182.83611307 192.8501205
 202.86412793 212.87813536 222.89214279 232.90615022 242.92015765
 252.93416508 262.94817251 272.96217994 282.97618737 292.9901948
 303.00420223 313.01820966 323.03221709 333.04622452 343.06023195
 353.07423938 363.08824681 373.10225424 383.11626167 393.1302691
 403.14427653 413.15828396 423.17229139 433.18629882 443.20030625
 453.21431368 463.22832111 473.24232854 483.25633597 493.2703434
 503.28435083 513.29835826 523.31236569 533.32637312 543.34038055
 553.35438798 563.36839541 573.38240284 583.39641027 593.4104177
 603.42442513 613.43843256 623.45243999 633.46644742 643.48045485
 653.49446228 663.50846971 673.52247714 683.53648457 693.550492
 703.56449943 713.57850686 723.59251429 733.60652172 743.62052915
 753.63453658 763.64854401 773.66255144 783.67655887 793.6905663
 803.70457373 813.71858116 823.73258859 833.74659602 843.76060345
 853.77461088 863.78861831 873.80262574 883.81663317 893.8306406
 903.84464803 913.85865546 923.87266289 933.88667032 943.90067775
 953.91468518 963.92869261 973.94270004 983.95670747 993.9707149 ]
a_y_fitting=[-4.73684211 -4.55904732 -4.44627283 -4.39025757 -4.3827405  -4.41546057
 -4.48015674 -4.56856796 -4.67243319 -4.78349136 -4.89348145 -4.99414239
 -5.07721315 -5.13443267 -5.15753992 -5.13827383 -5.06837337 -4.93957749
 -4.74362514 -4.47333845 -4.14560949 -3.80094099 -3.480827   -3.22099094
 -3.02545171 -2.88739707 -2.80000542 -2.75645515 -2.74992533 -2.77370448
 -2.82131338 -2.88630248 -2.96222221 -3.042623   -3.12108503 -3.1938365
 -3.26180243 -3.32639005 -3.38900662 -3.45105936 -3.51395551 -3.57910231
 -3.647907   -3.72177681 -3.80211898 -3.89034075 -3.98784935 -4.09605203
 -4.21603256 -4.34212917 -4.46229896 -4.5642485  -4.63568438 -4.66431318
 -4.63784148 -4.54397588 -4.37042294 -4.10488926 -3.73664488 -3.29917569
 -2.87532381 -2.55052674 -2.39789577 -2.4116271  -2.55480883 -2.79045362
 -3.0815741  -3.39118291 -3.6822927  -3.91905291 -4.08798296 -4.196056
 -4.25099776 -4.26053396 -4.23239033 -4.1742926  -4.09396648 -3.99913772
 -3.89753202 -3.79687513 -3.70489276 -3.62865644 -3.56955605 -3.5260613
 -3.49661788 -3.47967151 -3.4736679  -3.47705277 -3.48827181 -3.50577075
 -3.52799529 -3.55339115 -3.58040402 -3.60747963 -3.63306369 -3.6556019
 -3.67353998 -3.68532364 -3.68939858 -3.68421053]
d_x_fitting=[   3.44530577   13.5115148    23.57772384   33.64393287   43.7101419
   53.77635093   63.84255997   73.908769     83.97497803   94.04118706
  104.1073961   114.17360513  124.23981416  134.30602319  144.37223223
  154.43844126  164.50465029  174.57085933  184.63706836  194.70327739
  204.76948642  214.83569546  224.90190449  234.96811352  245.03432255
  255.10053159  265.16674062  275.23294965  285.29915868  295.36536772
  305.43157675  315.49778578  325.56399481  335.63020385  345.69641288
  355.76262191  365.82883095  375.89503998  385.96124901  396.02745804
  406.09366708  416.15987611  426.22608514  436.29229417  446.35850321
  456.42471224  466.49092127  476.5571303   486.62333934  496.68954837
  506.7557574   516.82196643  526.88817547  536.9543845   547.02059353
  557.08680256  567.1530116   577.21922063  587.28542966  597.3516387
  607.41784773  617.48405676  627.55026579  637.61647483  647.68268386
  657.74889289  667.81510192  677.88131096  687.94751999  698.01372902
  708.07993805  718.14614709  728.21235612  738.27856515  748.34477418
  758.41098322  768.47719225  778.54340128  788.60961032  798.67581935
  808.74202838  818.80823741  828.87444645  838.94065548  849.00686451
  859.07307354  869.13928258  879.20549161  889.27170064  899.33790967
  909.40411871  919.47032774  929.53653677  939.6027458   949.66895484
  959.73516387  969.8013729   979.86758193  989.93379097 1000.        ]
d_y_fitting=[1.69590643 1.59202536 1.52213381 1.48366668 1.47405891 1.4907454
 1.53116106 1.59274081 1.67291957 1.76913224 1.87881375 1.999399
 2.12832291 2.2630204  2.40092638 2.53947575 2.67610345 2.80824438
 2.93333345 3.04880558 3.15209569 3.24065841 3.31356537 3.37268132
 3.42014829 3.45810831 3.4887034  3.51407557 3.53636684 3.55771925
 3.58014007 3.60331464 3.62497019 3.64277267 3.65438803 3.6574822
 3.64972112 3.62877074 3.59229701 3.53806175 3.46608228 3.37865958
 3.27819613 3.16709441 3.0477569  2.92258608 2.79398445 2.66435448
 2.53609865 2.41161945 2.29437875 2.19383661 2.12156179 2.08912539
 2.10809849 2.19005217 2.34655751 2.58889385 2.89905608 3.20514347
 3.44280052 3.60795904 3.71357226 3.77259442 3.79797978 3.80268258
 3.7994487  3.7950854  3.78974468 3.78322629 3.77532998 3.76585549
 3.75460255 3.74137091 3.72596032 3.70817052 3.68780125 3.66465225
 3.63852328 3.60921406 3.57652434 3.54025387 3.50020239 3.45616965
 3.40795537 3.35535932 3.29818123 3.23622084 3.1692779  3.09715216
 3.01964334 2.9365512  2.84767549 2.75281593 2.65177228 2.54434428
 2.43033167 2.3095342  2.1817516  2.04678363]