
p_x=[3.4453057708871664, 78.38070628768304, 203.27304048234282, 229.11283376399655, 288.5443583118002, 342.80792420327305, 383.2902670111972, 429.801894918174, 474.59086993970715, 508.182601205857, 543.4969853574505, 584.8406546080964, 631.3522825150733, 684.7545219638242, 739.0180878552973, 824.2894056847545, 888.8888888888888, 944.8751076658053, 995.693367786391]
p_y=[1.882352941176471, 1.882352941176471, 2.0, 2.0, 3.2941176470588243, 3.2941176470588243, 2.3529411764705888, 2.11764705882353, 2.11764705882353, 3.0588235294117645, 3.2941176470588243, 2.9411764705882346, 1.764705882352942, 1.764705882352942, 2.11764705882353, 2.11764705882353, 1.4117647058823533, 1.2941176470588225, 1.6470588235294112]
a_x=[6.029285099052541, 111.1111111111111, 194.6597760551249, 346.2532299741602, 452.1963824289406, 507.32127476313525, 559.8621877691645, 598.6218776916451, 649.4401378122309, 747.6313522825151, 818.260120585702, 996.5546942291128]
a_y=[-5.204678362573098, -5.555555555555555, -5.6725146198830405, -5.438596491228068, -4.970760233918128, -4.502923976608187, -3.6842105263157894, -3.8011695906432745, -3.450292397660819, -3.5672514619883025, -3.9181286549707615, -6.6081871345029235]
d_x=[2.5839793281653747, 111.9724375538329, 201.5503875968992, 321.2747631352282, 383.2902670111972, 418.60465116279073, 478.0361757105943, 502.1533161068045, 538.3290267011197, 590.0086132644273, 650.3014642549526, 742.4633936261843, 815.6761412575366, 838.0706287683032, 863.910422049957, 994.8320413436692]
d_y=[1.2280701754385976, 1.6959064327485383, 1.8128654970760234, 1.6959064327485383, 1.461988304093568, 0.7602339181286553, 0.29239766081871466, 0.526315789473685, 1.6959064327485383, 2.1637426900584797, 2.397660818713451, 2.8654970760233924, 2.397660818713451, 1.461988304093568, 0.7602339181286553, 1.1111111111111107]
p_x_fitting=[  3.44530577  13.46801347  23.49072117  33.51342886  43.53613656
  53.55884426  63.58155195  73.60425965  83.62696735  93.64967505
 103.67238274 113.69509044 123.71779814 133.74050583 143.76321353
 153.78592123 163.80862892 173.83133662 183.85404432 193.87675202
 203.89945971 213.92216741 223.94487511 233.9675828  243.9902905
 254.0129982  264.0357059  274.05841359 284.08112129 294.10382899
 304.12653668 314.14924438 324.17195208 334.19465978 344.21736747
 354.24007517 364.26278287 374.28549056 384.30819826 394.33090596
 404.35361366 414.37632135 424.39902905 434.42173675 444.44444444
 454.46715214 464.48985984 474.51256754 484.53527523 494.55798293
 504.58069063 514.60339832 524.62610602 534.64881372 544.67152142
 554.69422911 564.71693681 574.73964451 584.7623522  594.7850599
 604.8077676  614.8304753  624.85318299 634.87589069 644.89859839
 654.92130608 664.94401378 674.96672148 684.98942918 695.01213687
 705.03484457 715.05755227 725.08025996 735.10296766 745.12567536
 755.14838306 765.17109075 775.19379845 785.21650615 795.23921384
 805.26192154 815.28462924 825.30733694 835.33004463 845.35275233
 855.37546003 865.39816772 875.42087542 885.44358312 895.46629082
 905.48899851 915.51170621 925.53441391 935.5571216  945.5798293
 955.602537   965.6252447  975.64795239 985.67066009 995.69336779]
p_y_fitting=[1.88235294 1.85510313 1.83842785 1.83114407 1.83206878 1.84001896
 1.85381158 1.87226363 1.89419209 1.91841394 1.94374615 1.96900571
 1.9930096  2.0145748  2.03251829 2.04565705 2.05280805 2.05278829
 2.04441473 2.02650437 1.99787602 1.96640046 1.96998829 2.05139915
 2.21933845 2.44704049 2.70608177 2.96803881 3.2044881  3.38777312
 3.50405698 3.55148354 3.52859353 3.43392767 3.26604646 3.03397383
 2.77436684 2.52839135 2.33720097 2.22636755 2.17537496 2.15522665
 2.13692609 2.09264382 2.02704175 1.98076027 1.99630654 2.11618775
 2.36267169 2.67514877 2.97179877 3.175859   3.27528538 3.30278481
 3.29194328 3.26452187 3.20886332 3.10744853 2.94275837 2.70634253
 2.42688614 2.14257834 1.89160827 1.71175175 1.61895201 1.59691621
 1.62675793 1.68959071 1.76652815 1.84202636 1.91300415 1.97928445
 2.04069015 2.09704417 2.14808488 2.1923316  2.22738812 2.25083595
 2.26025661 2.25323162 2.22734249 2.18017074 2.10929968 2.01460599
 1.90274966 1.78163883 1.65918165 1.54328628 1.44186085 1.36237073
 1.30693419 1.27412264 1.2624438  1.27040544 1.29651529 1.33928109
 1.3972106  1.46881157 1.55259172 1.64705882]
a_x_fitting=[  6.0292851   16.03459226  26.03989942  36.04520659  46.05051375
  56.05582091  66.06112808  76.06643524  86.0717424   96.07704957
 106.08235673 116.08766389 126.09297105 136.09827822 146.10358538
 156.10889254 166.11419971 176.11950687 186.12481403 196.13012119
 206.13542836 216.14073552 226.14604268 236.15134985 246.15665701
 256.16196417 266.16727134 276.1725785  286.17788566 296.18319282
 306.18849999 316.19380715 326.19911431 336.20442148 346.20972864
 356.2150358  366.22034296 376.22565013 386.23095729 396.23626445
 406.24157162 416.24687878 426.25218594 436.25749311 446.26280027
 456.26810743 466.27341459 476.27872176 486.28402892 496.28933608
 506.29464325 516.29995041 526.30525757 536.31056473 546.3158719
 556.32117906 566.32648622 576.33179339 586.33710055 596.34240771
 606.34771487 616.35302204 626.3583292  636.36363636 646.36894353
 656.37425069 666.37955785 676.38486502 686.39017218 696.39547934
 706.4007865  716.40609367 726.41140083 736.41670799 746.42201516
 756.42732232 766.43262948 776.43793664 786.44324381 796.44855097
 806.45385813 816.4591653  826.46447246 836.46977962 846.47508679
 856.48039395 866.48570111 876.49100827 886.49631544 896.5016226
 906.50692976 916.51223693 926.51754409 936.52285125 946.52815841
 956.53346558 966.53877274 976.5440799  986.54938707 996.55469423]
a_y_fitting=[-5.20467836 -5.24639611 -5.28651241 -5.32497527 -5.36173268 -5.39673266
 -5.42992319 -5.46125229 -5.49066796 -5.51811819 -5.54355099 -5.56691437
 -5.58815632 -5.60722484 -5.62406795 -5.63863363 -5.65086989 -5.66072474
 -5.66814618 -5.67308222 -5.67549177 -5.67536188 -5.67268413 -5.66745009
 -5.65965132 -5.6492794  -5.63632591 -5.62078241 -5.60264047 -5.58189167
 -5.55852758 -5.53253977 -5.50391981 -5.47265927 -5.43874972 -5.40222933
 -5.36332509 -5.32231181 -5.27946431 -5.23505739 -5.18936588 -5.14266459
 -5.09522833 -5.04733191 -4.99925015 -4.95117124 -4.90004997 -4.83871705
 -4.75973506 -4.6556666  -4.51907424 -4.3463121  -4.15440561 -3.96739039
 -3.80930771 -3.70419883 -3.67334199 -3.70337202 -3.75731382 -3.79773812
 -3.79139677 -3.73886097 -3.65708205 -3.56311875 -3.47402978 -3.40576168
 -3.36249513 -3.34133829 -3.33930266 -3.35339974 -3.38064104 -3.41803806
 -3.46260232 -3.51134531 -3.56127854 -3.6098615  -3.65713661 -3.70407012
 -3.75162941 -3.80078188 -3.85249493 -3.90773595 -3.96747233 -4.03267147
 -4.10430076 -4.18332761 -4.27071939 -4.36744352 -4.47446738 -4.59275837
 -4.72328388 -4.8670113  -5.02490804 -5.19794149 -5.38707904 -5.59328809
 -5.81753603 -6.06079025 -6.32401815 -6.60818713]
d_x_fitting=[  2.58397933  12.60668703  22.62939472  32.65210242  42.67481012
  52.69751781  62.72022551  72.74293321  82.76564091  92.7883486
 102.8110563  112.833764   122.85647169 132.87917939 142.90188709
 152.92459479 162.94730248 172.97001018 182.99271788 193.01542557
 203.03813327 213.06084097 223.08354866 233.10625636 243.12896406
 253.15167176 263.17437945 273.19708715 283.21979485 293.24250254
 303.26521024 313.28791794 323.31062564 333.33333333 343.35604103
 353.37874873 363.40145642 373.42416412 383.44687182 393.46957952
 403.49228721 413.51499491 423.53770261 433.5604103  443.583118
 453.6058257  463.6285334  473.65124109 483.67394879 493.69665649
 503.71936418 513.74207188 523.76477958 533.78748728 543.81019497
 553.83290267 563.85561037 573.87831806 583.90102576 593.92373346
 603.94644116 613.96914885 623.99185655 634.01456425 644.03727194
 654.05997964 664.08268734 674.10539504 684.12810273 694.15081043
 704.17351813 714.19622582 724.21893352 734.24164122 744.26434892
 754.28705661 764.30976431 774.33247201 784.3551797  794.3778874
 804.4005951  814.4233028  824.44601049 834.46871819 844.49142589
 854.51413358 864.53684128 874.55954898 884.58225668 894.60496437
 904.62767207 914.65037977 924.67308746 934.69579516 944.71850286
 954.74121056 964.76391825 974.78662595 984.80933365 994.83204134]
d_y_fitting=[1.22807018 1.2805204  1.33154141 1.38096346 1.42861681 1.47433174
 1.51793849 1.55926733 1.59814852 1.63441233 1.66788902 1.69840884
 1.72580207 1.74989896 1.77052977 1.78752477 1.80071422 1.80992839
 1.81499752 1.81575189 1.81202238 1.80392647 1.79232168 1.77818341
 1.76248705 1.74620798 1.73032159 1.71580328 1.70362843 1.69477244
 1.69021068 1.69091855 1.69785509 1.70864639 1.71354714 1.70182458
 1.66274599 1.5855786  1.4595897  1.28085721 1.07145451 0.85965614
 0.67313613 0.52523532 0.41466629 0.33948201 0.29773548 0.28747967
 0.30821205 0.38461234 0.5626756  0.85921053 1.21560787 1.56153715
 1.8292481  1.99906176 2.09383404 2.13788861 2.1555491  2.17087234
 2.19694373 2.23224021 2.27422571 2.32036416 2.36811951 2.4149878
 2.45991945 2.5038829  2.54799527 2.59337365 2.64113514 2.69239685
 2.74827587 2.80988932 2.87833546 2.94945885 3.00669249 3.03167754
 3.00605521 2.91146667 2.72955312 2.44195574 2.04371618 1.60813002
 1.23191139 0.94903397 0.75006134 0.62469099 0.56262041 0.55354709
 0.58716852 0.65318219 0.7412856  0.84117622 0.94255156 1.0351091
 1.10854634 1.15256076 1.15684985 1.11111111]