
p_x=[2.5839793281653747, 156.76141257536608, 346.2532299741602, 447.0284237726098, 514.2118863049095, 734.7114556416882, 999.1386735572783]
p_y=[0.35294117647058876, 0.47058823529411775, 1.1764705882352935, 1.5294117647058822, 0.8235294117647065, 1.5294117647058822, 0.47058823529411775]
a_x=[5.167958656330749, 72.35142118863048, 440.9991386735573, 704.5650301464254, 735.57278208441, 781.2230835486649, 904.3927648578812, 995.693367786391]
a_y=[-6.725146198830409, -6.257309941520468, -5.6725146198830405, -5.555555555555555, -4.385964912280702, -4.502923976608187, -5.6725146198830405, -6.6081871345029235]
d_x=[0.0, 54.263565891472865, 97.32988802756245, 283.3763996554694, 401.3781223083548, 706.287683031869, 748.4926787252368, 789.8363479758829, 915.5900086132644, 999.1386735572783]
d_y=[0.9941520467836256, 2.0467836257309946, 2.514619883040936, 3.333333333333334, 3.333333333333334, 2.280701754385966, 3.450292397660819, 3.5672514619883042, 2.0467836257309946, 0.9941520467836256]
p_x_fitting=[  2.58397933  12.65018836  22.71639739  32.78260643  42.84881546
  52.91502449  62.98123352  73.04744256  83.11365159  93.17986062
 103.24606965 113.31227869 123.37848772 133.44469675 143.51090578
 153.57711482 163.64332385 173.70953288 183.77574192 193.84195095
 203.90815998 213.97436901 224.04057805 234.10678708 244.17299611
 254.23920514 264.30541418 274.37162321 284.43783224 294.50404127
 304.57025031 314.63645934 324.70266837 334.7688774  344.83508644
 354.90129547 364.9675045  375.03371354 385.09992257 395.1661316
 405.23234063 415.29854967 425.3647587  435.43096773 445.49717676
 455.5633858  465.62959483 475.69580386 485.76201289 495.82822193
 505.89443096 515.96063999 526.02684902 536.09305806 546.15926709
 556.22547612 566.29168515 576.35789419 586.42410322 596.49031225
 606.55652129 616.62273032 626.68893935 636.75514838 646.82135742
 656.88756645 666.95377548 677.01998451 687.08619355 697.15240258
 707.21861161 717.28482064 727.35102968 737.41723871 747.48344774
 757.54965677 767.61586581 777.68207484 787.74828387 797.8144929
 807.88070194 817.94691097 828.01312    838.07932904 848.14553807
 858.2117471  868.27795613 878.34416517 888.4103742  898.47658323
 908.54279226 918.6090013  928.67521033 938.74141936 948.80762839
 958.87383743 968.94004646 979.00625549 989.07246452 999.13867356]
p_y_fitting=[0.35294118 0.36064501 0.36764257 0.37409224 0.38015244 0.38598157
 0.39173802 0.3975802  0.40366651 0.41015535 0.41720513 0.42497425
 0.43362111 0.44330411 0.45418166 0.46641215 0.48015399 0.49556558
 0.51280533 0.53203163 0.55340289 0.57707751 0.60321389 0.63197044
 0.66350555 0.69797763 0.73554509 0.77636631 0.82059971 0.86840369
 0.91993665 0.97535699 1.03482311 1.09849342 1.16652632 1.23869403
 1.3124001  1.38415052 1.45044956 1.5078015  1.55271061 1.58168118
 1.59121749 1.5778238  1.53800439 1.46936653 1.37652335 1.26682979
 1.14764713 1.02633667 0.91025971 0.8067703  0.72101743 0.65285204
 0.60134566 0.56556984 0.54459611 0.537496   0.54334106 0.5612028
 0.59015278 0.62926252 0.67760356 0.73424744 0.79826569 0.86872984
 0.94471144 1.02528202 1.10951311 1.19647624 1.28524296 1.3748848
 1.4644733  1.55307998 1.63977639 1.72363406 1.80372452 1.87911932
 1.94888998 2.01210805 2.06784505 2.11517252 2.15316201 2.18088503
 2.19741314 2.20181786 2.19317073 2.17054328 2.13300706 2.07963359
 2.00949441 1.92166106 1.81520507 1.68919797 1.54271131 1.37481662
 1.18458543 0.97108928 0.7333997  0.47058824]
a_x_fitting=[  5.16795866  15.17326582  25.17857298  35.18388015  45.18918731
  55.19449447  65.19980163  75.2051088   85.21041596  95.21572312
 105.22103029 115.22633745 125.23164461 135.23695177 145.24225894
 155.2475661  165.25287326 175.25818043 185.26348759 195.26879475
 205.27410191 215.27940908 225.28471624 235.2900234  245.29533057
 255.30063773 265.30594489 275.31125206 285.31655922 295.32186638
 305.32717354 315.33248071 325.33778787 335.34309503 345.3484022
 355.35370936 365.35901652 375.36432368 385.36963085 395.37493801
 405.38024517 415.38555234 425.3908595  435.39616666 445.40147383
 455.40678099 465.41208815 475.41739531 485.42270248 495.42800964
 505.4333168  515.43862397 525.44393113 535.44923829 545.45454545
 555.45985262 565.46515978 575.47046694 585.47577411 595.48108127
 605.48638843 615.4916956  625.49700276 635.50230992 645.50761708
 655.51292425 665.51823141 675.52353857 685.52884574 695.5341529
 705.53946006 715.54476722 725.55007439 735.55538155 745.56068871
 755.56599588 765.57130304 775.5766102  785.58191736 795.58722453
 805.59253169 815.59783885 825.60314602 835.60845318 845.61376034
 855.61906751 865.62437467 875.62968183 885.63498899 895.64029616
 905.64560332 915.65091048 925.65621765 935.66152481 945.66683197
 955.67213913 965.6774463  975.68275346 985.68806062 995.69336779]
a_y_fitting=[-6.7251462  -6.66242945 -6.59673505 -6.52840871 -6.45779614 -6.38524307
 -6.31109519 -6.23569824 -6.15939791 -6.08253993 -6.00547001 -5.92853385
 -5.85207719 -5.77644573 -5.70198518 -5.62904126 -5.55795968 -5.48908616
 -5.42276641 -5.35934614 -5.29917107 -5.24258692 -5.18993939 -5.1415742
 -5.09783706 -5.0590737  -5.02562981 -4.99785112 -4.97608335 -4.96067219
 -4.95196338 -4.95030261 -4.95603562 -4.9695081  -4.99106578 -5.02105436
 -5.05981957 -5.10770711 -5.1650627  -5.23223206 -5.3095609  -5.39739492
 -5.49607985 -5.60596141 -5.72734587 -5.85931548 -5.99952072 -6.14553085
 -6.29491511 -6.44524274 -6.59408298 -6.73900508 -6.87757827 -7.00737181
 -7.12595493 -7.23089687 -7.31976688 -7.3901342  -7.43956807 -7.46563774
 -7.46591245 -7.43796144 -7.37935394 -7.28765922 -7.1604465  -6.99528503
 -6.78974406 -6.54139282 -6.24780056 -5.90653651 -5.51518144 -5.08773451
 -4.68735405 -4.38635977 -4.2384161  -4.22217584 -4.29744082 -4.42401288
 -4.56226283 -4.69064838 -4.80902428 -4.91848213 -5.02011355 -5.11501018
 -5.20426364 -5.28896553 -5.3702075  -5.44908115 -5.52667812 -5.60409001
 -5.68240847 -5.7627251  -5.84613152 -5.93371937 -6.02658026 -6.12580582
 -6.23248766 -6.34771742 -6.4725867  -6.60818713]
d_x_fitting=[  0.          10.09230983  20.18461967  30.2769295   40.36923934
  50.46154917  60.553859    70.64616884  80.73847867  90.83078851
 100.92309834 111.01540817 121.10771801 131.20002784 141.29233767
 151.38464751 161.47695734 171.56926718 181.66157701 191.75388684
 201.84619668 211.93850651 222.03081635 232.12312618 242.21543601
 252.30774585 262.40005568 272.49236552 282.58467535 292.67698518
 302.76929502 312.86160485 322.95391469 333.04622452 343.13853435
 353.23084419 363.32315402 373.41546385 383.50777369 393.60008352
 403.69239336 413.78470319 423.87701302 433.96932286 444.06163269
 454.15394253 464.24625236 474.33856219 484.43087203 494.52318186
 504.6154917  514.70780153 524.80011136 534.8924212  544.98473103
 555.07704087 565.1693507  575.26166053 585.35397037 595.4462802
 605.53859003 615.63089987 625.7232097  635.81551954 645.90782937
 656.0001392  666.09244904 676.18475887 686.27706871 696.36937854
 706.46168837 716.55399821 726.64630804 736.73861788 746.83092771
 756.92323754 767.01554738 777.10785721 787.20016705 797.29247688
 807.38478671 817.47709655 827.56940638 837.66171621 847.75402605
 857.84633588 867.93864572 878.03095555 888.12326538 898.21557522
 908.30788505 918.40019489 928.49250472 938.58481455 948.67712439
 958.76943422 968.86174406 978.95405389 989.04636372 999.13867356]
d_y_fitting=[0.99415205 1.24306877 1.46519436 1.66275669 1.83798362 1.99310303
 2.13034279 2.25193076 2.36009484 2.45706287 2.54504958 2.62559493
 2.69925445 2.76650572 2.82782635 2.88369395 2.93458612 2.98098046
 3.02335458 3.06218608 3.09795256 3.13113163 3.16220089 3.19163795
 3.21992041 3.24752586 3.27493193 3.3026162  3.33105629 3.36045851
 3.38965496 3.41704363 3.44102234 3.45998893 3.47234121 3.47647701
 3.47079416 3.45369048 3.42356379 3.37881192 3.31783981 3.24011945
 3.14731692 3.04136824 2.92420942 2.79777648 2.66400545 2.52483233
 2.38219314 2.23802391 2.09426064 1.95283936 1.81569608 1.68476682
 1.56198759 1.44929442 1.34862333 1.26191032 1.19109141 1.13810263
 1.10487999 1.09335951 1.10547721 1.14316909 1.20837118 1.3030195
 1.42905007 1.58839889 1.783002   2.01479539 2.28571507 2.59154731
 2.90471912 3.19211211 3.42060792 3.56224331 3.62311049 3.623115
 3.58220187 3.51906841 3.4411363  3.34984036 3.2465603  3.13267581
 3.00956658 2.87861231 2.74119269 2.59868742 2.45247619 2.3039387
 2.15445463 2.0054037  1.85816558 1.71411998 1.57464658 1.44112509
 1.3149352  1.19745659 1.09006898 0.99415205]