
p_x=[0.0, 149.87080103359173, 300.60292850990527, 359.1731266149871, 434.1085271317829, 534.0223944875107, 581.3953488372093, 623.6003445305771, 638.2428940568475, 670.9732988802756, 708.0103359173127, 753.6606373815677, 908.69939707149, 997.4160206718346]
p_y=[1.5294117647058822, 1.4117647058823533, 2.0, 2.7058823529411766, 3.0588235294117645, 2.8235294117647056, 2.235294117647059, 2.3529411764705888, 3.4117647058823533, 3.88235294117647, 3.647058823529412, 3.764705882352941, 2.4705882352941178, 1.2941176470588225]
a_x=[2.5839793281653747, 50.818260120585705, 100.7751937984496, 117.14039621016366, 125.75366063738159, 143.8415159345392, 193.79844961240312, 242.89405684754522, 258.39793281653743, 303.1869078380706, 310.93884582256675, 330.74935400516796, 374.67700258397934, 411.71403962101635, 434.9698535745047, 452.1963824289406, 472.0068906115418, 503.01464254952634, 535.7450473729543, 559.8621877691645, 583.1180017226529, 610.6804478897502, 749.3540051679587, 767.4418604651163, 779.5004306632214, 826.0120585701981, 919.8966408268734, 998.2773471145564]
a_y=[-6.023391812865498, -6.491228070175438, -6.257309941520468, -5.438596491228068, -4.970760233918128, -4.853801169590643, -4.035087719298245, -5.6725146198830405, -5.789473684210527, -5.906432748538011, -4.035087719298245, -3.099415204678362, -3.6842105263157894, -2.514619883040936, -2.397660818713449, -4.269005847953215, -5.438596491228068, -5.906432748538011, -5.789473684210527, -4.619883040935672, -4.7368421052631575, -4.7368421052631575, -3.8011695906432745, -4.152046783625732, -4.269005847953215, -5.438596491228068, -6.6081871345029235, -6.257309941520468]
d_x=[1.7226528854435832, 69.76744186046511, 149.87080103359173, 262.70456503014645, 331.61068044788976, 362.61843238587426, 404.82342807924203, 430.6632213608958, 522.8251507321274, 566.7527993109388, 602.928509905254, 620.1550387596899, 646.8561584840654, 735.57278208441, 876.8303186907838, 997.4160206718346]
d_y=[1.1111111111111107, 1.3450292397660828, 1.2280701754385976, 1.2280701754385976, 1.461988304093568, 2.9824561403508776, 3.450292397660819, 2.514619883040936, 2.1637426900584797, 2.1637426900584797, 2.280701754385966, 3.333333333333334, 3.5672514619883042, 2.397660818713451, 2.0467836257309946, 1.461988304093568]
p_x_fitting=[  0.          10.0749093   20.1498186   30.2247279   40.2996372
  50.3745465   60.4494558   70.5243651   80.5992744   90.6741837
 100.749093   110.8240023  120.8989116  130.9738209  141.0487302
 151.1236395  161.1985488  171.2734581  181.34836739 191.42327669
 201.49818599 211.57309529 221.64800459 231.72291389 241.79782319
 251.87273249 261.94764179 272.02255109 282.09746039 292.17236969
 302.24727899 312.32218829 322.39709759 332.47200689 342.54691619
 352.62182549 362.69673479 372.77164409 382.84655339 392.92146269
 402.99637199 413.07128129 423.14619059 433.22109989 443.29600919
 453.37091849 463.44582779 473.52073709 483.59564639 493.67055569
 503.74546499 513.82037429 523.89528359 533.97019288 544.04510218
 554.12001148 564.19492078 574.26983008 584.34473938 594.41964868
 604.49455798 614.56946728 624.64437658 634.71928588 644.79419518
 654.86910448 664.94401378 675.01892308 685.09383238 695.16874168
 705.24365098 715.31856028 725.39346958 735.46837888 745.54328818
 755.61819748 765.69310678 775.76801608 785.84292538 795.91783468
 805.99274398 816.06765328 826.14256258 836.21747188 846.29238118
 856.36729048 866.44219978 876.51710908 886.59201837 896.66692767
 906.74183697 916.81674627 926.89165557 936.96656487 947.04147417
 957.11638347 967.19129277 977.26620207 987.34111137 997.41602067]
p_y_fitting=[1.52941176 1.54464003 1.5536309  1.55706065 1.55560554 1.54994187
 1.5407459  1.5286939  1.51446217 1.49872696 1.48216456 1.46545125
 1.44926329 1.43427697 1.42116857 1.41061435 1.40329059 1.39987357
 1.40103957 1.40746485 1.41982571 1.4387984  1.46505922 1.49928443
 1.54215032 1.59433314 1.6565092  1.72935475 1.81354607 1.90975945
 2.01866674 2.13936218 2.26703443 2.39627829 2.52168853 2.63785996
 2.73943818 2.82378734 2.89230501 2.94671545 2.98874295 3.02011178
 3.04254622 3.05777053 3.06722171 3.07083825 3.06807166 3.05837318
 3.04119405 3.01598554 2.98219887 2.9392853  2.88669608 2.82388245
 2.74897847 2.65476689 2.53267169 2.37411684 2.17106078 1.95934778
 1.85068365 1.96431066 2.41933523 3.17130243 3.72928223 3.93906953
 3.93267391 3.84607529 3.76203883 3.6944839  3.65275705 3.64479494
 3.66520086 3.70123502 3.74008115 3.76894015 3.77893236 3.77006399
 3.74356571 3.7006682  3.64260213 3.57059817 3.48588701 3.38969931
 3.28326574 3.16781699 3.04458373 2.91479663 2.77968637 2.64048362
 2.49841906 2.35472335 2.21062719 2.06736123 1.92615615 1.78824264
 1.65485135 1.52721298 1.40655818 1.29411765]
a_x_fitting=[  2.58397933  12.64148809  22.69899686  32.75650562  42.81401439
  52.87152316  62.92903192  72.98654069  83.04404945  93.10155822
 103.15906698 113.21657575 123.27408451 133.33159328 143.38910205
 153.44661081 163.50411958 173.56162834 183.61913711 193.67664587
 203.73415464 213.7916634  223.84917217 233.90668094 243.9641897
 254.02169847 264.07920723 274.136716   284.19422476 294.25173353
 304.30924229 314.36675106 324.42425982 334.48176859 344.53927736
 354.59678612 364.65429489 374.71180365 384.76931242 394.82682118
 404.88432995 414.94183871 424.99934748 435.05685625 445.11436501
 455.17187378 465.22938254 475.28689131 485.34440007 495.40190884
 505.4594176  515.51692637 525.57443514 535.6319439  545.68945267
 555.74696143 565.8044702  575.86197896 585.91948773 595.97699649
 606.03450526 616.09201402 626.14952279 636.20703156 646.26454032
 656.32204909 666.37955785 676.43706662 686.49457538 696.55208415
 706.60959291 716.66710168 726.72461045 736.78211921 746.83962798
 756.89713674 766.95464551 777.01215427 787.06966304 797.1271718
 807.18468057 817.24218934 827.2996981  837.35720687 847.41471563
 857.4722244  867.52973316 877.58724193 887.64475069 897.70225946
 907.75976822 917.81727699 927.87478576 937.93229452 947.98980329
 958.04731205 968.10482082 978.16232958 988.21983835 998.27734711]
a_y_fitting=[-6.02339181 -6.00242798 -6.073285   -6.20444101 -6.36437415 -6.52156256
 -6.64448437 -6.70161772 -6.66144075 -6.4924316  -6.16325064 -5.66773715
 -5.08126553 -4.83288492 -4.85422873 -4.74755001 -4.50609592 -4.23591893
 -4.04308049 -4.03364205 -4.27658191 -4.68705679 -5.14034545 -5.51172656
 -5.67663899 -5.68999567 -6.09224988 -6.86530594 -7.4394808  -7.22778864
 -5.6446748  -3.46832592 -2.95795749 -3.20696415 -3.46286639 -3.64670773
 -3.72988508 -3.68379536 -3.49155217 -3.18265187 -2.79806678 -2.38089456
 -2.11392425 -2.40377014 -3.44727399 -4.55011705 -5.19244126 -5.52671613
 -5.71489705 -5.82937877 -5.93420804 -6.03627799 -6.02934813 -5.79387691
 -5.28416883 -4.76004844 -4.53991842 -4.62522449 -4.76850865 -4.81235378
 -4.77328196 -4.68526029 -4.56866957 -4.43158896 -4.28165351 -4.12649826
 -3.97375827 -3.83106857 -3.70606422 -3.60638025 -3.53965171 -3.51351364
 -3.5356011  -3.61354913 -3.75499276 -3.95863865 -4.14548322 -4.24381389
 -4.38321755 -4.60791179 -4.88614174 -5.18554067 -5.47375394 -5.72665123
 -5.94262578 -6.12389199 -6.27266426 -6.39115701 -6.48158463 -6.54616154
 -6.58710212 -6.6066208  -6.60693197 -6.59025004 -6.55878941 -6.51476448
 -6.46038967 -6.39787937 -6.32944799 -6.25730994]
d_x_fitting=[  1.72265289  11.78016165  21.83767042  31.89517918  41.95268795
  52.01019671  62.06770548  72.12521424  82.18272301  92.24023178
 102.29774054 112.35524931 122.41275807 132.47026684 142.5277756
 152.58528437 162.64279313 172.7003019  182.75781066 192.81531943
 202.8728282  212.93033696 222.98784573 233.04535449 243.10286326
 253.16037202 263.21788079 273.27538955 283.33289832 293.39040709
 303.44791585 313.50542462 323.56293338 333.62044215 343.67795091
 353.73545968 363.79296844 373.85047721 383.90798598 393.96549474
 404.02300351 414.08051227 424.13802104 434.1955298  444.25303857
 454.31054733 464.3680561  474.42556486 484.48307363 494.5405824
 504.59809116 514.65559993 524.71310869 534.77061746 544.82812622
 554.88563499 564.94314375 575.00065252 585.05816129 595.11567005
 605.17317882 615.23068758 625.28819635 635.34570511 645.40321388
 655.46072264 665.51823141 675.57574018 685.63324894 695.69075771
 705.74826647 715.80577524 725.863284   735.92079277 745.97830153
 756.0358103  766.09331906 776.15082783 786.2083366  796.26584536
 806.32335413 816.38086289 826.43837166 836.49588042 846.55338919
 856.61089795 866.66840672 876.72591549 886.78342425 896.84093302
 906.89844178 916.95595055 927.01345931 937.07096808 947.12847684
 957.18598561 967.24349438 977.30100314 987.35851191 997.41602067]
d_y_fitting=[1.11111111 1.19909247 1.26443905 1.30973737 1.33757395 1.3505353
 1.35120795 1.34217842 1.32603321 1.30535885 1.28274186 1.26076875
 1.24202604 1.22910026 1.22457791 1.23102432 1.24888081 1.2746822
 1.30454354 1.33457988 1.36090626 1.37963775 1.38688939 1.37877622
 1.3514133  1.30091568 1.22339914 1.12141945 1.01964452 0.94748439
 0.93434913 1.00964878 1.20279338 1.54302022 2.02285855 2.5528974
 3.03265616 3.38214456 3.57934828 3.61243516 3.46957304 3.15558888
 2.75998968 2.39818242 2.13583928 1.96511377 1.87223666 1.84343868
 1.86495059 1.92300313 2.00382706 2.09365311 2.1787111  2.24499665
 2.27796451 2.26299335 2.1854618  2.04504571 1.9405337  2.01269655
 2.40125564 3.05311663 3.52673319 3.65440409 3.5842225  3.46089828
 3.32709266 3.18639673 3.04232236 2.89838141 2.75808574 2.62494722
 2.50247772 2.39418906 2.302677   2.22723389 2.16640768 2.11874635
 2.08279786 2.05711016 2.04023122 2.03070902 2.0270915  2.02792664
 2.0317624  2.03714673 2.04262762 2.04675301 2.04807088 2.04512918
 2.03647589 2.02065896 1.99622636 1.96172605 1.915706   1.85671416
 1.78329851 1.69400701 1.58738762 1.4619883 ]