
p_x=[2.5839793281653747, 333.3333333333333, 765.7192075796727, 997.4160206718346]
p_y=[0.7058823529411757, 0.9411764705882355, 1.0588235294117645, 0.9411764705882355]
a_x=[1.7226528854435832, 82.68733850129199, 193.79844961240312, 225.6675279931094, 247.20068906115418, 263.56589147286826, 625.3229974160207, 862.1877691645134, 997.4160206718346]
a_y=[-6.491228070175438, -5.6725146198830405, -5.6725146198830405, -4.970760233918128, -5.438596491228068, -5.6725146198830405, -6.023391812865498, -6.023391812865498, -6.842105263157894]
d_x=[0.8613264427217916, 67.18346253229974, 120.58570198105082, 376.3996554694229, 528.85443583118, 649.4401378122309, 683.0318690783807, 740.7407407407406, 903.5314384151594, 996.5546942291128]
d_y=[0.8771929824561404, 2.397660818713451, 2.0467836257309946, 1.578947368421053, 1.461988304093568, 1.6959064327485383, 2.1637426900584797, 2.280701754385966, 1.6959064327485383, 1.1111111111111107]
p_x_fitting=[  2.58397933  12.63278783  22.68159633  32.73040482  42.77921332
  52.82802182  62.87683032  72.92563882  82.97444732  93.02325581
 103.07206431 113.12087281 123.16968131 133.21848981 143.26729831
 153.3161068  163.3649153  173.4137238  183.4625323  193.5113408
 203.5601493  213.6089578  223.65776629 233.70657479 243.75538329
 253.80419179 263.85300029 273.90180879 283.95061728 293.99942578
 304.04823428 314.09704278 324.14585128 334.19465978 344.24346827
 354.29227677 364.34108527 374.38989377 384.43870227 394.48751077
 404.53631927 414.58512776 424.63393626 434.68274476 444.73155326
 454.78036176 464.82917026 474.87797875 484.92678725 494.97559575
 505.02440425 515.07321275 525.12202125 535.17082974 545.21963824
 555.26844674 565.31725524 575.36606374 585.41487224 595.46368073
 605.51248923 615.56129773 625.61010623 635.65891473 645.70772323
 655.75653173 665.80534022 675.85414872 685.90295722 695.95176572
 706.00057422 716.04938272 726.09819121 736.14699971 746.19580821
 756.24461671 766.29342521 776.34223371 786.3910422  796.4398507
 806.4886592  816.5374677  826.5862762  836.6350847  846.6838932
 856.73270169 866.78151019 876.83031869 886.87912719 896.92793569
 906.97674419 917.02555268 927.07436118 937.12316968 947.17197818
 957.22078668 967.26959518 977.31840367 987.36721217 997.41602067]
p_y_fitting=[0.70588235 0.71342574 0.72098215 0.72854791 0.73611936 0.74369285
 0.7512647  0.75883124 0.76638883 0.77393379 0.78146246 0.78897117
 0.79645627 0.80391408 0.81134095 0.81873321 0.8260872  0.83339925
 0.84066569 0.84788288 0.85504713 0.8621548  0.8692022  0.87618569
 0.8831016  0.88994625 0.896716   0.90340717 0.91001611 0.91653914
 0.9229726  0.92931284 0.93555618 0.94169896 0.94773753 0.9536682
 0.95948733 0.96519125 0.97077629 0.97623879 0.98157509 0.98678152
 0.99185441 0.99679012 1.00158496 1.00623528 1.01073742 1.0150877
 1.01928247 1.02331806 1.02719081 1.03089706 1.03443313 1.03779538
 1.04098012 1.04398371 1.04680247 1.04943274 1.05187087 1.05411317
 1.056156   1.05799568 1.05962856 1.06105097 1.06225924 1.06324971
 1.06401872 1.06456261 1.0648777  1.06496035 1.06480687 1.06441362
 1.06377692 1.06289311 1.06175853 1.06036951 1.05872239 1.05681351
 1.0546392  1.0521958  1.04947965 1.04648708 1.04321442 1.03965802
 1.03581421 1.03167933 1.0272497  1.02252168 1.01749159 1.01215577
 1.00651056 1.00055229 0.99427731 0.98768194 0.98076252 0.97351539
 0.96593688 0.95802333 0.94977109 0.94117647]
a_x_fitting=[  1.72265289  11.78016165  21.83767042  31.89517918  41.95268795
  52.01019671  62.06770548  72.12521424  82.18272301  92.24023178
 102.29774054 112.35524931 122.41275807 132.47026684 142.5277756
 152.58528437 162.64279313 172.7003019  182.75781066 192.81531943
 202.8728282  212.93033696 222.98784573 233.04535449 243.10286326
 253.16037202 263.21788079 273.27538955 283.33289832 293.39040709
 303.44791585 313.50542462 323.56293338 333.62044215 343.67795091
 353.73545968 363.79296844 373.85047721 383.90798598 393.96549474
 404.02300351 414.08051227 424.13802104 434.1955298  444.25303857
 454.31054733 464.3680561  474.42556486 484.48307363 494.5405824
 504.59809116 514.65559993 524.71310869 534.77061746 544.82812622
 554.88563499 564.94314375 575.00065252 585.05816129 595.11567005
 605.17317882 615.23068758 625.28819635 635.34570511 645.40321388
 655.46072264 665.51823141 675.57574018 685.63324894 695.69075771
 705.74826647 715.80577524 725.863284   735.92079277 745.97830153
 756.0358103  766.09331906 776.15082783 786.2083366  796.26584536
 806.32335413 816.38086289 826.43837166 836.49588042 846.55338919
 856.61089795 866.66840672 876.72591549 886.78342425 896.84093302
 906.89844178 916.95595055 927.01345931 937.07096808 947.12847684
 957.18598561 967.24349438 977.30100314 987.35851191 997.41602067]
a_y_fitting=[-6.49122807 -6.14194653 -5.88281776 -5.70396485 -5.59551092 -5.54757907
 -5.55029241 -5.59377404 -5.66814709 -5.76353464 -5.87005981 -5.97784571
 -6.07701545 -6.15769212 -6.20999885 -6.22405873 -6.18999487 -6.09793039
 -5.93798838 -5.70029196 -5.39134348 -5.10563125 -4.96706051 -5.07763082
 -5.33766327 -5.54901364 -5.66904084 -5.76550935 -5.85405379 -5.93493711
 -6.0084217  -6.07476994 -6.1342442  -6.18710687 -6.23362032 -6.27404693
 -6.30864908 -6.33768916 -6.36142954 -6.3801326  -6.39406071 -6.40347627
 -6.40864165 -6.40981922 -6.40727137 -6.40126048 -6.39204893 -6.37989909
 -6.36507335 -6.34783408 -6.32844366 -6.30716448 -6.28425891 -6.25998933
 -6.23461813 -6.20840767 -6.18162035 -6.15451853 -6.12736461 -6.10042095
 -6.07394994 -6.04821395 -6.02347538 -5.99996991 -5.97782542 -5.95714254
 -5.93802191 -5.92056415 -5.90486991 -5.89103981 -5.87917449 -5.86937459
 -5.86174072 -5.85637354 -5.85337367 -5.85284174 -5.85487839 -5.85958425
 -5.86705995 -5.87740613 -5.89072343 -5.90711246 -5.92667388 -5.9495083
 -5.97571637 -6.00539872 -6.03865597 -6.07558877 -6.11629775 -6.16088354
 -6.20944677 -6.26208807 -6.31890809 -6.38000745 -6.44548678 -6.51544673
 -6.58998791 -6.66921098 -6.75321655 -6.84210526]
d_x_fitting=[8.61326443e-01 1.09188352e+01 2.09763440e+01 3.10338527e+01
 4.10913615e+01 5.11488703e+01 6.12063790e+01 7.12638878e+01
 8.13213966e+01 9.13789053e+01 1.01436414e+02 1.11493923e+02
 1.21551432e+02 1.31608940e+02 1.41666449e+02 1.51723958e+02
 1.61781467e+02 1.71838975e+02 1.81896484e+02 1.91953993e+02
 2.02011502e+02 2.12069011e+02 2.22126519e+02 2.32184028e+02
 2.42241537e+02 2.52299046e+02 2.62356554e+02 2.72414063e+02
 2.82471572e+02 2.92529081e+02 3.02586589e+02 3.12644098e+02
 3.22701607e+02 3.32759116e+02 3.42816624e+02 3.52874133e+02
 3.62931642e+02 3.72989151e+02 3.83046660e+02 3.93104168e+02
 4.03161677e+02 4.13219186e+02 4.23276695e+02 4.33334203e+02
 4.43391712e+02 4.53449221e+02 4.63506730e+02 4.73564238e+02
 4.83621747e+02 4.93679256e+02 5.03736765e+02 5.13794273e+02
 5.23851782e+02 5.33909291e+02 5.43966800e+02 5.54024309e+02
 5.64081817e+02 5.74139326e+02 5.84196835e+02 5.94254344e+02
 6.04311852e+02 6.14369361e+02 6.24426870e+02 6.34484379e+02
 6.44541887e+02 6.54599396e+02 6.64656905e+02 6.74714414e+02
 6.84771922e+02 6.94829431e+02 7.04886940e+02 7.14944449e+02
 7.25001958e+02 7.35059466e+02 7.45116975e+02 7.55174484e+02
 7.65231993e+02 7.75289501e+02 7.85347010e+02 7.95404519e+02
 8.05462028e+02 8.15519536e+02 8.25577045e+02 8.35634554e+02
 8.45692063e+02 8.55749572e+02 8.65807080e+02 8.75864589e+02
 8.85922098e+02 8.95979607e+02 9.06037115e+02 9.16094624e+02
 9.26152133e+02 9.36209642e+02 9.46267150e+02 9.56324659e+02
 9.66382168e+02 9.76439677e+02 9.86497185e+02 9.96554694e+02]
d_y_fitting=[0.87719298 1.35179527 1.723397   2.00228818 2.19875882 2.32309892
 2.38559849 2.39654754 2.36623608 2.30495411 2.22299164 2.13063869
 2.03818367 1.95357094 1.8776981  1.81014402 1.75048755 1.69830757
 1.65318292 1.61469247 1.58241509 1.55592964 1.53481497 1.51864995
 1.50701343 1.49948429 1.49564139 1.49506357 1.49732972 1.50201868
 1.50870932 1.5169805  1.52641109 1.53657994 1.54706591 1.55744787
 1.56730469 1.57621521 1.58377344 1.5897531  1.59404562 1.59654452
 1.59714328 1.59573541 1.59221439 1.58647373 1.57840692 1.56790745
 1.55486884 1.53918456 1.52074813 1.49945302 1.47519275 1.44792096
 1.41895816 1.39098248 1.36673037 1.34893827 1.34034263 1.3436799
 1.36168652 1.39709893 1.45265358 1.53108692 1.6351354  1.76697291
 1.91659053 2.06220199 2.18156539 2.26037248 2.30341569 2.31830376
 2.31264541 2.29404935 2.27001877 2.24469176 2.21822004 2.19052432
 2.16152534 2.13114383 2.09930053 2.06591617 2.03091147 1.99420718
 1.95572403 1.91538274 1.87310405 1.8288087  1.78241741 1.73385092
 1.68302996 1.62987527 1.57430757 1.5162476  1.45561609 1.39233377
 1.32632139 1.25749966 1.18578932 1.11111111]