
p_x=[2.5839793281653747, 41.343669250645995, 81.8260120585702, 103.35917312661498, 128.33763996554694, 152.45478036175712, 232.5581395348837, 343.66925064599485, 390.1808785529716, 428.9405684754522, 447.0284237726098, 475.4521963824289, 503.8759689922481, 550.3875968992248, 596.0378983634797, 700.2583979328165, 751.937984496124, 784.668389319552, 807.9242032730405, 832.9026701119724, 863.910422049957, 946.5977605512489, 993.9707149009474]
p_y=[-0.7058823529411757, 0.5882352941176467, 1.4117647058823533, -0.9411764705882355, -1.0588235294117645, -0.8235294117647047, -0.9411764705882355, -0.8235294117647047, -0.9411764705882355, -0.7058823529411757, 1.5294117647058822, 0.23529411764705976, -1.2941176470588225, -1.882352941176471, -1.647058823529413, -1.764705882352942, -1.764705882352942, -1.1764705882352935, 1.5294117647058822, 1.882352941176471, 1.2941176470588225, -0.117647058823529, -1.1764705882352935]
a_x=[3.4453057708871664, 32.73040482342808, 50.818260120585705, 74.07407407407408, 80.1033591731266, 101.63652024117141, 121.44702842377261, 165.37467700258398, 264.42721791559, 354.00516795865633, 400.5167958656331, 434.9698535745047, 459.0869939707149, 480.6201550387597, 501.29198966408273, 523.6864771748493, 548.6649440137812, 604.6511627906976, 865.6330749354005, 993.1093884582257]
a_y=[-6.257309941520468, -5.321637426900585, -4.7368421052631575, -4.502923976608187, -6.023391812865498, -6.140350877192983, -6.140350877192983, -5.789473684210527, -6.257309941520468, -6.257309941520468, -6.491228070175438, -6.023391812865498, -3.333333333333332, -4.502923976608187, -6.374269005847953, -6.6081871345029235, -6.725146198830409, -6.6081871345029235, -5.906432748538011, -6.023391812865498]
d_x=[2.5839793281653747, 36.17571059431524, 70.62876830318692, 100.7751937984496, 160.2067183462532, 281.65374677002586, 378.9836347975883, 407.4074074074074, 434.1085271317829, 454.78036175710594, 476.3135228251507, 497.8466838931955, 524.547803617571, 551.2489233419467, 610.6804478897502, 838.0706287683032, 993.1093884582257]
d_y=[1.1111111111111107, 2.1637426900584797, 2.397660818713451, 1.2280701754385976, 1.1111111111111107, 1.8128654970760234, 1.3450292397660828, 1.8128654970760234, 1.8128654970760234, 3.8011695906432754, 3.5672514619883042, 1.9298245614035086, 1.578947368421053, 1.6959064327485383, 1.6959064327485383, 1.9298245614035086, 1.9298245614035086]
p_x_fitting=[  2.58397933  12.59798676  22.61199419  32.62600162  42.64000905
  52.65401648  62.66802391  72.68203134  82.69603877  92.7100462
 102.72405363 112.73806106 122.75206849 132.76607592 142.78008335
 152.79409078 162.80809821 172.82210564 182.83611307 192.8501205
 202.86412793 212.87813536 222.89214279 232.90615022 242.92015765
 252.93416508 262.94817251 272.96217994 282.97618737 292.9901948
 303.00420223 313.01820966 323.03221709 333.04622452 343.06023195
 353.07423938 363.08824681 373.10225424 383.11626167 393.1302691
 403.14427653 413.15828396 423.17229139 433.18629882 443.20030625
 453.21431368 463.22832111 473.24232854 483.25633597 493.2703434
 503.28435083 513.29835826 523.31236569 533.32637312 543.34038055
 553.35438798 563.36839541 573.38240284 583.39641027 593.4104177
 603.42442513 613.43843256 623.45243999 633.46644742 643.48045485
 653.49446228 663.50846971 673.52247714 683.53648457 693.550492
 703.56449943 713.57850686 723.59251429 733.60652172 743.62052915
 753.63453658 763.64854401 773.66255144 783.67655887 793.6905663
 803.70457373 813.71858116 823.73258859 833.74659602 843.76060345
 853.77461088 863.78861831 873.80262574 883.81663317 893.8306406
 903.84464803 913.85865546 923.87266289 933.88667032 943.90067775
 953.91468518 963.92869261 973.94270004 983.95670747 993.9707149 ]
p_y_fitting=[-0.70588235 -0.94103218 -0.66309706 -0.0585945   0.68595803  1.38404303
  1.84914303  1.89474051  1.3344232   0.18729419 -0.89291819 -1.29291517
 -1.18618491 -0.97732679 -0.86775117 -0.82253378 -0.80187902 -0.79641244
 -0.80362934 -0.82102498 -0.84609465 -0.87633363 -0.90923721 -0.94230067
 -0.97320762 -1.00032038 -1.02215417 -1.0372242  -1.04404569 -1.04113385
 -1.02700389 -1.00017102 -0.95915046 -0.90245741 -0.8286071  -0.74219098
 -0.67698165 -0.6755011  -0.78027298 -1.03245565 -1.36274263 -1.51179376
 -1.2015064  -0.17311886  1.17674639  1.72335508  1.2887938   0.42638421
 -0.34324997 -0.89136981 -1.27531524 -1.54732368 -1.72987635 -1.8365786
 -1.88103421 -1.87685113 -1.83796822 -1.77889098 -1.71418052 -1.65839795
 -1.62479322 -1.61472052 -1.62319765 -1.64518341 -1.67563657 -1.70951592
 -1.74178025 -1.76738834 -1.78129898 -1.77847096 -1.75401963 -1.7126745
 -1.67419433 -1.65964574 -1.69009534 -1.78639301 -1.89897561 -1.80701921
 -1.26416079 -0.13454675  1.12169564  1.8762616   2.01985929  1.86589354
  1.67154946  1.48081119  1.29631248  1.11987732  0.94997012  0.78418421
  0.62011294  0.45534963  0.2874876   0.1141202  -0.06715925 -0.25875741
 -0.46308095 -0.68253655 -0.91953088 -1.17647059]
a_x_fitting=[  3.44530577  13.44191267  23.43851956  33.43512646  43.43173335
  53.42834025  63.42494715  73.42155404  83.41816094  93.41476783
 103.41137473 113.40798163 123.40458852 133.40119542 143.39780231
 153.39440921 163.3910161  173.387623   183.3842299  193.38083679
 203.37744369 213.37405058 223.37065748 233.36726438 243.36387127
 253.36047817 263.35708506 273.35369196 283.35029885 293.34690575
 303.34351265 313.34011954 323.33672644 333.33333333 343.32994023
 353.32654712 363.32315402 373.31976092 383.31636781 393.31297471
 403.3095816  413.3061885  423.3027954  433.29940229 443.29600919
 453.29261608 463.28922298 473.28582987 483.28243677 493.27904367
 503.27565056 513.27225746 523.26886435 533.26547125 543.26207815
 553.25868504 563.25529194 573.25189883 583.24850573 593.24511262
 603.24171952 613.23832642 623.23493331 633.23154021 643.2281471
 653.224754   663.2213609  673.21796779 683.21457469 693.21118158
 703.20778848 713.20439537 723.20100227 733.19760917 743.19421606
 753.19082296 763.18742985 773.18403675 783.18064365 793.17725054
 803.17385744 813.17046433 823.16707123 833.16367812 843.16028502
 853.15689192 863.15349881 873.15010571 883.1467126  893.1433195
 903.1399264  913.13653329 923.13314019 933.12974708 943.12635398
 953.12296087 963.11956777 973.11617467 983.11278156 993.10938846]
a_y_fitting=[-6.25730994 -5.52882511 -5.33019074 -5.31988446 -5.15638388 -4.50437993
 -3.70381853 -4.36680794 -6.56923092 -6.68874757 -6.0608588  -5.99232478
 -6.16860864 -6.21060369 -6.12565436 -5.97409957 -5.81627823 -5.70655756
 -5.65539165 -5.65363886 -5.69206695 -5.76144367 -5.85253677 -5.95611403
 -6.06294319 -6.16379201 -6.24942825 -6.31208472 -6.35209084 -6.37255767
 -6.37659879 -6.36732777 -6.34785817 -6.32130359 -6.29077759 -6.25939374
 -6.23265676 -6.2278027  -6.2656595  -6.36705602 -6.55180314 -6.74601952
 -6.70788829 -6.17812156 -5.00520971 -3.7551347  -3.26938772 -3.78357614
 -4.78688195 -5.79593667 -6.46465473 -6.64663265 -6.60969333 -6.62088499
 -6.68830629 -6.74788363 -6.76894076 -6.75792472 -6.72322057 -6.67321339
 -6.61628825 -6.55994051 -6.50620668 -6.45505404 -6.40644592 -6.36034568
 -6.31671665 -6.27552219 -6.23672562 -6.2002903  -6.16617957 -6.13435677
 -6.10478525 -6.07742834 -6.05224939 -6.02921175 -6.00827876 -5.98941375
 -5.97258008 -5.95774109 -5.94486012 -5.93390051 -5.9248256  -5.91759875
 -5.91218328 -5.90854256 -5.90663991 -5.90643869 -5.90790223 -5.91099387
 -5.91567697 -5.92191487 -5.9296709  -5.93890841 -5.94959075 -5.96168126
 -5.97514327 -5.98994014 -6.00603521 -6.02339181]
d_x_fitting=[  2.58397933  12.58928649  22.59459365  32.59990082  42.60520798
  52.61051514  62.61582231  72.62112947  82.62643663  92.63174379
 102.63705096 112.64235812 122.64766528 132.65297245 142.65827961
 152.66358677 162.66889394 172.6742011  182.67950826 192.68481542
 202.69012259 212.69542975 222.70073691 232.70604408 242.71135124
 252.7166584  262.72196556 272.72727273 282.73257989 292.73788705
 302.74319422 312.74850138 322.75380854 332.7591157  342.76442287
 352.76973003 362.77503719 372.78034436 382.78565152 392.79095868
 402.79626585 412.80157301 422.80688017 432.81218733 442.8174945
 452.82280166 462.82810882 472.83341599 482.83872315 492.84403031
 502.84933747 512.85464464 522.8599518  532.86525896 542.87056613
 552.87587329 562.88118045 572.88648762 582.89179478 592.89710194
 602.9024091  612.90771627 622.91302343 632.91833059 642.92363776
 652.92894492 662.93425208 672.93955924 682.94486641 692.95017357
 702.95548073 712.9607879  722.96609506 732.97140222 742.97670938
 752.98201655 762.98732371 772.99263087 782.99793804 793.0032452
 803.00855236 813.01385953 823.01916669 833.02447385 843.02978101
 853.03508818 863.04039534 873.0457025  883.05100967 893.05631683
 903.06162399 913.06693115 923.07223832 933.07754548 943.08285264
 953.08815981 963.09346697 973.09877413 983.1040813  993.10938846]
d_y_fitting=[1.11111111 1.40378386 1.73518938 2.05882575 2.32819106 2.4967834
 2.51810086 2.34587474 1.98383131 1.54751451 1.1674701  0.93088002
 0.82431589 0.8201171  0.89062304 1.00817309 1.14516807 1.28173909
 1.41319302 1.53660317 1.64904288 1.74758545 1.82930421 1.8912725
 1.93056362 1.94425091 1.92940768 1.88310727 1.80242659 1.68834837
 1.55319838 1.41134998 1.27717655 1.16505147 1.08934811 1.06443984
 1.10470004 1.22450208 1.4366823  1.6866097  1.82726631 1.72103284
 1.54000234 1.73591242 2.62450291 3.65660388 4.06287091 3.78079894
 3.06711689 2.25416948 1.71225806 1.54090621 1.5679413  1.62709995
 1.67069021 1.69967146 1.71558643 1.72105727 1.71887059 1.71181297
 1.702671   1.69422587 1.6883806  1.68519883 1.68451286 1.68615498
 1.6899575  1.69575272 1.70337293 1.71265044 1.72341755 1.73550654
 1.74874974 1.76297942 1.7780279  1.79372748 1.80991045 1.82640911
 1.84305576 1.8596827  1.87612224 1.89220667 1.90776829 1.92263941
 1.93665231 1.9496393  1.96143269 1.97186476 1.98076782 1.98797418
 1.99331612 1.99662595 1.99773597 1.99647848 1.99268577 1.98619016
 1.97682393 1.96441939 1.94880883 1.92982456]