
p_x=[2.5839793281653747, 20.671834625322997, 37.89836347975883, 58.57019810508183, 80.1033591731266, 90.43927648578811, 115.41774332472008, 141.25753660637383, 167.95865633074936, 173.1266149870801, 230.83548664944016, 297.15762273901805, 421.1886304909561, 574.5047372954349, 639.9655469422911, 686.4771748492678, 731.2661498708011, 769.1645133505599, 788.975021533161, 829.4573643410853, 881.1369509043928, 942.29112833764, 996.5546942291128]
p_y=[1.1764705882352935, 1.5294117647058822, 1.4117647058823533, 1.2941176470588225, 1.2941176470588225, 2.5882352941176467, 3.0588235294117645, 3.0588235294117645, 1.764705882352942, 1.4117647058823533, 1.5294117647058822, 1.6470588235294112, 1.2941176470588225, 1.1764705882352935, 0.9411764705882355, 1.0588235294117645, 2.3529411764705888, 0.8235294117647065, -0.9411764705882355, -0.5882352941176467, -0.5882352941176467, -0.5882352941176467, -0.7058823529411757]
a_x=[1.7226528854435832, 55.98621877691645, 117.14039621016366, 195.52110249784667, 227.39018087855297, 254.9526270456503, 275.62446167097335, 298.01894918173986, 352.2825150732127, 409.9913867355728, 434.9698535745047, 470.2842377260982, 492.6787252368648, 538.3290267011197, 643.4108527131783, 681.3092161929371, 765.7192075796727, 813.953488372093, 900.947459086994, 956.9336778639104, 976.7441860465116, 991.3867355727821, 998.2773471145564]
a_y=[-6.374269005847953, -6.023391812865498, -6.257309941520468, -6.374269005847953, -6.374269005847953, -6.023391812865498, -4.269005847953215, -5.555555555555555, -5.6725146198830405, -5.6725146198830405, -4.152046783625732, -4.385964912280702, -4.385964912280702, -4.035087719298245, -4.385964912280702, -4.269005847953215, -4.269005847953215, -4.035087719298245, -4.152046783625732, -4.385964912280702, -4.619883040935672, -5.204678362573098, -6.6081871345029235]
d_x=[1.7226528854435832, 392.76485788113695, 623.6003445305771, 686.4771748492678, 731.2661498708011, 778.6391042204996, 795.0043066322137, 800.1722652885444, 817.3987941429803, 826.8733850129198, 844.0999138673557, 861.3264427217916, 903.5314384151594, 981.9121447028424, 998.2773471145564]
d_y=[0.9941520467836256, 1.578947368421053, 1.6959064327485383, 1.9298245614035086, 2.1637426900584797, 2.0467836257309946, 2.1637426900584797, 2.280701754385966, 1.2280701754385976, -0.9941520467836256, -1.1111111111111107, -0.9941520467836256, -0.8771929824561404, -0.8771929824561404, -0.5263157894736832]
p_x_fitting=[  2.58397933  12.62408756  22.66419579  32.70430402  42.74441225
  52.78452048  62.82462872  72.86473695  82.90484518  92.94495341
 102.98506164 113.02516987 123.0652781  133.10538634 143.14549457
 153.1856028  163.22571103 173.26581926 183.30592749 193.34603572
 203.38614395 213.42625219 223.46636042 233.50646865 243.54657688
 253.58668511 263.62679334 273.66690157 283.70700981 293.74711804
 303.78722627 313.8273345  323.86744273 333.90755096 343.94765919
 353.98776742 364.02787566 374.06798389 384.10809212 394.14820035
 404.18830858 414.22841681 424.26852504 434.30863328 444.34874151
 454.38884974 464.42895797 474.4690662  484.50917443 494.54928266
 504.58939089 514.62949913 524.66960736 534.70971559 544.74982382
 554.78993205 564.83004028 574.87014851 584.91025674 594.95036498
 604.99047321 615.03058144 625.07068967 635.1107979  645.15090613
 655.19101436 665.2311226  675.27123083 685.31133906 695.35144729
 705.39155552 715.43166375 725.47177198 735.51188021 745.55198845
 755.59209668 765.63220491 775.67231314 785.71242137 795.7525296
 805.79263783 815.83274607 825.8728543  835.91296253 845.95307076
 855.99317899 866.03328722 876.07339545 886.11350368 896.15361192
 906.19372015 916.23382838 926.27393661 936.31404484 946.35415307
 956.3942613  966.43436954 976.47447777 986.514586   996.55469423]
p_y_fitting=[ 1.17647059  1.48985067  1.52137443  1.44112936  1.41120734  1.3939235
  1.15705365  0.94976199  1.60790338  2.82491444  3.19376796  3.08771693
  3.04882508  3.10379988  3.02276214  2.66278249  2.08590829  1.40310931
  0.95911887  0.81513753  0.8883097   1.09577979  1.3546922   1.58249914
  1.72859569  1.80175053  1.81719628  1.79016555  1.73589099  1.6696052
  1.60578124  1.54985533  1.50133375  1.45961937  1.42411508  1.39422374
  1.36934823  1.34889143  1.33225621  1.31884545  1.30806202  1.29930881
  1.29199051  1.28564621  1.28003865  1.27495175  1.2701694   1.26547552
  1.26065399  1.25548872  1.24976363  1.2432626   1.23576955  1.22706838
  1.21694299  1.20517729  1.19155518  1.17586055  1.15760492  1.13532289
  1.1073301   1.07194219  1.02747479  0.97224355  0.90539557  0.84380073
  0.82130651  0.87244272  1.0317392   1.32007748  1.6807854   2.02983402
  2.28316343  2.35759271  2.19990896  1.79355857  1.12422222  0.19839188
 -0.71852843 -1.21815634 -1.25528157 -1.01590781 -0.6896637  -0.45596049
 -0.36461139 -0.37637504 -0.450261   -0.5452788  -0.6214234  -0.6618218
 -0.67299606 -0.6625062  -0.63791224 -0.60677422 -0.57665216 -0.5551061
 -0.54969606 -0.56798207 -0.61752416 -0.70588235]
a_x_fitting=[  1.72265289  11.78886192  21.85507095  31.92127998  41.98748902
  52.05369805  62.11990708  72.18611611  82.25232515  92.31853418
 102.38474321 112.45095224 122.51716128 132.58337031 142.64957934
 152.71578837 162.78199741 172.84820644 182.91441547 192.98062451
 203.04683354 213.11304257 223.1792516  233.24546064 243.31166967
 253.3778787  263.44408773 273.51029677 283.5765058  293.64271483
 303.70892386 313.7751329  323.84134193 333.90755096 343.97375999
 354.03996903 364.10617806 374.17238709 384.23859612 394.30480516
 404.37101419 414.43722322 424.50343226 434.56964129 444.63585032
 454.70205935 464.76826839 474.83447742 484.90068645 494.96689548
 505.03310452 515.09931355 525.16552258 535.23173161 545.29794065
 555.36414968 565.43035871 575.49656774 585.56277678 595.62898581
 605.69519484 615.76140388 625.82761291 635.89382194 645.96003097
 656.02624001 666.09244904 676.15865807 686.2248671  696.29107614
 706.35728517 716.4234942  726.48970323 736.55591227 746.6221213
 756.68833033 766.75453936 776.8207484  786.88695743 796.95316646
 807.01937549 817.08558453 827.15179356 837.21800259 847.28421163
 857.35042066 867.41662969 877.48283872 887.54904776 897.61525679
 907.68146582 917.74767485 927.81388389 937.88009292 947.94630195
 958.01251098 968.07872002 978.14492905 988.21113808 998.27734711]
a_y_fitting=[-6.37426901 -6.24111963 -6.14316185 -6.07668874 -6.03799339 -6.02336888
 -6.02910828 -6.05150468 -6.08685115 -6.13144078 -6.18156665 -6.23352184
 -6.28364003 -6.32905458 -6.36763035 -6.39725916 -6.4158328  -6.42124308
 -6.4113818  -6.38414077 -6.34061499 -6.3100013  -6.33606073 -6.4505835
 -6.49058327 -6.13573937 -5.19534713 -4.34214943 -4.44108266 -5.21354518
 -5.8816293  -6.15064941 -6.13579405 -5.96508299 -5.76653599 -5.66797077
 -5.73648647 -5.89365196 -6.03968522 -6.07480424 -5.89922699 -5.41942685
 -4.734416   -4.16742936 -3.97778249 -4.07972954 -4.29035151 -4.43062705
 -4.43529314 -4.36790438 -4.2812298  -4.19136204 -4.10985173 -4.04824953
 -4.01712757 -4.01667981 -4.0408494  -4.08349358 -4.1384696  -4.1996347
 -4.26084613 -4.31596113 -4.35883694 -4.38333081 -4.38335156 -4.35885336
 -4.32142728 -4.28398705 -4.25910142 -4.25095363 -4.25508218 -4.26662879
 -4.28073516 -4.29254303 -4.2971941  -4.28983011 -4.26559525 -4.22270413
 -4.16841873 -4.11165925 -4.06134591 -4.02633476 -4.01093874 -4.01199761
 -4.02565514 -4.04805505 -4.0753411  -4.10365702 -4.12914657 -4.14795348
 -4.15703753 -4.16276592 -4.17753788 -4.21385154 -4.28420502 -4.40106971
 -4.54756999 -4.62213442 -4.88669264 -6.60818713]
d_x_fitting=[  1.72265289  11.78886192  21.85507095  31.92127998  41.98748902
  52.05369805  62.11990708  72.18611611  82.25232515  92.31853418
 102.38474321 112.45095224 122.51716128 132.58337031 142.64957934
 152.71578837 162.78199741 172.84820644 182.91441547 192.98062451
 203.04683354 213.11304257 223.1792516  233.24546064 243.31166967
 253.3778787  263.44408773 273.51029677 283.5765058  293.64271483
 303.70892386 313.7751329  323.84134193 333.90755096 343.97375999
 354.03996903 364.10617806 374.17238709 384.23859612 394.30480516
 404.37101419 414.43722322 424.50343226 434.56964129 444.63585032
 454.70205935 464.76826839 474.83447742 484.90068645 494.96689548
 505.03310452 515.09931355 525.16552258 535.23173161 545.29794065
 555.36414968 565.43035871 575.49656774 585.56277678 595.62898581
 605.69519484 615.76140388 625.82761291 635.89382194 645.96003097
 656.02624001 666.09244904 676.15865807 686.2248671  696.29107614
 706.35728517 716.4234942  726.48970323 736.55591227 746.6221213
 756.68833033 766.75453936 776.8207484  786.88695743 796.95316646
 807.01937549 817.08558453 827.15179356 837.21800259 847.28421163
 857.35042066 867.41662969 877.48283872 887.54904776 897.61525679
 907.68146582 917.74767485 927.81388389 937.88009292 947.94630195
 958.01251098 968.07872002 978.14492905 988.21113808 998.27734711]
d_y_fitting=[ 0.99415205  1.04810586  1.09895315  1.14677948  1.1916704   1.23371148
  1.27298827  1.30958634  1.34359125  1.37508855  1.40416381  1.43090259
  1.45539045  1.47771294  1.49795563  1.51620408  1.53254385  1.5470605
  1.55983959  1.57096667  1.58052732  1.58860708  1.59529153  1.60066622
  1.6048167   1.60782855  1.60978732  1.61077857  1.61088786  1.61020076
  1.60880281  1.60677959  1.60421665  1.60119956  1.59781387  1.59414514
  1.59027893  1.58630081  1.58229633  1.57835106  1.57455055  1.57098037
  1.56772607  1.56487322  1.56250738  1.5607141   1.55957894  1.55918747
  1.55962525  1.56097784  1.56333079  1.56676967  1.57138004  1.57724746
  1.58445748  1.59309568  1.6032476   1.61499881  1.62843487  1.64364134
  1.66070378  1.67970775  1.70074124  1.72429082  1.75168111  1.78434261
  1.82370579  1.87120115  1.92825916  1.9944719   2.06150324  2.11888036
  2.1561304   2.16336695  2.14270469  2.10748696  2.07148887  2.04848552
  2.06243819  2.20689559  2.30739569  1.29199873 -1.04065046 -1.46440276
 -1.00193803 -0.95976057 -1.02481431 -1.01501764 -0.96162913 -0.901234
 -0.86979269 -0.88065071 -0.91870864 -0.96705699 -1.0087863  -1.0269871
 -1.00474992 -0.92516529 -0.77132373 -0.52631579]