
p_x=[3.4453057708871664, 33.59173126614987, 62.87683031869079, 100.7751937984496, 117.14039621016366, 132.6442721791559, 145.56416881998277, 167.09732988802756, 186.90783807062877, 234.28079242032732, 294.57364341085275, 315.2454780361757, 336.77863910422053, 353.1438415159345, 379.8449612403101, 423.77260981912144, 504.73729543496984, 714.0396210163652, 898.3634797588286, 995.693367786391]
p_y=[1.5294117647058822, 1.764705882352942, 1.6470588235294112, 1.6470588235294112, 1.6470588235294112, 1.5294117647058822, -0.235294117647058, -0.9411764705882355, -1.0588235294117645, -0.9411764705882355, -0.8235294117647047, -0.8235294117647047, -0.35294117647058876, 1.2941176470588225, 1.2941176470588225, 1.4117647058823533, 1.4117647058823533, 1.4117647058823533, 1.1764705882352935, 1.0588235294117645]
a_x=[1.7226528854435832, 58.57019810508183, 132.6442721791559, 150.7321274763135, 167.95865633074936, 210.16365202411714, 260.12058570198104, 304.0482342807924, 322.99741602067184, 341.08527131782944, 349.69853574504737, 359.1731266149871, 374.67700258397934, 403.96210163652023, 470.2842377260982, 553.8329026701119, 652.885443583118, 820.8440999138674, 839.7932816537468, 938.8458225667528, 996.5546942291128]
a_y=[-6.257309941520468, -6.6081871345029235, -6.023391812865498, -6.374269005847953, -7.309941520467834, -7.660818713450293, -7.660818713450293, -7.777777777777779, -7.543859649122805, -7.660818713450293, -6.257309941520468, -6.140350877192983, -6.257309941520468, -6.140350877192983, -6.023391812865498, -6.023391812865498, -6.140350877192983, -7.426900584795323, -7.309941520467834, -6.725146198830409, -6.842105263157894]
d_x=[2.5839793281653747, 34.45305770887167, 66.32213608957795, 105.94315245478036, 111.1111111111111, 129.19896640826872, 144.70284237726096, 161.92937123169682, 178.29457364341087, 196.38242894056847, 232.5581395348837, 273.04048234280793, 319.5521102497847, 335.0559862187769, 347.9758828596038, 366.9250645994832, 383.2902670111972, 400.5167958656331, 443.58311800172265, 491.817398794143, 544.3583118001723, 683.8931955211025, 823.4280792420327, 997.4160206718346]
d_y=[0.9941520467836256, 1.461988304093568, 1.461988304093568, 1.578947368421053, 1.6959064327485383, 1.578947368421053, 1.461988304093568, -2.163742690058479, -2.397660818713449, -2.280701754385966, -2.0467836257309955, -2.0467836257309955, -2.163742690058479, -2.0467836257309955, -1.9298245614035086, 0.9941520467836256, 1.2280701754385976, 0.9941520467836256, 0.9941520467836256, 1.2280701754385976, 1.1111111111111107, 1.3450292397660828, 1.3450292397660828, 0.9941520467836256]
p_x_fitting=[  3.44530577  13.46801347  23.49072117  33.51342886  43.53613656
  53.55884426  63.58155195  73.60425965  83.62696735  93.64967505
 103.67238274 113.69509044 123.71779814 133.74050583 143.76321353
 153.78592123 163.80862892 173.83133662 183.85404432 193.87675202
 203.89945971 213.92216741 223.94487511 233.9675828  243.9902905
 254.0129982  264.0357059  274.05841359 284.08112129 294.10382899
 304.12653668 314.14924438 324.17195208 334.19465978 344.21736747
 354.24007517 364.26278287 374.28549056 384.30819826 394.33090596
 404.35361366 414.37632135 424.39902905 434.42173675 444.44444444
 454.46715214 464.48985984 474.51256754 484.53527523 494.55798293
 504.58069063 514.60339832 524.62610602 534.64881372 544.67152142
 554.69422911 564.71693681 574.73964451 584.7623522  594.7850599
 604.8077676  614.8304753  624.85318299 634.87589069 644.89859839
 654.92130608 664.94401378 674.96672148 684.98942918 695.01213687
 705.03484457 715.05755227 725.08025996 735.10296766 745.12567536
 755.14838306 765.17109075 775.19379845 785.21650615 795.23921384
 805.26192154 815.28462924 825.30733694 835.33004463 845.35275233
 855.37546003 865.39816772 875.42087542 885.44358312 895.46629082
 905.48899851 915.51170621 925.53441391 935.5571216  945.5798293
 955.602537   965.6252447  975.64795239 985.67066009 995.69336779]
p_y_fitting=[ 1.52941176  1.69648267  1.76513428  1.76490107  1.72531752  1.67591811
  1.64623374  1.65327162  1.67342864  1.67488484  1.62705518  1.60393297
  1.78402514  1.42224918 -0.00214331 -0.84396803 -0.95245359 -0.95657333
 -1.0359672  -1.08985126 -1.08974512 -1.053125   -0.99808386 -0.94271465
 -0.90172181 -0.87492274 -0.85804768 -0.84682678 -0.83699019 -0.82426804
 -0.80979279 -0.81957336 -0.8332717  -0.53275255  0.40053093  1.36894929
  1.63441527  1.44247661  1.20912818  1.13762924  1.18585213  1.29805043
  1.41848025  1.50380076  1.55183193  1.56892097  1.56141512  1.5356616
  1.49800764  1.45480045  1.41238727  1.37602794  1.34642398  1.32308269
  1.30551134  1.2932172   1.28570757  1.28248972  1.28307092  1.28695846
  1.29365961  1.30268166  1.31353188  1.32571756  1.33874596  1.35212438
  1.36536008  1.37796036  1.38943248  1.39928373  1.40702138  1.41215284
  1.41433932  1.41369696  1.41042563  1.40472519  1.39679551  1.38683643
  1.37504784  1.36162959  1.34678153  1.33070354  1.31359548  1.29565721
  1.27708858  1.25808947  1.23885973  1.21959923  1.20050783  1.18178539
  1.16363177  1.14624684  1.12983046  1.11458248  1.10070278  1.08839121
  1.07784764  1.06927193  1.06286394  1.05882353]
a_x_fitting=[  1.72265289  11.77146138  21.82026988  31.86907838  41.91788688
  51.96669538  62.01550388  72.06431237  82.11312087  92.16192937
 102.21073787 112.25954637 122.30835487 132.35716336 142.40597186
 152.45478036 162.50358886 172.55239736 182.60120586 192.65001436
 202.69882285 212.74763135 222.79643985 232.84524835 242.89405685
 252.94286535 262.99167384 273.04048234 283.08929084 293.13809934
 303.18690784 313.23571634 323.28452483 333.33333333 343.38214183
 353.43095033 363.47975883 373.52856733 383.57737583 393.62618432
 403.67499282 413.72380132 423.77260982 433.82141832 443.87022682
 453.91903531 463.96784381 474.01665231 484.06546081 494.11426931
 504.16307781 514.2118863  524.2606948  534.3095033  544.3583118
 554.4071203  564.4559288  574.5047373  584.55354579 594.60235429
 604.65116279 614.69997129 624.74877979 634.79758829 644.84639678
 654.89520528 664.94401378 674.99282228 685.04163078 695.09043928
 705.13924777 715.18805627 725.23686477 735.28567327 745.33448177
 755.38329027 765.43209877 775.48090726 785.52971576 795.57852426
 805.62733276 815.67614126 825.72494976 835.77375825 845.82256675
 855.87137525 865.92018375 875.96899225 886.01780075 896.06660924
 906.11541774 916.16422624 926.21303474 936.26184324 946.31065174
 956.35946024 966.40826873 976.45707723 986.50588573 996.55469423]
a_y_fitting=[-6.25730994 -6.49115313 -6.63537208 -6.70295788 -6.70690161 -6.66019433
 -6.57582713 -6.46679109 -6.34607729 -6.22667679 -6.12158069 -6.04378005
 -6.00626596 -6.02202949 -6.12650116 -6.45245375 -7.01680282 -7.49910954
 -7.73352661 -7.78420252 -7.72741805 -7.63925424 -7.57324941 -7.5400099
 -7.54532599 -7.59498794 -7.69451582 -7.82589026 -7.92961922 -7.94198907
 -7.79928621 -7.52067563 -7.55450401 -8.01528958 -7.30132168 -6.04365767
 -6.22586249 -6.26044163 -6.2265032  -6.18402306 -6.14148344 -6.10588427
 -6.07800853 -6.05694599 -6.04178639 -6.03161949 -6.02553502 -6.02262436
 -6.02205486 -6.02310023 -6.02504213 -6.02716225 -6.02874223 -6.02906376
 -6.02740848 -6.02305817 -6.01585187 -6.0075077  -6.00013945 -5.99586088
 -5.99678576 -6.00502786 -6.02270095 -6.0519188  -6.09479518 -6.15343724
 -6.22854919 -6.31770509 -6.41805547 -6.52675085 -6.64094178 -6.75777877
 -6.87441237 -6.98799308 -7.09567146 -7.19459803 -7.28192331 -7.35479783
 -7.41037213 -7.44579674 -7.45822218 -7.44479899 -7.40301728 -7.33872771
 -7.26597324 -7.19193266 -7.11819035 -7.04618681 -6.97736252 -6.91315797
 -6.85501365 -6.80437004 -6.76266763 -6.7313469  -6.71184835 -6.70561247
 -6.71407973 -6.73869062 -6.78088564 -6.84210526]
d_x_fitting=[  2.58397933  12.63278783  22.68159633  32.73040482  42.77921332
  52.82802182  62.87683032  72.92563882  82.97444732  93.02325581
 103.07206431 113.12087281 123.16968131 133.21848981 143.26729831
 153.3161068  163.3649153  173.4137238  183.4625323  193.5113408
 203.5601493  213.6089578  223.65776629 233.70657479 243.75538329
 253.80419179 263.85300029 273.90180879 283.95061728 293.99942578
 304.04823428 314.09704278 324.14585128 334.19465978 344.24346827
 354.29227677 364.34108527 374.38989377 384.43870227 394.48751077
 404.53631927 414.58512776 424.63393626 434.68274476 444.73155326
 454.78036176 464.82917026 474.87797875 484.92678725 494.97559575
 505.02440425 515.07321275 525.12202125 535.17082974 545.21963824
 555.26844674 565.31725524 575.36606374 585.41487224 595.46368073
 605.51248923 615.56129773 625.61010623 635.65891473 645.70772323
 655.75653173 665.80534022 675.85414872 685.90295722 695.95176572
 706.00057422 716.04938272 726.09819121 736.14699971 746.19580821
 756.24461671 766.29342521 776.34223371 786.3910422  796.4398507
 806.4886592  816.5374677  826.5862762  836.6350847  846.6838932
 856.73270169 866.78151019 876.83031869 886.87912719 896.92793569
 906.97674419 917.02555268 927.07436118 937.12316968 947.17197818
 957.22078668 967.26959518 977.31840367 987.36721217 997.41602067]
d_y_fitting=[ 0.99415205  1.20281481  1.35300828  1.45023817  1.50001018  1.50783003
  1.47920344  1.42197215  1.37209463  1.38413591  1.51299282  1.70674745
  1.56908504  1.70411323  1.61800666 -0.32022999 -2.34167752 -2.56686719
 -2.29085467 -2.27300974 -2.27340709 -2.2117423  -2.12182001 -2.03874548
 -1.98922591 -1.97603358 -1.99770488 -2.05277286 -2.13307843 -2.20972619
 -2.2498165  -2.22044971 -2.09536659 -2.03679887 -2.12336032 -1.08296056
  0.66777209  1.37454896  1.20108295  1.04305129  0.97106747  0.93795188
  0.9354551   0.95792945  0.9997265   1.05448463  1.11380959  1.16894741
  1.21114412  1.23172984  1.22784794  1.20612389  1.17405655  1.1391448
  1.10888659  1.08894089  1.07926833  1.07872919  1.08618374  1.10049228
  1.12051506  1.14511237  1.17314449  1.20347169  1.23495425  1.26645244
  1.29682655  1.32493684  1.34964539  1.37019315  1.38666644  1.39926596
  1.40819241  1.4136465   1.41582892  1.41494038  1.41118159  1.40475323
  1.39585603  1.38469066  1.37145785  1.35635829  1.33959267  1.32136172
  1.30186611  1.28130657  1.25988378  1.23779846  1.2152513   1.19244301
  1.16957428  1.14684582  1.12445833  1.10261251  1.08150907  1.06134871
  1.04233212  1.02466001  1.00853309  0.99415205]