
p_x=[3.4453057708871664, 41.343669250645995, 75.79672695951766, 126.61498708010335, 150.7321274763135, 175.71059431524546, 205.85701981050818, 229.11283376399655, 286.8217054263566, 315.2454780361757, 391.04220499569334, 482.34280792420327, 515.0732127476314, 563.3074935400517, 598.6218776916451, 651.1627906976745, 694.229112833764, 776.916451335056, 820.8440999138674, 866.4944013781222, 935.4005167958657, 992.2480620155038]
p_y=[-1.647058823529413, 0.117647058823529, 1.2941176470588225, 1.4117647058823533, 1.4117647058823533, 2.9411764705882346, 3.2941176470588243, 2.8235294117647056, 2.4705882352941178, 1.4117647058823533, 1.4117647058823533, 0.47058823529411775, 2.8235294117647056, 3.1764705882352935, 2.5882352941176467, 0.23529411764705976, 1.5294117647058822, 2.4705882352941178, 0.5882352941176467, 2.0, 2.3529411764705888, 2.235294117647059]
a_x=[1.7226528854435832, 41.343669250645995, 58.57019810508183, 140.39621016365203, 154.17743324720067, 167.95865633074936, 191.2144702842377, 218.77691645133507, 291.98966408268734, 319.5521102497847, 350.55986218776917, 373.81567614125754, 432.3858742463393, 478.0361757105943, 497.8466838931955, 521.9638242894057, 543.4969853574505, 616.7097329888027, 643.4108527131783, 694.229112833764, 741.6020671834625, 777.7777777777778, 813.953488372093, 862.1877691645134, 939.7071490094746, 993.9707149009474]
a_y=[-6.140350877192983, -5.204678362573098, -5.204678362573098, -4.619883040935672, -4.035087719298245, -2.280701754385966, -1.4619883040935662, -1.3450292397660828, -1.6959064327485365, -3.6842105263157894, -4.269005847953215, -3.6842105263157894, -3.450292397660819, -3.450292397660819, -0.8771929824561404, -0.1754385964912295, -0.4093567251461998, -0.6432748538011701, -2.514619883040936, -0.2923976608187129, -0.6432748538011701, -0.6432748538011701, -2.397660818713449, -0.8771929824561404, -0.1754385964912295, -0.1754385964912295]
d_x=[5.167958656330749, 37.03703703703704, 144.70284237726096, 183.4625322997416, 244.6167097329888, 292.85099052540914, 341.94659776055124, 397.9328165374677, 444.4444444444444, 463.39362618432386, 514.2118863049095, 577.0887166236004, 627.9069767441861, 745.0473729543497, 864.7717484926786, 993.9707149009474]
d_y=[1.1111111111111107, 1.3450292397660828, 1.6959064327485383, 2.6315789473684212, 3.2163742690058488, 2.7485380116959064, 1.9298245614035086, 2.1637426900584797, 1.8128654970760234, 1.6959064327485383, 3.8011695906432754, 4.035087719298246, 3.0994152046783627, 3.0994152046783627, 3.333333333333334, 3.9181286549707606]
p_x_fitting=[  3.44530577  13.4332124   23.42111903  33.40902566  43.39693229
  53.38483891  63.37274554  73.36065217  83.3485588   93.33646543
 103.32437206 113.31227869 123.30018532 133.28809194 143.27599857
 153.2639052  163.25181183 173.23971846 183.22762509 193.21553172
 203.20343835 213.19134497 223.1792516  233.16715823 243.15506486
 253.14297149 263.13087812 273.11878475 283.10669138 293.094598
 303.08250463 313.07041126 323.05831789 333.04622452 343.03413115
 353.02203778 363.00994441 372.99785103 382.98575766 392.97366429
 402.96157092 412.94947755 422.93738418 432.92529081 442.91319744
 452.90110406 462.88901069 472.87691732 482.86482395 492.85273058
 502.84063721 512.82854384 522.81645047 532.80435709 542.79226372
 552.78017035 562.76807698 572.75598361 582.74389024 592.73179687
 602.71970349 612.70761012 622.69551675 632.68342338 642.67133001
 652.65923664 662.64714327 672.6350499  682.62295652 692.61086315
 702.59876978 712.58667641 722.57458304 732.56248967 742.5503963
 752.53830293 762.52620955 772.51411618 782.50202281 792.48992944
 802.47783607 812.4657427  822.45364933 832.44155596 842.42946258
 852.41736921 862.40527584 872.39318247 882.3810891  892.36899573
 902.35690236 912.34480899 922.33271561 932.32062224 942.30852887
 952.2964355  962.28434213 972.27224876 982.26015539 992.24806202]
p_y_fitting=[-1.64705882e+00 -1.17782305e+00 -7.02577094e-01 -2.36343347e-01
  2.05855783e-01  6.08997892e-01  9.58060577e-01  1.23802143e+00
  1.43539141e+00  1.54975919e+00  1.58733519e+00  1.55438126e+00
  1.45715926e+00  1.31255076e+00  1.26024316e+00  1.51735819e+00
  2.12827245e+00  2.80255504e+00  3.24064677e+00  3.39229086e+00
  3.33467625e+00  3.14775739e+00  2.92744634e+00  2.77645636e+00
  2.73090906e+00  2.74165287e+00  2.75397000e+00  2.71314264e+00
  2.56445298e+00  2.26074507e+00  1.85633485e+00  1.47808014e+00
  1.24078171e+00  1.15257078e+00  1.17133645e+00  1.25467378e+00
  1.36017781e+00  1.44544360e+00  1.46806622e+00  1.38574850e+00
  1.18109331e+00  8.93300886e-01  5.69393639e-01  2.56393965e-01
  1.32426548e-03 -1.48793061e-01 -1.46935614e-01  5.39190054e-02
  5.00787714e-01  1.19594598e+00  1.98860587e+00  2.69527486e+00
  3.15242540e+00  3.35639401e+00  3.38028628e+00  3.29769417e+00
  3.18220965e+00  3.08754349e+00  2.97386890e+00  2.77387542e+00
  2.42209458e+00  1.92063777e+00  1.35706442e+00  8.24415115e-01
  4.15730428e-01  2.23955244e-01  2.99164877e-01  5.81171496e-01
  9.92303416e-01  1.45488895e+00  1.89730401e+00  2.28754647e+00
  2.60956533e+00  2.84735328e+00  2.98490299e+00  3.00620717e+00
  2.89525851e+00  2.63604969e+00  2.21630757e+00  1.68975933e+00
  1.16667399e+00  7.59148856e-01  5.79134060e-01  6.84116891e-01
  9.95964368e-01  1.41578685e+00  1.84469469e+00  2.18782170e+00
  2.41280588e+00  2.53660605e+00  2.57752132e+00  2.55385083e+00
  2.48389370e+00  2.38594905e+00  2.27831600e+00  2.17929368e+00
  2.10718120e+00  2.08027770e+00  2.11688230e+00  2.23529412e+00]
a_x_fitting=[  1.72265289  11.74536058  21.76806828  31.79077598  41.81348367
  51.83619137  61.85889907  71.88160677  81.90431446  91.92702216
 101.94972986 111.97243755 121.99514525 132.01785295 142.04056065
 152.06326834 162.08597604 172.10868374 182.13139143 192.15409913
 202.17680683 212.19951453 222.22222222 232.24492992 242.26763762
 252.29034531 262.31305301 272.33576071 282.3584684  292.3811761
 302.4038838  312.4265915  322.44929919 332.47200689 342.49471459
 352.51742228 362.54012998 372.56283768 382.58554538 392.60825307
 402.63096077 412.65366847 422.67637616 432.69908386 442.72179156
 452.74449926 462.76720695 472.78991465 482.81262235 492.83533004
 502.85803774 512.88074544 522.90345314 532.92616083 542.94886853
 552.97157623 562.99428392 573.01699162 583.03969932 593.06240702
 603.08511471 613.10782241 623.13053011 633.1532378  643.1759455
 653.1986532  663.2213609  673.24406859 683.26677629 693.28948399
 703.31219168 713.33489938 723.35760708 733.38031478 743.40302247
 753.42573017 763.44843787 773.47114556 783.49385326 793.51656096
 803.53926866 813.56197635 823.58468405 833.60739175 843.63009944
 853.65280714 863.67551484 873.69822254 883.72093023 893.74363793
 903.76634563 913.78905332 923.81176102 933.83446872 943.85717642
 953.87988411 963.90259181 973.92529951 983.9480072  993.9707149 ]
a_y_fitting=[-6.14035088 -5.68539672 -5.4051652  -5.25833057 -5.20356707 -5.19954893
 -5.20519302 -5.19453493 -5.1653727  -5.11758739 -5.05106003 -4.96567167
 -4.86130334 -4.73783608 -4.59453705 -4.21385371 -3.03848553 -1.90470454
 -1.49999327 -1.46256823 -1.45369592 -1.40572717 -1.30251605 -1.15131529
 -0.99465172 -0.87797327 -0.84672789 -0.94636349 -1.22232801 -1.72006692
 -2.43865955 -3.21219729 -3.83906371 -4.20014605 -4.32037691 -4.23924635
 -4.01053118 -3.72030578 -3.45149886 -3.2427632  -3.11672557 -3.09599068
 -3.20316321 -3.46084666 -3.84904628 -4.19260667 -4.28105546 -3.90392027
 -2.86942998 -1.46725348 -0.47500158 -0.14634317 -0.18625301 -0.32023884
 -0.40814642 -0.36120052 -0.21350522 -0.03534281  0.10299939  0.13123403
 -0.02092621 -0.42376866 -1.1285625  -1.94321259 -2.50734493 -2.54402359
 -2.14879277 -1.51709541 -0.84437565 -0.32607762 -0.11828808 -0.16823615
 -0.35413639 -0.55415973 -0.6467453  -0.58513866 -0.49931222 -0.54475124
 -0.86569128 -1.41653332 -1.9936985  -2.38879667 -2.44050056 -2.19916166
 -1.77461895 -1.27671457 -0.81522169 -0.46824526 -0.23211295 -0.0901292
 -0.02559843 -0.02182509 -0.06211363 -0.12976847 -0.20809406 -0.28039484
 -0.32997524 -0.34013971 -0.29419268 -0.1754386 ]
d_x_fitting=[  5.16795866  15.15586529  25.14377191  35.13167854  45.11958517
  55.1074918   65.09539843  75.08330506  85.07121169  95.05911831
 105.04702494 115.03493157 125.0228382  135.01074483 144.99865146
 154.98655809 164.97446472 174.96237134 184.95027797 194.9381846
 204.92609123 214.91399786 224.90190449 234.88981112 244.87771775
 254.86562437 264.853531   274.84143763 284.82934426 294.81725089
 304.80515752 314.79306415 324.78097078 334.7688774  344.75678403
 354.74469066 364.73259729 374.72050392 384.70841055 394.69631718
 404.68422381 414.67213043 424.66003706 434.64794369 444.63585032
 454.62375695 464.61166358 474.59957021 484.58747684 494.57538346
 504.56329009 514.55119672 524.53910335 534.52700998 544.51491661
 554.50282324 564.49072987 574.47863649 584.46654312 594.45444975
 604.44235638 614.43026301 624.41816964 634.40607627 644.3939829
 654.38188952 664.36979615 674.35770278 684.34560941 694.33351604
 704.32142267 714.3093293  724.29723593 734.28514255 744.27304918
 754.26095581 764.24886244 774.23676907 784.2246757  794.21258233
 804.20048896 814.18839558 824.17630221 834.16420884 844.15211547
 854.1400221  864.12792873 874.11583536 884.10374198 894.09164861
 904.07955524 914.06746187 924.0553685  934.04327513 944.03118176
 954.01908839 964.00699501 973.99490164 983.98280827 993.9707149 ]
d_y_fitting=[1.11111111 1.22743521 1.30142233 1.34080524 1.35331673 1.34668955
 1.32865648 1.3069503  1.28930377 1.28344967 1.29712077 1.33804985
 1.41396967 1.53261301 1.70171249 1.92277214 2.17449775 2.43038035
 2.66392665 2.85578762 3.0050355  3.11367146 3.18369667 3.21711228
 3.21591946 3.18171098 3.11456914 3.01422714 2.88041816 2.71290561
 2.51812709 2.31754276 2.13466595 1.99301001 1.91591135 1.91070305
 1.9561877  2.02821993 2.10265435 2.15534557 2.16384808 2.12482553
 2.04696749 1.93915079 1.81025243 1.69297436 1.70992832 1.95233965
 2.36475653 2.86637276 3.37638214 3.81397915 4.11690215 4.28988675
 4.35279389 4.32548451 4.22781956 4.07965998 3.90038799 3.70505776
 3.50642479 3.31722334 3.1501877  3.01728313 2.92099648 2.85743357
 2.82258127 2.81242645 2.82295597 2.8501567  2.89001551 2.93851927
 2.99165483 3.04540908 3.09576886 3.13935011 3.17594637 3.20635222
 3.23136264 3.25177259 3.26837706 3.281971   3.29334939 3.30330721
 3.31263941 3.32214096 3.33260685 3.34483204 3.35961149 3.37774018
 3.40001309 3.42722517 3.4601714  3.49964675 3.54644618 3.60136468
 3.6651972  3.73873873 3.82278422 3.91812865]