
p_x=[1.7226528854435832, 35.31438415159346, 67.18346253229974, 105.08182601205857, 145.56416881998277, 178.29457364341087, 230.83548664944016, 274.76313522825154, 310.07751937984494, 335.0559862187769, 352.2825150732127, 370.3703703703703, 388.458225667528, 416.8819982773471, 440.1378122308355, 459.0869939707149, 481.48148148148147, 493.5400516795866, 511.6279069767442, 528.85443583118, 571.9207579672697, 635.6589147286821, 658.0534022394487, 682.1705426356589, 702.8423772609818, 727.8208440999139, 771.7484926787253, 850.99052540913, 933.677863910422, 996.5546942291128]
p_y=[-0.9411764705882355, -1.0588235294117645, -0.9411764705882355, -0.7058823529411757, -0.7058823529411757, 1.764705882352942, 2.11764705882353, 2.235294117647059, 2.235294117647059, 2.11764705882353, -1.4117647058823515, -1.4117647058823515, -1.4117647058823515, -1.0588235294117645, -0.9411764705882355, 2.0, 1.764705882352942, -1.2941176470588225, -1.2941176470588225, -1.2941176470588225, -1.0588235294117645, -0.8235294117647047, -0.9411764705882355, -1.0588235294117645, 1.882352941176471, 2.235294117647059, 2.0, 1.764705882352942, 1.764705882352942, 1.764705882352942]
a_x=[1.7226528854435832, 39.621016365202415, 84.40999138673558, 99.91386735572783, 116.27906976744185, 142.1188630490956, 279.06976744186045, 838.0706287683032, 925.0645994832042, 996.5546942291128]
a_y=[-6.6081871345029235, -6.374269005847953, -6.023391812865498, -5.321637426900585, -4.152046783625732, -3.8011695906432745, -3.8011695906432745, -3.333333333333332, -3.2163742690058488, -3.099415204678362]
d_x=[4.3066322136089585, 142.9801894918174, 333.3333333333333, 447.8897502153316, 484.0654608096469, 534.0223944875107, 639.1042204995694, 701.9810508182601, 719.2075796726959, 785.5297157622739, 856.1584840654608, 939.7071490094746, 999.1386735572783]
d_y=[2.6315789473684212, 2.514619883040936, 2.280701754385966, 2.397660818713451, 3.6842105263157894, 2.397660818713451, 2.397660818713451, 2.397660818713451, 3.333333333333334, 3.450292397660819, 3.333333333333334, 3.333333333333334, 2.8654970760233924]
p_x_fitting=[  1.72265289  11.77146138  21.82026988  31.86907838  41.91788688
  51.96669538  62.01550388  72.06431237  82.11312087  92.16192937
 102.21073787 112.25954637 122.30835487 132.35716336 142.40597186
 152.45478036 162.50358886 172.55239736 182.60120586 192.65001436
 202.69882285 212.74763135 222.79643985 232.84524835 242.89405685
 252.94286535 262.99167384 273.04048234 283.08929084 293.13809934
 303.18690784 313.23571634 323.28452483 333.33333333 343.38214183
 353.43095033 363.47975883 373.52856733 383.57737583 393.62618432
 403.67499282 413.72380132 423.77260982 433.82141832 443.87022682
 453.91903531 463.96784381 474.01665231 484.06546081 494.11426931
 504.16307781 514.2118863  524.2606948  534.3095033  544.3583118
 554.4071203  564.4559288  574.5047373  584.55354579 594.60235429
 604.65116279 614.69997129 624.74877979 634.79758829 644.84639678
 654.89520528 664.94401378 674.99282228 685.04163078 695.09043928
 705.13924777 715.18805627 725.23686477 735.28567327 745.33448177
 755.38329027 765.43209877 775.48090726 785.52971576 795.57852426
 805.62733276 815.67614126 825.72494976 835.77375825 845.82256675
 855.87137525 865.92018375 875.96899225 886.01780075 896.06660924
 906.11541774 916.16422624 926.21303474 936.26184324 946.31065174
 956.35946024 966.40826873 976.45707723 986.50588573 996.55469423]
p_y_fitting=[-0.94117647 -0.98665135 -1.02661695 -1.05377364 -1.0608218  -1.0404618
 -0.98539402 -0.88943569 -0.77390062 -0.68864329 -0.68484395 -0.80180329
 -0.9621169  -1.02213983 -0.83746681 -0.2846321   0.53249618  1.37067738
  1.98908529  2.2932651   2.36516247  2.29722507  2.18190056  2.11143352
  2.13501537  2.20578028  2.26386523  2.24940718  2.12410663  1.99518442
  2.03003394  2.39014124  2.81541791  2.35813521  0.35237506 -1.53965029
 -1.69682366 -1.34499447 -1.38286708 -1.36913132 -1.16356502 -1.03668868
 -1.21716608 -1.2981068  -0.50014242  1.16639924  2.58688113  2.80341125
  1.12265236 -1.38677786 -1.72018051 -1.203945   -1.21500847 -1.35443506
 -1.36060769 -1.27462053 -1.14823204 -1.03301662 -0.95977872 -0.91976698
 -0.89979268 -0.88666708 -0.86720147 -0.82820712 -0.78072144 -0.86123826
 -1.19850225 -1.39757866 -0.75011879  0.79014688  2.09838412  2.46790825
  2.29994876  2.09310636  1.99593703  1.97319507  1.98800612  2.00384732
  2.00048522  1.98050362  1.94819007  1.90783211  1.86371728  1.82013315
  1.78136725  1.75159672  1.73228034  1.72205529  1.71942768  1.72290365
  1.7309893   1.74219076  1.75501415  1.76796559  1.77955119  1.78827708
  1.79264938  1.79117419  1.78235766  1.76470588]
a_x_fitting=[  1.72265289  11.77146138  21.82026988  31.86907838  41.91788688
  51.96669538  62.01550388  72.06431237  82.11312087  92.16192937
 102.21073787 112.25954637 122.30835487 132.35716336 142.40597186
 152.45478036 162.50358886 172.55239736 182.60120586 192.65001436
 202.69882285 212.74763135 222.79643985 232.84524835 242.89405685
 252.94286535 262.99167384 273.04048234 283.08929084 293.13809934
 303.18690784 313.23571634 323.28452483 333.33333333 343.38214183
 353.43095033 363.47975883 373.52856733 383.57737583 393.62618432
 403.67499282 413.72380132 423.77260982 433.82141832 443.87022682
 453.91903531 463.96784381 474.01665231 484.06546081 494.11426931
 504.16307781 514.2118863  524.2606948  534.3095033  544.3583118
 554.4071203  564.4559288  574.5047373  584.55354579 594.60235429
 604.65116279 614.69997129 624.74877979 634.79758829 644.84639678
 654.89520528 664.94401378 674.99282228 685.04163078 695.09043928
 705.13924777 715.18805627 725.23686477 735.28567327 745.33448177
 755.38329027 765.43209877 775.48090726 785.52971576 795.57852426
 805.62733276 815.67614126 825.72494976 835.77375825 845.82256675
 855.87137525 865.92018375 875.96899225 886.01780075 896.06660924
 906.11541774 916.16422624 926.21303474 936.26184324 946.31065174
 956.35946024 966.40826873 976.45707723 986.50588573 996.55469423]
a_y_fitting=[-6.60818713 -6.4397761  -6.36794828 -6.35915638 -6.37985307 -6.39649106
 -6.37552302 -6.28340164 -6.08657962 -5.74454035 -5.16151248 -4.40408419
 -3.90450462 -3.76631024 -3.80286998 -3.85548866 -3.8954502  -3.92386281
 -3.94183473 -3.95047416 -3.95088935 -3.9441885  -3.93147984 -3.9138716
 -3.89247199 -3.86838924 -3.84273157 -3.8166072  -3.79111214 -3.7668673
 -3.7438764  -3.72210194 -3.70150643 -3.68205234 -3.66370218 -3.64641843
 -3.6301636  -3.61490017 -3.60059063 -3.58719749 -3.57468322 -3.56301034
 -3.55214132 -3.54203867 -3.53266487 -3.52398242 -3.51595382 -3.50854155
 -3.50170811 -3.49541599 -3.48962769 -3.4843057  -3.47941251 -3.47491061
 -3.4707625  -3.46693068 -3.46337763 -3.46006584 -3.45695782 -3.45401606
 -3.45120304 -3.44848126 -3.44581322 -3.44316141 -3.44048832 -3.43775644
 -3.43492827 -3.4319663  -3.42883302 -3.42549093 -3.42190252 -3.41803029
 -3.41383672 -3.40928431 -3.40433556 -3.39895295 -3.39309898 -3.38673615
 -3.37982694 -3.37233385 -3.36421938 -3.35544601 -3.34597624 -3.33577256
 -3.32480418 -3.31309468 -3.30069404 -3.28765243 -3.27402001 -3.25984693
 -3.24518336 -3.23007945 -3.21458536 -3.19875126 -3.1826273  -3.16626364
 -3.14971044 -3.13301786 -3.11623606 -3.0994152 ]
d_x_fitting=[  4.30663221  14.35544071  24.40424921  34.45305771  44.50186621
  54.55067471  64.5994832   74.6482917   84.6971002   94.7459087
 104.7947172  114.8435257  124.89233419 134.94114269 144.98995119
 155.03875969 165.08756819 175.13637669 185.18518519 195.23399368
 205.28280218 215.33161068 225.38041918 235.42922768 245.47803618
 255.52684467 265.57565317 275.62446167 285.67327017 295.72207867
 305.77088717 315.81969566 325.86850416 335.91731266 345.96612116
 356.01492966 366.06373816 376.11254666 386.16135515 396.21016365
 406.25897215 416.30778065 426.35658915 436.40539765 446.45420614
 456.50301464 466.55182314 476.60063164 486.64944014 496.69824864
 506.74705713 516.79586563 526.84467413 536.89348263 546.94229113
 556.99109963 567.03990813 577.08871662 587.13752512 597.18633362
 607.23514212 617.28395062 627.33275912 637.38156761 647.43037611
 657.47918461 667.52799311 677.57680161 687.62561011 697.6744186
 707.7232271  717.7720356  727.8208441  737.8696526  747.9184611
 757.9672696  768.01607809 778.06488659 788.11369509 798.16250359
 808.21131209 818.26012059 828.30892908 838.35773758 848.40654608
 858.45535458 868.50416308 878.55297158 888.60178007 898.65058857
 908.69939707 918.74820557 928.79701407 938.84582257 948.89463107
 958.94343956 968.99224806 979.04105656 989.08986506 999.13867356]
d_y_fitting=[2.63157895 2.55145171 2.48676986 2.43645296 2.39942054 2.37459217
 2.36088737 2.35722572 2.36252674 2.37571    2.39569504 2.4214014
 2.45174864 2.48565631 2.52204395 2.55983111 2.59793734 2.63528219
 2.67078521 2.70336594 2.73194394 2.75543875 2.77276992 2.782857
 2.78461954 2.77697708 2.75884918 2.72915538 2.68681523 2.63074829
 2.55987409 2.47311218 2.36938213 2.24763845 2.1107836  1.96923876
 1.83426852 1.71713751 1.62911034 1.58145161 1.58542594 1.65229795
 1.79333224 2.01979343 2.34294613 2.76166599 3.1983727  3.54634895
 3.69935036 3.61097787 3.34880601 2.99319485 2.62450446 2.32270319
 2.13363001 2.04299355 2.03038168 2.07538226 2.15758316 2.25657223
 2.35193734 2.42326637 2.45014716 2.41216759 2.29622446 2.13853855
 1.99572608 1.924468   1.98144527 2.22333882 2.69591848 3.26168097
 3.66653637 3.87079471 3.91822705 3.85276876 3.71835518 3.55892169
 3.41825618 3.32350585 3.27012617 3.25001743 3.25507994 3.27721397
 3.30831983 3.34031242 3.36731536 3.38800317 3.40161162 3.40737648
 3.40453352 3.39231851 3.36996722 3.33671542 3.29179888 3.23445337
 3.16391467 3.07941854 2.98020075 2.86549708]