
p_x=[4.3066322136089585, 76.65805340223946, 174.84926787252368, 193.79844961240312, 228.25150732127477, 256.6752799310939, 291.98966408268734, 336.77863910422053, 389.3195521102498, 434.1085271317829, 447.0284237726098, 474.59086993970715, 503.8759689922481, 587.4246339362619, 638.2428940568475, 666.6666666666666, 727.8208440999139, 807.0628768303187, 893.1955211024979, 962.1016365202412, 999.1386735572783]
p_y=[-1.1764705882352935, -1.764705882352942, -1.647058823529413, -1.882352941176471, -1.764705882352942, 0.7058823529411757, 1.0588235294117645, 0.9411764705882355, 0.9411764705882355, 0.47058823529411775, -0.7058823529411757, -1.1764705882352935, -1.0588235294117645, -0.8235294117647047, -0.47058823529411775, 1.5294117647058822, 1.4117647058823533, 1.5294117647058822, 1.4117647058823533, 0.9411764705882355, -0.7058823529411757]
a_x=[1.7226528854435832, 173.1266149870801, 409.9913867355728, 608.0964685615849, 675.2799310938847, 857.8811369509044, 997.4160206718346]
a_y=[-6.491228070175438, -6.140350877192983, -6.257309941520468, -6.023391812865498, -4.970760233918128, -5.087719298245615, -5.087719298245615]
d_x=[2.5839793281653747, 74.07407407407408, 149.87080103359173, 175.71059431524546, 189.49181739879415, 216.19293712316966, 241.17140396210164, 270.4565030146425, 301.464254952627, 348.8372093023256, 452.1963824289406, 537.4677002583979, 595.176571920758, 652.0241171403962, 733.8501291989664, 832.0413436692506, 1000.0]
d_y=[-0.9941520467836256, -1.3450292397660828, -1.2280701754385959, -1.1111111111111107, -2.514619883040936, -1.578947368421053, -1.6959064327485365, -2.6315789473684212, -2.6315789473684212, -2.397660818713449, -1.578947368421053, -1.6959064327485365, -1.4619883040935662, 0.9941520467836256, 1.6959064327485383, 1.3450292397660828, 1.2280701754385976]
p_x_fitting=[  4.30663221  14.35544071  24.40424921  34.45305771  44.50186621
  54.55067471  64.5994832   74.6482917   84.6971002   94.7459087
 104.7947172  114.8435257  124.89233419 134.94114269 144.98995119
 155.03875969 165.08756819 175.13637669 185.18518519 195.23399368
 205.28280218 215.33161068 225.38041918 235.42922768 245.47803618
 255.52684467 265.57565317 275.62446167 285.67327017 295.72207867
 305.77088717 315.81969566 325.86850416 335.91731266 345.96612116
 356.01492966 366.06373816 376.11254666 386.16135515 396.21016365
 406.25897215 416.30778065 426.35658915 436.40539765 446.45420614
 456.50301464 466.55182314 476.60063164 486.64944014 496.69824864
 506.74705713 516.79586563 526.84467413 536.89348263 546.94229113
 556.99109963 567.03990813 577.08871662 587.13752512 597.18633362
 607.23514212 617.28395062 627.33275912 637.38156761 647.43037611
 657.47918461 667.52799311 677.57680161 687.62561011 697.6744186
 707.7232271  717.7720356  727.8208441  737.8696526  747.9184611
 757.9672696  768.01607809 778.06488659 788.11369509 798.16250359
 808.21131209 818.26012059 828.30892908 838.35773758 848.40654608
 858.45535458 868.50416308 878.55297158 888.60178007 898.65058857
 908.69939707 918.74820557 928.79701407 938.84582257 948.89463107
 958.94343956 968.99224806 979.04105656 989.08986506 999.13867356]
p_y_fitting=[-1.17647059 -1.37850261 -1.53267615 -1.64420746 -1.71831277 -1.76020833
 -1.77511038 -1.76823517 -1.74479893 -1.7100179  -1.66910833 -1.62728646
 -1.58976854 -1.5617708  -1.54850948 -1.55520083 -1.58706109 -1.64930657
 -1.75024338 -1.90942452 -2.09921269 -2.16131188 -1.91625406 -1.21788783
 -0.24736441  0.62839145  1.10216865  1.21621223  1.13538161  1.02304986
  0.96755907  0.95215237  0.95222519  0.94317293  0.90683765  0.85844564
  0.82399726  0.82949813  0.90095392  1.05531186  1.21117497  1.22685391
  0.95978721  0.26954323 -0.66209289 -1.15522304 -1.23545042 -1.16151534
 -1.1112624  -1.0819649  -1.04660883 -0.99082858 -0.92254293 -0.85193905
 -0.78920407 -0.74452516 -0.72808946 -0.75008413 -0.82069632 -0.93711449
 -1.03987674 -1.05409232 -0.90487016 -0.51731919  0.14489283  0.91841899
  1.57550137  1.95124263  2.07562279  2.01625347  1.84074627  1.61671282
  1.41176471  1.27976771  1.21960417  1.2164106   1.25532351  1.32147939
  1.40001475  1.47606609  1.53477501  1.56597782  1.57289106  1.56109925
  1.53618689  1.50373851  1.46933862  1.43857175  1.41702241  1.40971659
  1.41109189  1.40611815  1.37943167  1.31566872  1.19946561  1.01545862
  0.74828404  0.38257815 -0.09702274 -0.70588235]
a_x_fitting=[  1.72265289  11.78016165  21.83767042  31.89517918  41.95268795
  52.01019671  62.06770548  72.12521424  82.18272301  92.24023178
 102.29774054 112.35524931 122.41275807 132.47026684 142.5277756
 152.58528437 162.64279313 172.7003019  182.75781066 192.81531943
 202.8728282  212.93033696 222.98784573 233.04535449 243.10286326
 253.16037202 263.21788079 273.27538955 283.33289832 293.39040709
 303.44791585 313.50542462 323.56293338 333.62044215 343.67795091
 353.73545968 363.79296844 373.85047721 383.90798598 393.96549474
 404.02300351 414.08051227 424.13802104 434.1955298  444.25303857
 454.31054733 464.3680561  474.42556486 484.48307363 494.5405824
 504.59809116 514.65559993 524.71310869 534.77061746 544.82812622
 554.88563499 564.94314375 575.00065252 585.05816129 595.11567005
 605.17317882 615.23068758 625.28819635 635.34570511 645.40321388
 655.46072264 665.51823141 675.57574018 685.63324894 695.69075771
 705.74826647 715.80577524 725.863284   735.92079277 745.97830153
 756.0358103  766.09331906 776.15082783 786.2083366  796.26584536
 806.32335413 816.38086289 826.43837166 836.49588042 846.55338919
 856.61089795 866.66840672 876.72591549 886.78342425 896.84093302
 906.89844178 916.95595055 927.01345931 937.07096808 947.12847684
 957.18598561 967.24349438 977.30100314 987.35851191 997.41602067]
a_y_fitting=[-6.49122807 -6.47051844 -6.4493513  -6.42782092 -6.40602154 -6.38404742
 -6.36199282 -6.33995199 -6.31801918 -6.29628865 -6.27485465 -6.25381145
 -6.23325328 -6.21327442 -6.1939691  -6.17543159 -6.15775615 -6.14103702
 -6.12536846 -6.11084472 -6.09756006 -6.08560874 -6.07508501 -6.06608312
 -6.05869733 -6.0530219  -6.04915107 -6.0471791  -6.04720025 -6.04930877
 -6.05359891 -6.06016494 -6.0691011  -6.08050165 -6.09446085 -6.11107294
 -6.13043219 -6.15263285 -6.17776917 -6.2059354  -6.23722581 -6.27171992
 -6.30894628 -6.34773002 -6.38685044 -6.42508685 -6.46121856 -6.49402489
 -6.52228514 -6.54477863 -6.56028467 -6.56758256 -6.56545163 -6.55267118
 -6.52802052 -6.49027897 -6.43822583 -6.37064042 -6.28630204 -6.18399001
 -6.06248364 -5.92102908 -5.76353768 -5.59660442 -5.42685638 -5.26092065
 -5.10542433 -4.96699446 -4.85079362 -4.75662066 -4.68304682 -4.62864332
 -4.59198141 -4.57163232 -4.56616728 -4.57415753 -4.5941743  -4.62478883
 -4.66457234 -4.71209609 -4.76593129 -4.82464919 -4.88682101 -4.951018
 -5.01581139 -5.0797724  -5.14147229 -5.19948227 -5.25237359 -5.29871748
 -5.33708518 -5.36604791 -5.38417692 -5.39004343 -5.38221869 -5.35927392
 -5.31978036 -5.26230925 -5.18543182 -5.0877193 ]
d_x_fitting=[   2.58397933   12.65888863   22.73379793   32.80870723   42.88361653
   52.95852583   63.03343513   73.10834443   83.18325373   93.25816303
  103.33307233  113.40798163  123.48289092  133.55780022  143.63270952
  153.70761882  163.78252812  173.85743742  183.93234672  194.00725602
  204.08216532  214.15707462  224.23198392  234.30689322  244.38180252
  254.45671182  264.53162112  274.60653042  284.68143972  294.75634902
  304.83125832  314.90616762  324.98107692  335.05598622  345.13089552
  355.20580482  365.28071412  375.35562342  385.43053272  395.50544202
  405.58035132  415.65526062  425.73016992  435.80507922  445.87998852
  455.95489782  466.02980712  476.10471641  486.17962571  496.25453501
  506.32944431  516.40435361  526.47926291  536.55417221  546.62908151
  556.70399081  566.77890011  576.85380941  586.92871871  597.00362801
  607.07853731  617.15344661  627.22835591  637.30326521  647.37817451
  657.45308381  667.52799311  677.60290241  687.67781171  697.75272101
  707.82763031  717.90253961  727.97744891  738.05235821  748.12726751
  758.20217681  768.27708611  778.35199541  788.42690471  798.50181401
  808.57672331  818.65163261  828.7265419   838.8014512   848.8763605
  858.9512698   869.0261791   879.1010884   889.1759977   899.250907
  909.3258163   919.4007256   929.4756349   939.5505442   949.6254535
  959.7003628   969.7752721   979.8501814   989.9250907  1000.        ]
d_y_fitting=[-0.99415205 -0.81018151 -0.73477552 -0.74910597 -0.83434474 -0.97166372
 -1.14223479 -1.32722984 -1.50782075 -1.6651794  -1.78047769 -1.8348875
 -1.80958071 -1.68572921 -1.44450489 -1.07177136 -0.75827275 -0.97469449
 -2.00044373 -2.66932677 -2.33718099 -1.68316994 -1.37795007 -1.48812955
 -1.80865189 -2.17649744 -2.49854062 -2.68978264 -2.73008726 -2.68097838
 -2.6087196  -2.5519053  -2.50634135 -2.46416443 -2.41751122 -2.35898121
 -2.287289   -2.20547395 -2.11666666 -2.0239977  -1.93059768 -1.83959717
 -1.75412676 -1.67731704 -1.61229861 -1.56216804 -1.52846307 -1.51054718
 -1.50762254 -1.5188913  -1.54355564 -1.58081771 -1.62987967 -1.68994368
 -1.75719343 -1.8119438  -1.82931314 -1.78441682 -1.6523702  -1.408355
 -1.04563315 -0.59998023 -0.11327704  0.37259563  0.81575698  1.17575991
  1.4398128   1.62011236  1.72975377  1.78183223  1.78944294  1.76568107
  1.72364184  1.6762618   1.63089095  1.58794098  1.54739059  1.50921851
  1.47340346  1.43992415  1.40875931  1.37988764  1.35328788  1.32893873
  1.30681891  1.28690715  1.26918216  1.25362266  1.24020736  1.22891499
  1.21972427  1.2126139   1.20756262  1.20454913  1.20355216  1.20455042
  1.20752264  1.21244752  1.2193038   1.22807018]