
p_x=[2.5839793281653747, 124.89233419465978, 174.84926787252368, 316.9681309216193, 378.9836347975883, 401.3781223083548, 443.58311800172265, 483.2041343669251, 613.2644272179157, 828.5960378983634, 903.5314384151594, 988.8027562446167, 995.693367786391]
p_y=[1.1764705882352935, 0.8235294117647065, -0.5882352941176467, -0.8235294117647047, -0.9411764705882355, 1.1764705882352935, 1.882352941176471, 1.882352941176471, 0.5882352941176467, -0.5882352941176467, 0.0, 0.117647058823529, 0.117647058823529]
a_x=[3.4453057708871664, 80.1033591731266, 143.8415159345392, 180.87855297157623, 296.2962962962963, 365.2024117140396, 448.7510766580534, 625.3229974160207, 759.6899224806202, 920.7579672695952, 1000.0]
a_y=[-6.374269005847953, -6.257309941520468, -6.140350877192983, -5.204678362573098, -5.438596491228068, -5.438596491228068, -5.438596491228068, -5.204678362573098, -5.087719298245615, -4.853801169590643, -4.385964912280702]
d_x=[1.7226528854435832, 57.70887166236004, 128.33763996554694, 157.62273901808786, 207.57967269595176, 261.84323858742465, 361.75710594315245, 447.0284237726098, 585.7019810508183, 626.1843238587425, 798.4496124031008, 888.8888888888888, 996.5546942291128]
d_y=[0.9941520467836256, 1.461988304093568, 1.1111111111111107, 0.058479532163742576, -0.4093567251461998, -0.1754385964912295, -0.058479532163742576, 1.3450292397660828, 1.578947368421053, 1.6959064327485383, 0.4093567251461998, 0.9941520467836256, 1.3450292397660828]
p_x_fitting=[  2.58397933  12.61538729  22.64679526  32.67820322  42.70961119
  52.74101915  62.77242711  72.80383508  82.83524304  92.86665101
 102.89805897 112.92946693 122.9608749  132.99228286 143.02369083
 153.05509879 163.08650676 173.11791472 183.14932268 193.18073065
 203.21213861 213.24354658 223.27495454 233.30636251 243.33777047
 253.36917843 263.4005864  273.43199436 283.46340233 293.49481029
 303.52621825 313.55762622 323.58903418 333.62044215 343.65185011
 353.68325808 363.71466604 373.746074   383.77748197 393.80888993
 403.8402979  413.87170586 423.90311383 433.93452179 443.96592975
 453.99733772 464.02874568 474.06015365 484.09156161 494.12296958
 504.15437754 514.1857855  524.21719347 534.24860143 544.2800094
 554.31141736 564.34282532 574.37423329 584.40564125 594.43704922
 604.46845718 614.49986515 624.53127311 634.56268107 644.59408904
 654.625497   664.65690497 674.68831293 684.7197209  694.75112886
 704.78253682 714.81394479 724.84535275 734.87676072 744.90816868
 754.93957665 764.97098461 775.00239257 785.03380054 795.0652085
 805.09661647 815.12802443 825.15943239 835.19084036 845.22224832
 855.25365629 865.28506425 875.31647222 885.34788018 895.37928814
 905.41069611 915.44210407 925.47351204 935.50492    945.53632797
 955.56773593 965.59914389 975.63055186 985.66195982 995.69336779]
p_y_fitting=[ 1.17647059  1.74446472  2.15724837  2.42910928  2.57433518  2.60721378
  2.54203283  2.39308004  2.17464314  1.90100987  1.58646795  1.24530511
  0.89180907  0.54026756  0.20496832 -0.09980094 -0.35975248 -0.56059858
 -0.69053013 -0.75452648 -0.76453196 -0.73251341 -0.67043765 -0.59027152
 -0.50398184 -0.42353546 -0.36089921 -0.3280399  -0.33692438 -0.39951948
 -0.52779203 -0.73370886 -1.02452252 -1.35133817 -1.62838836 -1.76926126
 -1.68754509 -1.29682803 -0.51961466  0.49353652  1.35176903  1.81754248
  1.97769821  1.95691632  1.87987554  1.84373438  1.84746035  1.86813071
  1.88282565  1.87406103  1.84105988  1.78624459  1.71203754  1.62086112
  1.51513772  1.39728973  1.26973953  1.13490952  0.99522208  0.8530996
  0.71096447  0.57123846  0.43588086  0.30556632  0.18074829  0.06188021
 -0.05058449 -0.15619237 -0.25448999 -0.34502391 -0.42734071 -0.50098693
 -0.56550914 -0.62045391 -0.6653678  -0.69979737 -0.72328918 -0.7353898
 -0.73564578 -0.7236037  -0.69881011 -0.66081158 -0.60915466 -0.5436011
 -0.46649985 -0.38191077 -0.29392417 -0.20663033 -0.12411957 -0.05048219
  0.01019846  0.05558048  0.08734811  0.10775287  0.11904631  0.12347995
  0.12330531  0.12077393  0.11813734  0.11764706]
a_x_fitting=[   3.44530577   13.5115148    23.57772384   33.64393287   43.7101419
   53.77635093   63.84255997   73.908769     83.97497803   94.04118706
  104.1073961   114.17360513  124.23981416  134.30602319  144.37223223
  154.43844126  164.50465029  174.57085933  184.63706836  194.70327739
  204.76948642  214.83569546  224.90190449  234.96811352  245.03432255
  255.10053159  265.16674062  275.23294965  285.29915868  295.36536772
  305.43157675  315.49778578  325.56399481  335.63020385  345.69641288
  355.76262191  365.82883095  375.89503998  385.96124901  396.02745804
  406.09366708  416.15987611  426.22608514  436.29229417  446.35850321
  456.42471224  466.49092127  476.5571303   486.62333934  496.68954837
  506.7557574   516.82196643  526.88817547  536.9543845   547.02059353
  557.08680256  567.1530116   577.21922063  587.28542966  597.3516387
  607.41784773  617.48405676  627.55026579  637.61647483  647.68268386
  657.74889289  667.81510192  677.88131096  687.94751999  698.01372902
  708.07993805  718.14614709  728.21235612  738.27856515  748.34477418
  758.41098322  768.47719225  778.54340128  788.60961032  798.67581935
  808.74202838  818.80823741  828.87444645  838.94065548  849.00686451
  859.07307354  869.13928258  879.20549161  889.27170064  899.33790967
  909.40411871  919.47032774  929.53653677  939.6027458   949.66895484
  959.73516387  969.8013729   979.86758193  989.93379097 1000.        ]
a_y_fitting=[-6.37426901 -6.18670278 -6.07397332 -6.02391375 -6.02435719 -6.06313678
 -6.12808564 -6.2070369  -6.28782369 -6.35827914 -6.40623636 -6.4195285
 -6.38598867 -6.29345001 -6.12974699 -5.89341541 -5.61955121 -5.35105125
 -5.13036201 -4.97931924 -4.89103695 -4.85650039 -4.86669484 -4.91260554
 -4.98521775 -5.07551673 -5.17448774 -5.27311603 -5.36238686 -5.43328548
 -5.4785654  -5.50032736 -5.50374936 -5.49401125 -5.47629287 -5.45577408
 -5.43763448 -5.42577031 -5.4198155  -5.41852024 -5.42063471 -5.42490911
 -5.43009361 -5.43493841 -5.43819369 -5.43872039 -5.43630492 -5.43119425
 -5.42363875 -5.41388878 -5.40219469 -5.38880684 -5.37397558 -5.35795126
 -5.34098426 -5.32332491 -5.30522358 -5.28693062 -5.26869639 -5.25077124
 -5.23340553 -5.21684962 -5.20135329 -5.18707244 -5.17396557 -5.16196625
 -5.15100804 -5.1410245  -5.13194921 -5.12371573 -5.11625763 -5.10950847
 -5.10340181 -5.09787123 -5.09285029 -5.08827255 -5.08404456 -5.07991407
 -5.07557099 -5.07070517 -5.06500644 -5.05816464 -5.04986962 -5.03981121
 -5.02767926 -5.01316359 -4.99595406 -4.97574049 -4.95221274 -4.92506063
 -4.89397401 -4.85864272 -4.8187566  -4.77400548 -4.72407921 -4.66866762
 -4.60746056 -4.54014786 -4.46641937 -4.38596491]
d_x_fitting=[  1.72265289  11.77146138  21.82026988  31.86907838  41.91788688
  51.96669538  62.01550388  72.06431237  82.11312087  92.16192937
 102.21073787 112.25954637 122.30835487 132.35716336 142.40597186
 152.45478036 162.50358886 172.55239736 182.60120586 192.65001436
 202.69882285 212.74763135 222.79643985 232.84524835 242.89405685
 252.94286535 262.99167384 273.04048234 283.08929084 293.13809934
 303.18690784 313.23571634 323.28452483 333.33333333 343.38214183
 353.43095033 363.47975883 373.52856733 383.57737583 393.62618432
 403.67499282 413.72380132 423.77260982 433.82141832 443.87022682
 453.91903531 463.96784381 474.01665231 484.06546081 494.11426931
 504.16307781 514.2118863  524.2606948  534.3095033  544.3583118
 554.4071203  564.4559288  574.5047373  584.55354579 594.60235429
 604.65116279 614.69997129 624.74877979 634.79758829 644.84639678
 654.89520528 664.94401378 674.99282228 685.04163078 695.09043928
 705.13924777 715.18805627 725.23686477 735.28567327 745.33448177
 755.38329027 765.43209877 775.48090726 785.52971576 795.57852426
 805.62733276 815.67614126 825.72494976 835.77375825 845.82256675
 855.87137525 865.92018375 875.96899225 886.01780075 896.06660924
 906.11541774 916.16422624 926.21303474 936.26184324 946.31065174
 956.35946024 966.40826873 976.45707723 986.50588573 996.55469423]
d_y_fitting=[ 0.99415205  1.0128309   1.07541291  1.16901415  1.28075068  1.39773857
  1.5070939   1.59593272  1.65137112  1.66052515  1.61051089  1.48844441
  1.28144177  0.97756565  0.60167813  0.22644505 -0.0740975  -0.27083277
 -0.38126898 -0.42508022 -0.42194056 -0.39124369 -0.34634781 -0.29479633
 -0.24389652 -0.20095562 -0.17327757 -0.1650994  -0.17191734 -0.1876807
 -0.2063388  -0.22184095 -0.22813646 -0.21917464 -0.18890481 -0.13127628
 -0.04025048  0.08639034  0.2416238   0.41705827  0.60430214  0.79496379
  0.9806516   1.15297395  1.30353921  1.42460342  1.51545376  1.57968809
  1.6209666   1.64294948  1.64929694  1.64366917  1.62972637  1.61112873
  1.59153646  1.57460975  1.56400879  1.56339379  1.57642495  1.60506504
  1.64168581  1.67529373  1.69489164  1.69095272  1.66302406  1.61411073
  1.54722466  1.46537773  1.37158187  1.26884896  1.16019091  1.04861963
  0.93714702  0.82878499  0.72654543  0.63344025  0.55248136  0.48668065
  0.43905003  0.41260141  0.40998401  0.43028411  0.47056569  0.52786953
  0.5992364   0.68170707  0.77232232  0.86812292  0.96614965  1.06344328
  1.15704458  1.24399432  1.32133329  1.38610225  1.43534198  1.46609326
  1.47539684  1.46029352  1.41782406  1.34502924]