
p_x=[5.167958656330749, 34.45305770887167, 70.62876830318692, 108.52713178294573, 135.22825150732126, 160.2067183462532, 189.49181739879415, 222.2222222222222, 268.73385012919897, 285.099052540913, 317.82945736434107, 357.4504737295435, 389.3195521102498, 428.9405684754522, 488.3720930232558, 568.4754521963824, 617.5710594315245, 700.2583979328165, 763.9965546942291, 813.0921619293713, 871.6623600344531, 926.7872523686477, 994.8320413436692]
p_y=[-1.5294117647058805, -1.647058823529413, -1.5294117647058805, -1.1764705882352935, -1.4117647058823515, 1.6470588235294112, 1.882352941176471, 1.882352941176471, 2.0, 2.3529411764705888, 4.23529411764706, 4.23529411764706, 4.23529411764706, -0.235294117647058, -0.35294117647058876, -2.0, 0.47058823529411775, 2.9411764705882346, 1.6470588235294112, 0.35294117647058876, 1.882352941176471, 2.7058823529411766, 2.3529411764705888]
a_x=[5.167958656330749, 50.818260120585705, 111.1111111111111, 147.28682170542638, 159.34539190353144, 189.49181739879415, 235.1421188630491, 271.3178294573643, 297.15762273901805, 329.88802756244615, 348.8372093023256, 392.76485788113695, 408.2687338501292, 432.3858742463393, 466.838931955211, 545.2196382428941, 605.5124892334195, 689.0611541774333, 756.244616709733, 775.1937984496125, 832.0413436692506, 863.0490956072352, 928.5099052540912, 993.9707149009474]
a_y=[-6.725146198830409, -6.374269005847953, -6.6081871345029235, -6.6081871345029235, -5.321637426900585, -5.087719298245615, -5.087719298245615, -3.6842105263157894, -1.6959064327485365, 0.1754385964912295, 0.29239766081871466, 1.3450292397660828, 1.578947368421053, -1.4619883040935662, -3.099415204678362, -3.450292397660819, -1.3450292397660828, 2.0467836257309946, -0.2923976608187129, -2.7485380116959064, -1.8128654970760234, 0.4093567251461998, 2.6315789473684212, 2.1637426900584797]
d_x=[2.5839793281653747, 29.285099052540914, 109.38845822566753, 146.42549526270457, 164.51335055986218, 204.1343669250646, 254.9526270456503, 316.1068044788975, 395.3488372093023, 434.1085271317829, 552.1102497846684, 634.7975882859604, 706.287683031869, 772.609819121447, 844.9612403100774, 913.8673557278208, 995.693367786391]
d_y=[-0.8771929824561404, -0.8771929824561404, -0.8771929824561404, -0.7602339181286553, 0.8771929824561404, 1.3450292397660828, 0.9941520467836256, 3.2163742690058488, 4.269005847953217, 2.6315789473684212, 1.3450292397660828, 3.6842105263157894, 5.2046783625731, 2.0467836257309946, 2.9824561403508776, 4.502923976608187, 4.619883040935672]
p_x_fitting=[  5.16795866  15.16456555  25.16117245  35.15777934  45.15438624
  55.15099314  65.14760003  75.14420693  85.14081382  95.13742072
 105.13402761 115.13063451 125.12724141 135.1238483  145.1204552
 155.11706209 165.11366899 175.11027589 185.10688278 195.10348968
 205.10009657 215.09670347 225.09331036 235.08991726 245.08652416
 255.08313105 265.07973795 275.07634484 285.07295174 295.06955864
 305.06616553 315.06277243 325.05937932 335.05598622 345.05259311
 355.04920001 365.04580691 375.0424138  385.0390207  395.03562759
 405.03223449 415.02884139 425.02544828 435.02205518 445.01866207
 455.01526897 465.01187586 475.00848276 485.00508966 495.00169655
 504.99830345 514.99491034 524.99151724 534.98812414 544.98473103
 554.98133793 564.97794482 574.97455172 584.97115861 594.96776551
 604.96437241 614.9609793  624.9575862  634.95419309 644.95079999
 654.94740689 664.94401378 674.94062068 684.93722757 694.93383447
 704.93044136 714.92704826 724.92365516 734.92026205 744.91686895
 754.91347584 764.91008274 774.90668964 784.90329653 794.89990343
 804.89651032 814.89311722 824.88972411 834.88633101 844.88293791
 854.8795448  864.8761517  874.87275859 884.86936549 894.86597239
 904.86257928 914.85918618 924.85579307 934.85239997 944.84900686
 954.84561376 964.84222066 974.83882755 984.83543445 994.83204134]
p_y_fitting=[-1.52941176 -1.54643296 -1.59517396 -1.65066581 -1.68793958 -1.68202631
 -1.60795706 -1.44294606 -1.22794788 -1.07622326 -1.10493783 -1.4002463
 -1.67971273 -1.41920283 -0.30532944  1.08810999  1.98186197  2.15865141
  1.97674032  1.80697185  1.78319022  1.83733047  1.89526454  1.9165727
  1.91998412  1.9302179   1.97199314  2.07604241  2.3518527   2.9003337
  3.56581297  4.12767839  4.38946708  4.38477925  4.27466098  4.22151163
  4.35433648  4.52079139  4.42751814  3.79886427  2.67381793  1.35219077
  0.14167315 -0.66642002 -1.01787109 -1.03700872 -0.85253075 -0.59313502
 -0.38751937 -0.35525354 -0.50844126 -0.78920599 -1.1384754  -1.49717717
 -1.80623897 -2.00658847 -2.03915337 -1.8505149  -1.45708363 -0.92235104
 -0.31068973  0.31352767  0.89019304  1.39772169  1.83497696  2.20101029
  2.49487316  2.71561704  2.86229339  2.93395367  2.92978498  2.85262899
  2.70930694  2.50684076  2.25225241  1.95256384  1.61480136  1.25339555
  0.90534066  0.61191358  0.4143912   0.35397091  0.44982349  0.66915176
  0.97166744  1.31708226  1.66510794  1.97570866  2.22541524  2.41728773
  2.5567707   2.64930869  2.70034628  2.71532802  2.69969848  2.65890222
  2.5983838   2.52358778  2.43995871  2.35294118]
a_x_fitting=[  5.16795866  15.15586529  25.14377191  35.13167854  45.11958517
  55.1074918   65.09539843  75.08330506  85.07121169  95.05911831
 105.04702494 115.03493157 125.0228382  135.01074483 144.99865146
 154.98655809 164.97446472 174.96237134 184.95027797 194.9381846
 204.92609123 214.91399786 224.90190449 234.88981112 244.87771775
 254.86562437 264.853531   274.84143763 284.82934426 294.81725089
 304.80515752 314.79306415 324.78097078 334.7688774  344.75678403
 354.74469066 364.73259729 374.72050392 384.70841055 394.69631718
 404.68422381 414.67213043 424.66003706 434.64794369 444.63585032
 454.62375695 464.61166358 474.59957021 484.58747684 494.57538346
 504.56329009 514.55119672 524.53910335 534.52700998 544.51491661
 554.50282324 564.49072987 574.47863649 584.46654312 594.45444975
 604.44235638 614.43026301 624.41816964 634.40607627 644.3939829
 654.38188952 664.36979615 674.35770278 684.34560941 694.33351604
 704.32142267 714.3093293  724.29723593 734.28514255 744.27304918
 754.26095581 764.24886244 774.23676907 784.2246757  794.21258233
 804.20048896 814.18839558 824.17630221 834.16420884 844.15211547
 854.1400221  864.12792873 874.11583536 884.10374198 894.09164861
 904.07955524 914.06746187 924.0553685  934.04327513 944.03118176
 954.01908839 964.00699501 973.99490164 983.98280827 993.9707149 ]
a_y_fitting=[-6.7251462  -6.72968461 -6.67066588 -6.56911332 -6.44605023 -6.32249993
 -6.21948573 -6.15803092 -6.15915883 -6.24389276 -6.43325601 -6.74538099
 -7.08112355 -7.18610105 -6.79525985 -5.77024411 -4.95046763 -4.78528386
 -4.97335869 -5.19862308 -5.31538848 -5.32934743 -5.25145891 -5.09268189
 -4.85776355 -4.52464684 -4.06404653 -3.44755061 -2.69249659 -1.88355215
 -1.10947492 -0.44825897  0.02740946  0.25033586  0.28570887  0.3278088
  0.46476291  0.69620744  1.01938595  1.43047792  1.67985004  1.03368471
 -0.36690394 -1.72523287 -2.5348812  -2.91805512 -3.07502224 -3.18933705
 -3.31148773 -3.42837023 -3.52648544 -3.59233423 -3.6124175  -3.57323613
 -3.46129098 -3.26650748 -2.99574867 -2.66110473 -2.27466735 -1.84852824
 -1.39477908 -0.9252889  -0.45069584  0.01878496  0.47293873  0.90155071
  1.29440614  1.64129025  1.93198829  2.15544707  2.28363714  2.27274372
  2.07835215  1.65604781  0.96141602 -0.04995784 -1.37384941 -2.64816586
 -3.42879477 -3.68610071 -3.528487   -3.06444948 -2.40248399 -1.65096452
 -0.8961253  -0.17650615  0.47555851  1.03620406  1.50615023  1.89055207
  2.19456463  2.42334295  2.58204209  2.67581708  2.70982298  2.68921483
  2.61914768  2.50477658  2.35125656  2.16374269]
d_x_fitting=[  2.58397933  12.61538729  22.64679526  32.67820322  42.70961119
  52.74101915  62.77242711  72.80383508  82.83524304  92.86665101
 102.89805897 112.92946693 122.9608749  132.99228286 143.02369083
 153.05509879 163.08650676 173.11791472 183.14932268 193.18073065
 203.21213861 213.24354658 223.27495454 233.30636251 243.33777047
 253.36917843 263.4005864  273.43199436 283.46340233 293.49481029
 303.52621825 313.55762622 323.58903418 333.62044215 343.65185011
 353.68325808 363.71466604 373.746074   383.77748197 393.80888993
 403.8402979  413.87170586 423.90311383 433.93452179 443.96592975
 453.99733772 464.02874568 474.06015365 484.09156161 494.12296958
 504.15437754 514.1857855  524.21719347 534.24860143 544.2800094
 554.31141736 564.34282532 574.37423329 584.40564125 594.43704922
 604.46845718 614.49986515 624.53127311 634.56268107 644.59408904
 654.625497   664.65690497 674.68831293 684.7197209  694.75112886
 704.78253682 714.81394479 724.84535275 734.87676072 744.90816868
 754.93957665 764.97098461 775.00239257 785.03380054 795.0652085
 805.09661647 815.12802443 825.15943239 835.19084036 845.22224832
 855.25365629 865.28506425 875.31647222 885.34788018 895.37928814
 905.41069611 915.44210407 925.47351204 935.50492    945.53632797
 955.56773593 965.59914389 975.63055186 985.66195982 995.69336779]
d_y_fitting=[-0.87719298 -0.91808773 -0.9063874  -0.85739792 -0.78642525 -0.70877531
 -0.63975404 -0.59466738 -0.58882127 -0.63752165 -0.75607445 -0.95830517
 -1.18059622 -1.24541791 -0.96612409 -0.19450238  0.76135991  1.37277616
  1.58855453  1.54112579  1.36327803  1.17390723  1.01859464  0.91882428
  0.89606572  0.97178857  1.16270957  1.45481071  1.82184708  2.23754251
  2.67562081  3.10980577  3.51473291  3.8730829   4.17172595  4.39756827
  4.53751613  4.57847575  4.50735338  4.31105526  3.98316833  3.55989931
  3.09420102  2.63906611  2.23871247  1.90038361  1.62158585  1.3998255
  1.23260884  1.11744217  1.05183177  1.03328395  1.05930498  1.12740117
  1.23507881  1.3798461   1.55953353  1.77265261  2.01780142  2.29357802
  2.59858047  2.93140683  3.29065518  3.67492357  4.07812118  4.47403621
  4.83106072  5.11758674  5.3020063   5.35271141  5.2380941   4.93577588
  4.48162425  3.9341665   3.35198067  2.7936448   2.31773693  1.98263777
  1.81988309  1.80719635  1.91587784  2.11722786  2.38254671  2.68313467
  2.99029213  3.2803334   3.54812369  3.79281755  4.01356955  4.20953425
  4.37986621  4.52371999  4.64025015  4.72861125  4.78795786  4.81744452
  4.81622581  4.78345629  4.71829051  4.61988304]