
p_x=[4.3066322136089585, 67.18346253229974, 186.04651162790697, 264.42721791559, 361.75710594315245, 490.9560723514212, 590.0086132644273, 802.7562446167096, 992.2480620155038]
p_y=[1.6470588235294112, 1.764705882352942, 1.6470588235294112, 2.3529411764705888, 1.764705882352942, 1.764705882352942, 2.235294117647059, 2.4705882352941178, 1.4117647058823533]
a_x=[11.19724375538329, 62.87683031869079, 99.91386735572783, 134.36692506459949, 176.57192075796726, 245.4780361757106, 302.3255813953488, 424.63393626184325, 519.3798449612403, 614.1257536606374, 655.4694229112835, 709.7329888027563, 746.7700258397932, 788.975021533161, 924.2032730404824, 995.693367786391]
a_y=[-6.257309941520468, -6.374269005847953, -5.906432748538011, -3.8011695906432745, -3.8011695906432745, -5.438596491228068, -3.333333333333332, -3.2163742690058488, -3.333333333333332, -4.619883040935672, -2.7485380116959064, -4.385964912280702, -2.514619883040936, -2.163742690058479, -2.514619883040936, -2.514619883040936]
d_x=[4.3066322136089585, 62.01550387596899, 202.41171403962102, 382.4289405684754, 658.0534022394487, 848.4065460809646, 996.5546942291128]
d_y=[0.8771929824561404, 0.8771929824561404, 0.9941520467836256, 0.526315789473685, 0.9941520467836256, 1.3450292397660828, 1.1111111111111107]
p_x_fitting=[  4.30663221  14.28583858  24.26504494  34.2442513   44.22345766
  54.20266402  64.18187038  74.16107675  84.14028311  94.11948947
 104.09869583 114.07790219 124.05710855 134.03631491 144.01552128
 153.99472764 163.973934   173.95314036 183.93234672 193.91155308
 203.89075945 213.86996581 223.84917217 233.82837853 243.80758489
 253.78679125 263.76599762 273.74520398 283.72441034 293.7036167
 303.68282306 313.66202942 323.64123579 333.62044215 343.59964851
 353.57885487 363.55806123 373.53726759 383.51647396 393.49568032
 403.47488668 413.45409304 423.4332994  433.41250576 443.39171213
 453.37091849 463.35012485 473.32933121 483.30853757 493.28774393
 503.2669503  513.24615666 523.22536302 533.20456938 543.18377574
 553.1629821  563.14218847 573.12139483 583.10060119 593.07980755
 603.05901391 613.03822027 623.01742663 632.996633   642.97583936
 652.95504572 662.93425208 672.91345844 682.8926648  692.87187117
 702.85107753 712.83028389 722.80949025 732.78869661 742.76790297
 752.74710934 762.7263157  772.70552206 782.68472842 792.66393478
 802.64314114 812.62234751 822.60155387 832.58076023 842.55996659
 852.53917295 862.51837931 872.49758568 882.47679204 892.4559984
 902.43520476 912.41441112 922.39361748 932.37282385 942.35203021
 952.33123657 962.31044293 972.28964929 982.26885565 992.24806202]
p_y_fitting=[1.64705882 1.71608974 1.76215569 1.78802198 1.79645395 1.7902169
 1.77207615 1.74479702 1.71114484 1.67388491 1.63578257 1.59960311
 1.56811187 1.54407416 1.5302553  1.52942061 1.54433541 1.577765
 1.63247473 1.71038297 1.80690496 1.91444294 2.02538268 2.13210996
 2.22701056 2.30247028 2.35087488 2.36633813 2.35141002 2.31121112
 2.25086262 2.17548572 2.0902016  2.00013147 1.91039652 1.82611793
 1.75241098 1.69275359 1.64676422 1.61350549 1.59204006 1.58143057
 1.58073967 1.58902999 1.60536417 1.62880488 1.65841474 1.6932564
 1.7323925  1.77488653 1.8199213  1.8669221  1.91534365 1.96464064
 2.01426776 2.06367973 2.11233123 2.15967698 2.20517167 2.24827253
 2.28862014 2.32615951 2.36086431 2.39270824 2.42166498 2.44770822
 2.47081165 2.49094894 2.50809379 2.52221988 2.53330091 2.54131055
 2.54622249 2.54801042 2.54664802 2.54210898 2.53436699 2.52339574
 2.5091689  2.49166017 2.47084323 2.44669177 2.41917948 2.38828004
 2.35396713 2.31621445 2.27499567 2.2302845  2.18205461 2.13027968
 2.07493341 2.01598948 1.95342158 1.8872034  1.81730861 1.74371091
 1.66638398 1.58530152 1.5004372  1.41176471]
a_x_fitting=[ 11.19724376  21.14164905  31.08605434  41.03045964  50.97486493
  60.91927022  70.86367551  80.80808081  90.7524861  100.69689139
 110.64129669 120.58570198 130.53010727 140.47451257 150.41891786
 160.36332315 170.30772845 180.25213374 190.19653903 200.14094433
 210.08534962 220.02975491 229.97416021 239.9185655  249.86297079
 259.80737609 269.75178138 279.69618667 289.64059197 299.58499726
 309.52940255 319.47380785 329.41821314 339.36261843 349.30702373
 359.25142902 369.19583431 379.14023961 389.0846449  399.02905019
 408.97345549 418.91786078 428.86226607 438.80667136 448.75107666
 458.69548195 468.63988724 478.58429254 488.52869783 498.47310312
 508.41750842 518.36191371 528.306319   538.2507243  548.19512959
 558.13953488 568.08394018 578.02834547 587.97275076 597.91715606
 607.86156135 617.80596664 627.75037194 637.69477723 647.63918252
 657.58358782 667.52799311 677.4723984  687.4168037  697.36120899
 707.30561428 717.25001958 727.19442487 737.13883016 747.08323546
 757.02764075 766.97204604 776.91645134 786.86085663 796.80526192
 806.74966721 816.69407251 826.6384778  836.58288309 846.52728839
 856.47169368 866.41609897 876.36050427 886.30490956 896.24931485
 906.19372015 916.13812544 926.08253073 936.02693603 945.97134132
 955.91574661 965.86015191 975.8045572  985.74896249 995.69336779]
a_y_fitting=[-6.25730994 -6.0618927  -6.02563932 -6.09664265 -6.22299556 -6.3527909
 -6.43412153 -6.41508031 -6.24376011 -5.86827035 -5.27928456 -4.60210301
 -3.98857909 -3.58283748 -3.41960936 -3.45250104 -3.63320278 -3.91350195
 -4.2497255  -4.60458189 -4.94125851 -5.2229428  -5.41282215 -5.47408399
 -5.37116832 -5.10721665 -4.73052502 -4.2919423  -3.84231735 -3.43249903
 -3.1093427  -2.88181063 -2.73794064 -2.66555063 -2.65245854 -2.68648228
 -2.75543978 -2.84714895 -2.94942772 -3.050094   -3.13696572 -3.1978608
 -3.22092897 -3.20548794 -3.16443417 -3.11148385 -3.06035317 -3.02475833
 -3.01841553 -3.05504095 -3.14835079 -3.31206124 -3.5543744  -3.85345189
 -4.17727527 -4.49381792 -4.7710532  -4.97695449 -5.07949516 -5.04664859
 -4.84638815 -4.44822758 -3.89367853 -3.32546389 -2.89390287 -2.74882698
 -2.95152445 -3.37256885 -3.85775618 -4.25288247 -4.40374375 -4.18075671
 -3.66445885 -3.04183492 -2.50069738 -2.18260315 -2.06075096 -2.07004696
 -2.1453973  -2.22707826 -2.29670072 -2.35506595 -2.40308093 -2.44165267
 -2.47168814 -2.49409433 -2.50977824 -2.51964684 -2.52460713 -2.52556609
 -2.5234307  -2.51910797 -2.51350487 -2.50752839 -2.50208552 -2.49808325
 -2.49642857 -2.49802845 -2.50378989 -2.51461988]
d_x_fitting=[  4.30663221  14.32933991  24.35204761  34.3747553   44.397463
  54.4201707   64.4428784   74.46558609  84.48829379  94.51100149
 104.53370918 114.55641688 124.57912458 134.60183228 144.62453997
 154.64724767 164.66995537 174.69266306 184.71537076 194.73807846
 204.76078616 214.78349385 224.80620155 234.82890925 244.85161694
 254.87432464 264.89703234 274.91974004 284.94244773 294.96515543
 304.98786313 315.01057082 325.03327852 335.05598622 345.07869392
 355.10140161 365.12410931 375.14681701 385.1695247  395.1922324
 405.2149401  415.2376478  425.26035549 435.28306319 445.30577089
 455.32847858 465.35118628 475.37389398 485.39660168 495.41930937
 505.44201707 515.46472477 525.48743246 535.51014016 545.53284786
 555.55555556 565.57826325 575.60097095 585.62367865 595.64638634
 605.66909404 615.69180174 625.71450944 635.73721713 645.75992483
 655.78263253 665.80534022 675.82804792 685.85075562 695.87346332
 705.89617101 715.91887871 725.94158641 735.9642941  745.9870018
 756.0097095  766.0324172  776.05512489 786.07783259 796.10054029
 806.12324798 816.14595568 826.16866338 836.19137108 846.21407877
 856.23678647 866.25949417 876.28220186 886.30490956 896.32761726
 906.35032495 916.37303265 926.39574035 936.41844805 946.44115574
 956.46386344 966.48657114 976.50927883 986.53198653 996.55469423]
d_y_fitting=[0.87719298 0.86767011 0.86278272 0.8620259  0.86489478 0.87088446
 0.87949006 0.89020667 0.90252943 0.91595343 0.92997378 0.94408561
 0.95778401 0.9705641  0.98192099 0.99134978 0.9983456  1.00240355
 1.00301874 0.99968628 0.99190343 0.97947129 0.96280711 0.94240268
 0.91874978 0.89234021 0.86366574 0.83321818 0.8014893  0.7689709
 0.73615476 0.70353267 0.67159642 0.64083781 0.6117486  0.58482061
 0.5605456  0.53941538 0.52191947 0.50832905 0.49851749 0.49231596
 0.4895556  0.49006757 0.49368302 0.50023309 0.50954896 0.52146176
 0.53580265 0.55240278 0.57109332 0.5917054  0.61407018 0.63801882
 0.66338246 0.68999227 0.71767939 0.74627498 0.77561018 0.80551616
 0.83582406 0.86636504 0.89697025 0.92747084 0.95769797 0.98748279
 1.01666342 1.04513404 1.07281593 1.09963052 1.12549925 1.15034356
 1.17408489 1.19664468 1.21794437 1.23790539 1.25644918 1.27349719
 1.28897085 1.30279159 1.31488087 1.32516012 1.33355077 1.33997426
 1.34435204 1.34660554 1.34665621 1.34442547 1.33983477 1.33280555
 1.32325924 1.31111729 1.29630114 1.27873221 1.25833196 1.23502181
 1.20872322 1.17935761 1.14684643 1.11111111]