
p_x=[3.4453057708871664, 49.09560723514212, 114.55641688199827, 147.28682170542638, 192.9371231696813, 270.4565030146425, 341.94659776055124, 377.2609819121447, 405.68475452196384, 424.63393626184325, 445.3057708871662, 484.9267872523686, 529.7157622739019, 546.0809646856159, 610.6804478897502, 633.0749354005169, 703.7037037037037, 722.652885443583, 735.57278208441, 749.3540051679587, 764.8578811369508, 780.3617571059432, 815.6761412575366, 897.5021533161068, 946.5977605512489, 999.1386735572783]
p_y=[0.0, 0.117647058823529, 0.23529411764705976, 0.5882352941176467, 1.2941176470588225, 2.0, 1.882352941176471, 1.6470588235294112, 1.0588235294117645, 0.5882352941176467, 0.5882352941176467, 0.7058823529411757, 1.0588235294117645, 2.0, 2.0, 1.882352941176471, 0.5882352941176467, 0.9411764705882355, 1.5294117647058822, 3.647058823529412, 4.23529411764706, 4.117647058823529, 4.117647058823529, 3.647058823529412, 3.4117647058823533, 3.2941176470588243]
a_x=[1.7226528854435832, 57.70887166236004, 115.41774332472008, 137.81223083548667, 192.9371231696813, 204.9956933677864, 264.42721791559, 332.4720068906115, 369.50904392764863, 497.8466838931955, 531.4384151593454, 546.9422911283376, 584.8406546080964, 633.0749354005169, 670.1119724375538, 690.7838070628768, 713.1782945736435, 727.8208440999139, 745.9086993970715, 784.668389319552, 835.4866494401379, 881.9982773471146, 932.8165374677002, 996.5546942291128]
a_y=[-6.491228070175438, -6.842105263157894, -6.491228070175438, -5.321637426900585, -5.438596491228068, -6.374269005847953, -6.491228070175438, -6.140350877192983, -6.257309941520468, -6.374269005847953, -6.257309941520468, -4.269005847953215, -4.152046783625732, -4.269005847953215, -4.269005847953215, -6.257309941520468, -6.725146198830409, -5.906432748538011, -3.5672514619883025, -3.5672514619883025, -3.8011695906432745, -3.8011695906432745, -4.502923976608187, -4.619883040935672]
d_x=[1.7226528854435832, 55.12489233419466, 79.24203273040483, 113.69509043927648, 128.33763996554694, 163.6520241171404, 199.82773471145566, 710.594315245478, 997.4160206718346]
d_y=[0.8771929824561404, 0.9941520467836256, 0.8771929824561404, 0.8771929824561404, 1.6959064327485383, 1.8128654970760234, 1.6959064327485383, 2.0467836257309946, 1.578947368421053]
p_x_fitting=[  3.44530577  13.50281454  23.5603233   33.61783207  43.67534083
  53.7328496   63.79035836  73.84786713  83.9053759   93.96288466
 104.02039343 114.07790219 124.13541096 134.19291972 144.25042849
 154.30793725 164.36544602 174.42295478 184.48046355 194.53797232
 204.59548108 214.65298985 224.71049861 234.76800738 244.82551614
 254.88302491 264.94053367 274.99804244 285.05555121 295.11305997
 305.17056874 315.2280775  325.28558627 335.34309503 345.4006038
 355.45811256 365.51562133 375.5731301  385.63063886 395.68814763
 405.74565639 415.80316516 425.86067392 435.91818269 445.97569145
 456.03320022 466.09070898 476.14821775 486.20572652 496.26323528
 506.32074405 516.37825281 526.43576158 536.49327034 546.55077911
 556.60828787 566.66579664 576.72330541 586.78081417 596.83832294
 606.8958317  616.95334047 627.01084923 637.068358   647.12586676
 657.18337553 667.2408843  677.29839306 687.35590183 697.41341059
 707.47091936 717.52842812 727.58593689 737.64344565 747.70095442
 757.75846318 767.81597195 777.87348072 787.93098948 797.98849825
 808.04600701 818.10351578 828.16102454 838.21853331 848.27604207
 858.33355084 868.39105961 878.44856837 888.50607714 898.5635859
 908.62109467 918.67860343 928.7361122  938.79362096 948.85112973
 958.9086385  968.96614726 979.02365603 989.08116479 999.13867356]
p_y_fitting=[0.         0.05678691 0.09208015 0.11066427 0.11732383 0.11684339
 0.1140075  0.11360073 0.12040763 0.13921276 0.17480067 0.23195594
 0.31431822 0.42024402 0.54656696 0.68993774 0.84510753 1.00570116
 1.16532863 1.31760373 1.45757603 1.58389061 1.69574629 1.79234188
 1.87287622 1.9365481  1.98255635 2.01015578 2.02023684 2.01554616
 1.99893069 1.97323735 1.94131306 1.90600478 1.87002994 1.82887351
 1.7671078  1.66840039 1.51818986 1.31373149 1.0571169  0.77277897
 0.57278001 0.53660119 0.59291368 0.66060715 0.71196429 0.73019271
 0.6985345  0.62410036 0.57953269 0.64862116 0.91515546 1.43992986
 2.02329868 2.3826503  2.5174727  2.48911225 2.35891529 2.18822821
 2.03839735 1.96406148 1.92834333 1.82974732 1.6271097  1.3601775
 1.07416835 0.81429987 0.6257897  0.55385546 0.64179107 0.84551371
 1.0306557  1.7965983  3.42904484 4.20186922 4.21565768 4.13433551
 4.08900298 4.08886465 4.10745684 4.11810235 4.10386266 4.06716859
 4.01274135 3.94530212 3.86957209 3.79027244 3.71212437 3.63984794
 3.57687851 3.52289537 3.47689503 3.437874   3.40482879 3.37675589
 3.35265183 3.33151309 3.3123362  3.29411765]
a_x_fitting=[  1.72265289  11.77146138  21.82026988  31.86907838  41.91788688
  51.96669538  62.01550388  72.06431237  82.11312087  92.16192937
 102.21073787 112.25954637 122.30835487 132.35716336 142.40597186
 152.45478036 162.50358886 172.55239736 182.60120586 192.65001436
 202.69882285 212.74763135 222.79643985 232.84524835 242.89405685
 252.94286535 262.99167384 273.04048234 283.08929084 293.13809934
 303.18690784 313.23571634 323.28452483 333.33333333 343.38214183
 353.43095033 363.47975883 373.52856733 383.57737583 393.62618432
 403.67499282 413.72380132 423.77260982 433.82141832 443.87022682
 453.91903531 463.96784381 474.01665231 484.06546081 494.11426931
 504.16307781 514.2118863  524.2606948  534.3095033  544.3583118
 554.4071203  564.4559288  574.5047373  584.55354579 594.60235429
 604.65116279 614.69997129 624.74877979 634.79758829 644.84639678
 654.89520528 664.94401378 674.99282228 685.04163078 695.09043928
 705.13924777 715.18805627 725.23686477 735.28567327 745.33448177
 755.38329027 765.43209877 775.48090726 785.52971576 795.57852426
 805.62733276 815.67614126 825.72494976 835.77375825 845.82256675
 855.87137525 865.92018375 875.96899225 886.01780075 896.06660924
 906.11541774 916.16422624 926.21303474 936.26184324 946.31065174
 956.35946024 966.40826873 976.45707723 986.50588573 996.55469423]
a_y_fitting=[-6.49122807 -6.37955998 -6.37835088 -6.45899764 -6.59289713 -6.75144622
 -6.90604181 -7.02808075 -7.08895993 -7.06007622 -6.9128265  -6.61860763
 -6.15779782 -5.60828266 -5.10609876 -4.74192876 -4.55476632 -4.58087847
 -4.85653226 -5.41799472 -6.20698627 -6.80349385 -7.08325706 -7.12002147
 -6.98884145 -6.76477139 -6.52286566 -6.32940877 -6.19656382 -6.11586844
 -6.07881971 -6.07691466 -6.10165036 -6.1445231  -6.19549041 -6.23974181
 -6.26154613 -6.24547087 -6.18769577 -6.09948525 -5.99311183 -5.88084809
 -5.77496655 -5.68773978 -5.6314403  -5.61834068 -5.66071346 -5.77083119
 -5.96096641 -6.24339166 -6.61676539 -6.8974219  -6.77153287 -5.92835266
 -4.57044796 -3.70383358 -3.52691711 -3.76570997 -4.14203755 -4.42152882
 -4.5607156  -4.5681225  -4.45227526 -4.22186496 -3.93768257 -3.78651668
 -3.97382646 -4.68940716 -5.73741529 -6.53181236 -6.80122388 -6.67515524
 -6.14840182 -4.95622671 -3.62726344 -2.95691605 -2.9135414  -3.2190521
 -3.59535527 -3.83228769 -3.93017207 -3.92997677 -3.87267017 -3.79922048
 -3.74386792 -3.71614939 -3.7199335  -3.75908885 -3.83732091 -3.95199369
 -4.09223337 -4.24661561 -4.40371605 -4.55211033 -4.68037411 -4.77708303
 -4.83081274 -4.83013888 -4.7636371  -4.61988304]
d_x_fitting=[  1.72265289  11.78016165  21.83767042  31.89517918  41.95268795
  52.01019671  62.06770548  72.12521424  82.18272301  92.24023178
 102.29774054 112.35524931 122.41275807 132.47026684 142.5277756
 152.58528437 162.64279313 172.7003019  182.75781066 192.81531943
 202.8728282  212.93033696 222.98784573 233.04535449 243.10286326
 253.16037202 263.21788079 273.27538955 283.33289832 293.39040709
 303.44791585 313.50542462 323.56293338 333.62044215 343.67795091
 353.73545968 363.79296844 373.85047721 383.90798598 393.96549474
 404.02300351 414.08051227 424.13802104 434.1955298  444.25303857
 454.31054733 464.3680561  474.42556486 484.48307363 494.5405824
 504.59809116 514.65559993 524.71310869 534.77061746 544.82812622
 554.88563499 564.94314375 575.00065252 585.05816129 595.11567005
 605.17317882 615.23068758 625.28819635 635.34570511 645.40321388
 655.46072264 665.51823141 675.57574018 685.63324894 695.69075771
 705.74826647 715.80577524 725.863284   735.92079277 745.97830153
 756.0358103  766.09331906 776.15082783 786.2083366  796.26584536
 806.32335413 816.38086289 826.43837166 836.49588042 846.55338919
 856.61089795 866.66840672 876.72591549 886.78342425 896.84093302
 906.89844178 916.95595055 927.01345931 937.07096808 947.12847684
 957.18598561 967.24349438 977.30100314 987.35851191 997.41602067]
d_y_fitting=[0.87719298 0.82774239 0.83689517 0.88159854 0.93879976 0.98544604
 0.99848464 0.95486278 0.83227617 0.67006233 0.61421685 0.82134446
 1.36764843 1.85610061 2.01569169 1.95952967 1.82531931 1.73157693
 1.69292311 1.68897735 1.69942684 1.71109609 1.72281792 1.73457709
 1.74635838 1.75814656 1.7699264  1.78168267 1.79340013 1.80506356
 1.81665773 1.82816742 1.83957738 1.85087239 1.86203723 1.87305666
 1.88391545 1.89459837 1.9050902  1.9153757  1.92543964 1.9352668
 1.94484194 1.95414984 1.96317527 1.97190299 1.98031778 1.98840441
 1.99614764 2.00353225 2.01054301 2.01716469 2.02338206 2.0291799
 2.03454296 2.03945602 2.04390385 2.04787123 2.05134292 2.05430369
 2.05673831 2.05863156 2.0599682  2.06073301 2.06091075 2.0604862
 2.05944412 2.05776929 2.05544648 2.05246046 2.04879599 2.04443785
 2.03937081 2.03357964 2.02704911 2.01976399 2.01170905 2.00286906
 1.9932288  1.98277302 1.97148651 1.95935403 1.94636036 1.93249025
 1.9177285  1.90205985 1.8854691  1.86794099 1.84946032 1.83001184
 1.80958033 1.78815055 1.76570729 1.7422353  1.71771936 1.69214424
 1.66549471 1.63775554 1.60891151 1.57894737]