
p_x=[1.7226528854435832, 100.7751937984496, 203.27304048234282, 264.42721791559, 282.51507321274767, 313.52282515073216, 325.58139534883725, 336.77863910422053, 345.3919035314384, 360.03445305770884, 377.2609819121447, 411.71403962101635, 447.0284237726098, 474.59086993970715, 483.2041343669251, 501.29198966408273, 512.4892334194659, 539.1903531438415, 571.0594315245479, 596.8992248062015, 633.9362618432386, 657.192075796727, 670.1119724375538, 695.0904392764859, 705.4263565891473, 716.6236003445306, 723.5142118863049, 732.9888027562446, 743.3247200689061, 764.8578811369508, 819.9827734711456, 900.0861326442722, 993.9707149009474]
p_y=[1.0588235294117645, -0.117647058823529, -1.0588235294117645, 0.7058823529411757, 1.5294117647058822, 1.764705882352942, 1.5294117647058822, 1.2941176470588225, -1.1764705882352935, -2.0, -2.4705882352941178, -2.4705882352941178, -2.5882352941176467, -2.8235294117647065, -3.0588235294117645, 1.6470588235294112, 1.5294117647058822, 1.882352941176471, 1.1764705882352935, -0.117647058823529, -1.647058823529413, -2.3529411764705888, -1.882352941176471, -1.647058823529413, -1.764705882352942, -1.5294117647058805, 1.1764705882352935, 1.6470588235294112, 1.882352941176471, 2.0, 2.235294117647059, 2.0, 1.882352941176471]
a_x=[2.5839793281653747, 80.1033591731266, 125.75366063738159, 141.25753660637383, 173.1266149870801, 194.6597760551249, 264.42721791559, 312.66149870801036, 331.61068044788976, 351.4211886304909, 359.1731266149871, 375.53832902670115, 391.90353143841514, 440.9991386735573, 452.1963824289406, 459.9483204134367, 468.56158484065463, 486.64944013781223, 511.6279069767442, 562.4461670973299, 608.0964685615849, 628.7683031869078, 649.4401378122309, 660.637381567614, 685.6158484065461, 714.900947459087, 730.4048234280792, 761.4125753660637, 792.4203273040482, 853.5745047372955, 993.1093884582257]
a_y=[-6.842105263157894, -6.374269005847953, -6.023391812865498, -5.438596491228068, -5.555555555555555, -6.725146198830409, -6.725146198830409, -6.842105263157894, -6.842105263157894, -6.725146198830409, -4.853801169590643, -4.502923976608187, -4.502923976608187, -4.970760233918128, -4.853801169590643, -5.204678362573098, -6.6081871345029235, -6.491228070175438, -6.491228070175438, -6.959064327485379, -7.192982456140349, -7.192982456140349, -6.959064327485379, -5.087719298245615, -4.619883040935672, -5.204678362573098, -6.491228070175438, -6.491228070175438, -6.491228070175438, -6.842105263157894, -6.959064327485379]
d_x=[0.8613264427217916, 36.17571059431524, 75.79672695951766, 144.70284237726096, 206.71834625322995, 266.14987080103356, 301.464254952627, 318.69078380706287, 335.0559862187769, 348.8372093023256, 373.81567614125754, 410.8527131782946, 440.1378122308355, 453.91903531438413, 467.7002583979328, 481.48148148148147, 494.40137812230836, 509.9052540913006, 559.8621877691645, 610.6804478897502, 630.4909560723514, 647.7174849267873, 658.0534022394487, 670.1119724375538, 682.1705426356589, 697.6744186046512, 709.7329888027563, 720.0689061154177, 730.4048234280792, 741.6020671834625, 770.8871662360034, 827.7347114556417, 941.4298018949182, 993.9707149009474]
d_y=[1.3450292397660828, 1.9298245614035086, 1.2280701754385976, -0.058479532163742576, -1.4619883040935662, 1.578947368421053, 1.8128654970760234, 1.578947368421053, 1.1111111111111107, -1.4619883040935662, -1.6959064327485365, -1.9298245614035086, -1.6959064327485365, -1.6959064327485365, -1.9298245614035086, 1.6959064327485383, 2.6315789473684212, 2.514619883040936, 1.9298245614035086, 2.397660818713451, 2.6315789473684212, 1.2280701754385976, -1.6959064327485365, -2.280701754385966, -2.397660818713449, -1.9298245614035086, -1.3450292397660828, 2.280701754385966, 2.514619883040936, 2.7485380116959064, 2.514619883040936, 2.514619883040936, 2.0467836257309946, 1.9298245614035086]
p_x_fitting=[  1.72265289  11.74536058  21.76806828  31.79077598  41.81348367
  51.83619137  61.85889907  71.88160677  81.90431446  91.92702216
 101.94972986 111.97243755 121.99514525 132.01785295 142.04056065
 152.06326834 162.08597604 172.10868374 182.13139143 192.15409913
 202.17680683 212.19951453 222.22222222 232.24492992 242.26763762
 252.29034531 262.31305301 272.33576071 282.3584684  292.3811761
 302.4038838  312.4265915  322.44929919 332.47200689 342.49471459
 352.51742228 362.54012998 372.56283768 382.58554538 392.60825307
 402.63096077 412.65366847 422.67637616 432.69908386 442.72179156
 452.74449926 462.76720695 472.78991465 482.81262235 492.83533004
 502.85803774 512.88074544 522.90345314 532.92616083 542.94886853
 552.97157623 562.99428392 573.01699162 583.03969932 593.06240702
 603.08511471 613.10782241 623.13053011 633.1532378  643.1759455
 653.1986532  663.2213609  673.24406859 683.26677629 693.28948399
 703.31219168 713.33489938 723.35760708 733.38031478 743.40302247
 753.42573017 763.44843787 773.47114556 783.49385326 793.51656096
 803.53926866 813.56197635 823.58468405 833.60739175 843.63009944
 853.65280714 863.67551484 873.69822254 883.72093023 893.74363793
 903.76634563 913.78905332 923.81176102 933.83446872 943.85717642
 953.87988411 963.90259181 973.92529951 983.9480072  993.9707149 ]
p_y_fitting=[ 1.05882353  1.08491502  1.06374124  1.00085398  0.90180502  0.77214611
  0.61742906  0.44320562  0.25502757  0.0584467  -0.14098523 -0.33771644
 -0.52619515 -0.70086958 -0.85618797 -0.98659852 -1.08654948 -1.15048906
 -1.17286549 -1.14812699 -1.07072178 -0.93579414 -0.74236251 -0.49078539
 -0.18142257  0.18536618  0.60922107  1.08091288  1.52330979  1.83545244
  1.94786975  1.79938477  1.50055888  1.71750336 -0.34239614 -2.04135428
 -2.0027036  -2.30150383 -2.58821397 -2.62394112 -2.53685803 -2.46882037
 -2.50967622 -2.59188402 -2.61824351 -2.50589498 -2.41397053 -2.70298723
 -3.09468815 -0.5948469   1.81121703  1.5078123   1.37216265  1.68714683
  1.93951001  1.8646255   1.54285592  1.07991095  0.56693428  0.0621408
 -0.38479237 -0.78035486 -1.17235885 -1.60957452 -2.09179484 -2.37095612
 -2.16246315 -1.79618505 -1.69444742 -1.66424529 -1.65631409 -2.1162107
  1.12970654  1.63672901  1.88522074  2.05634339  2.00946541  1.97088704
  1.98910787  2.04530201  2.12051647  2.19579826  2.25237116  2.28032031
  2.28254603  2.26295016  2.22543448  2.17390082  2.11225098  2.04438678
  1.97421002  1.90562252  1.84252609  1.78882253  1.74841365  1.72520127
  1.7230872   1.74597325  1.79776123  1.88235294]
a_x_fitting=[  2.58397933  12.58928649  22.59459365  32.59990082  42.60520798
  52.61051514  62.61582231  72.62112947  82.62643663  92.63174379
 102.63705096 112.64235812 122.64766528 132.65297245 142.65827961
 152.66358677 162.66889394 172.6742011  182.67950826 192.68481542
 202.69012259 212.69542975 222.70073691 232.70604408 242.71135124
 252.7166584  262.72196556 272.72727273 282.73257989 292.73788705
 302.74319422 312.74850138 322.75380854 332.7591157  342.76442287
 352.76973003 362.77503719 372.78034436 382.78565152 392.79095868
 402.79626585 412.80157301 422.80688017 432.81218733 442.8174945
 452.82280166 462.82810882 472.83341599 482.83872315 492.84403031
 502.84933747 512.85464464 522.8599518  532.86525896 542.87056613
 552.87587329 562.88118045 572.88648762 582.89179478 592.89710194
 602.9024091  612.90771627 622.91302343 632.91833059 642.92363776
 652.92894492 662.93425208 672.93955924 682.94486641 692.95017357
 702.95548073 712.9607879  722.96609506 732.97140222 742.97670938
 752.98201655 762.98732371 772.99263087 782.99793804 793.0032452
 803.00855236 813.01385953 823.01916669 833.02447385 843.02978101
 853.03508818 863.04039534 873.0457025  883.05100967 893.05631683
 903.06162399 913.06693115 923.07223832 933.07754548 943.08285264
 953.08815981 963.09346697 973.09877413 983.1040813  993.10938846]
a_y_fitting=[-6.84210526 -6.43474426 -6.1838514  -6.06143694 -6.03951118 -6.09008438
 -6.18516681 -6.29676874 -6.39690046 -6.45757224 -6.45079434 -6.34857705
 -6.12293064 -5.75991713 -5.39599346 -5.20918065 -5.24717007 -5.53613671
 -6.06241539 -6.62979858 -7.01585993 -7.1889528  -7.20231702 -7.10957967
 -6.96436783 -6.82030857 -6.73102898 -6.73929778 -6.81483593 -6.89724428
 -6.92602952 -6.84069841 -6.6843505  -6.90311176 -7.42503963 -6.42848539
 -4.36459062 -4.38901384 -4.59489302 -4.49653921 -4.52543024 -4.6762579
 -4.85799095 -4.97959813 -4.95068905 -4.85460427 -5.64210468 -6.94959766
 -6.69807725 -6.30450721 -6.32698988 -6.51398283 -6.66349386 -6.76297675
 -6.83256642 -6.89239776 -6.96260501 -7.0542104  -7.14623662 -7.21068577
 -7.21955993 -7.14998424 -7.10821401 -7.32001022 -7.43833034 -6.42254046
 -4.80518169 -4.34657316 -4.55357153 -4.70632975 -4.77149987 -5.08600338
 -5.88398967 -6.63191989 -6.82798914 -6.67748769 -6.46513506 -6.38726662
 -6.41775533 -6.49602514 -6.57355698 -6.64235075 -6.70290876 -6.75573332
 -6.80132675 -6.84019135 -6.87282944 -6.89974333 -6.92143534 -6.93840777
 -6.95116295 -6.96020317 -6.96603076 -6.96914803 -6.97005728 -6.96926084
 -6.96726101 -6.9645601  -6.96166044 -6.95906433]
d_x_fitting=[8.61326443e-01 1.08927344e+01 2.09241424e+01 3.09555503e+01
 4.09869583e+01 5.10183663e+01 6.10497742e+01 7.10811822e+01
 8.11125902e+01 9.11439981e+01 1.01175406e+02 1.11206814e+02
 1.21238222e+02 1.31269630e+02 1.41301038e+02 1.51332446e+02
 1.61363854e+02 1.71395262e+02 1.81426670e+02 1.91458078e+02
 2.01489486e+02 2.11520894e+02 2.21552302e+02 2.31583710e+02
 2.41615118e+02 2.51646526e+02 2.61677934e+02 2.71709341e+02
 2.81740749e+02 2.91772157e+02 3.01803565e+02 3.11834973e+02
 3.21866381e+02 3.31897789e+02 3.41929197e+02 3.51960605e+02
 3.61992013e+02 3.72023421e+02 3.82054829e+02 3.92086237e+02
 4.02117645e+02 4.12149053e+02 4.22180461e+02 4.32211869e+02
 4.42243277e+02 4.52274685e+02 4.62306093e+02 4.72337501e+02
 4.82368909e+02 4.92400317e+02 5.02431725e+02 5.12463133e+02
 5.22494541e+02 5.32525949e+02 5.42557357e+02 5.52588764e+02
 5.62620172e+02 5.72651580e+02 5.82682988e+02 5.92714396e+02
 6.02745804e+02 6.12777212e+02 6.22808620e+02 6.32840028e+02
 6.42871436e+02 6.52902844e+02 6.62934252e+02 6.72965660e+02
 6.82997068e+02 6.93028476e+02 7.03059884e+02 7.13091292e+02
 7.23122700e+02 7.33154108e+02 7.43185516e+02 7.53216924e+02
 7.63248332e+02 7.73279740e+02 7.83311148e+02 7.93342556e+02
 8.03373964e+02 8.13405372e+02 8.23436780e+02 8.33468187e+02
 8.43499595e+02 8.53531003e+02 8.63562411e+02 8.73593819e+02
 8.83625227e+02 8.93656635e+02 9.03688043e+02 9.13719451e+02
 9.23750859e+02 9.33782267e+02 9.43813675e+02 9.53845083e+02
 9.63876491e+02 9.73907899e+02 9.83939307e+02 9.93970715e+02]
d_y_fitting=[ 1.34502924  1.72162755  1.91358351  1.95566274  1.88263088  1.72925356
  1.53029643  1.32052511  1.13341028  0.9764403   0.83307265  0.68586089
  0.5173586   0.31011934  0.04669667 -0.28693231 -0.66414506 -1.03168844
 -1.33584674 -1.52290427 -1.53914534 -1.33323153 -0.91437001 -0.35576489
  0.2663115   0.87558682  1.39578873  1.75347331  1.92626469  1.93611556
  1.80645258  1.61326534  1.61265973  1.43301337 -0.14404665 -1.83984518
 -2.14074381 -1.76376588 -1.53573262 -1.59315607 -1.7811927  -1.94403464
 -1.96886327 -1.86018436 -1.64380468 -1.62126819 -2.21171222 -0.89736532
  1.8718592   2.62815831  2.5924065   2.4825975   2.34266222  2.19579136
  2.0631841   1.96603965  1.92543161  1.95041228  2.02822516  2.14381018
  2.28210729  2.42802475  2.56046646  2.64177799  2.13483088 -0.31273984
 -2.24401871 -2.3025702  -2.38228468 -1.98053285 -2.05660809 -0.21146159
  2.68986198  2.47991985  2.79680567  2.86857479  2.68891505  2.46970991
  2.34916394  2.31778757  2.34846214  2.41406901  2.48748951  2.54256
  2.56914947  2.57042597  2.54995985  2.51132145  2.45808109  2.39380912
  2.32207587  2.24645168  2.17050688  2.09781181  2.03193681  1.97645221
  1.93492835  1.91093556  1.90804419  1.92982456]