
p_x=[4.3066322136089585, 132.6442721791559, 277.34711455641684, 314.3841515934539, 362.61843238587426, 401.3781223083548, 435.83118001722653, 463.39362618432386, 481.48148148148147, 499.5693367786391, 562.4461670973299, 652.0241171403962, 700.2583979328165, 751.937984496124, 826.0120585701981, 869.9397071490095, 895.7795004306632, 996.5546942291128]
p_y=[2.5882352941176467, 2.7058823529411766, 2.7058823529411766, 2.9411764705882346, 3.5294117647058822, 4.470588235294118, 3.647058823529412, 2.9411764705882346, 2.11764705882353, 1.6470588235294112, 1.6470588235294112, 1.764705882352942, 1.764705882352942, 3.647058823529412, 4.352941176470589, 4.117647058823529, 4.117647058823529, 4.352941176470589]
a_x=[3.4453057708871664, 100.7751937984496, 205.85701981050818, 259.25925925925924, 301.464254952627, 349.69853574504737, 394.4875107665805, 428.9405684754522, 456.50301464254954, 504.73729543496984, 556.4168819982773, 658.9147286821704, 707.1490094745909, 722.652885443583, 748.4926787252368, 771.7484926787253, 785.5297157622739, 807.9242032730405, 844.0999138673557, 903.5314384151594, 953.4883720930233, 995.693367786391]
a_y=[-5.204678362573098, -5.321637426900585, -5.204678362573098, -3.450292397660819, -2.8654970760233915, -2.280701754385966, -2.7485380116959064, -3.450292397660819, -4.853801169590643, -5.789473684210527, -5.6725146198830405, -5.087719298245615, -4.853801169590643, -4.619883040935672, -2.280701754385966, -1.2280701754385959, -0.8771929824561404, -0.7602339181286553, -0.8771929824561404, -3.333333333333332, -3.099415204678362, -3.099415204678362]
d_x=[0.8613264427217916, 112.8337639965547, 381.56761412575366, 582.2566752799311, 997.4160206718346]
d_y=[1.461988304093568, 1.461988304093568, 1.8128654970760234, 1.9298245614035086, 2.1637426900584797]
p_x_fitting=[  4.30663221  14.32933991  24.35204761  34.3747553   44.397463
  54.4201707   64.4428784   74.46558609  84.48829379  94.51100149
 104.53370918 114.55641688 124.57912458 134.60183228 144.62453997
 154.64724767 164.66995537 174.69266306 184.71537076 194.73807846
 204.76078616 214.78349385 224.80620155 234.82890925 244.85161694
 254.87432464 264.89703234 274.91974004 284.94244773 294.96515543
 304.98786313 315.01057082 325.03327852 335.05598622 345.07869392
 355.10140161 365.12410931 375.14681701 385.1695247  395.1922324
 405.2149401  415.2376478  425.26035549 435.28306319 445.30577089
 455.32847858 465.35118628 475.37389398 485.39660168 495.41930937
 505.44201707 515.46472477 525.48743246 535.51014016 545.53284786
 555.55555556 565.57826325 575.60097095 585.62367865 595.64638634
 605.66909404 615.69180174 625.71450944 635.73721713 645.75992483
 655.78263253 665.80534022 675.82804792 685.85075562 695.87346332
 705.89617101 715.91887871 725.94158641 735.9642941  745.9870018
 756.0097095  766.0324172  776.05512489 786.07783259 796.10054029
 806.12324798 816.14595568 826.16866338 836.19137108 846.21407877
 856.23678647 866.25949417 876.28220186 886.30490956 896.32761726
 906.35032495 916.37303265 926.39574035 936.41844805 946.44115574
 956.46386344 966.48657114 976.50927883 986.53198653 996.55469423]
p_y_fitting=[2.58823529 2.64872168 2.69721614 2.73463512 2.76189512 2.77991257
 2.78960396 2.79188575 2.78767441 2.7778864  2.76343819 2.74524624
 2.72422702 2.701297   2.67737264 2.65337042 2.63020678 2.60879821
 2.59006117 2.57491212 2.56426754 2.55904388 2.56015761 2.5685252
 2.58506312 2.61068783 2.6463158  2.69286349 2.75074071 2.81606045
 2.88277035 2.9448027  3.00189987 3.07308553 3.18137786 3.34979506
 3.60105948 3.92210058 4.23033262 4.435183   4.44789377 4.25797983
 3.96134665 3.66150447 3.43163146 3.20190531 2.86081259 2.38942434
 1.97531226 1.71900968 1.5685868  1.48849958 1.4648324  1.48427327
 1.5335102  1.5992312  1.66818104 1.7310822  1.78517653 1.82831018
 1.8583293  1.87308004 1.87040856 1.84816102 1.80418355 1.73664094
 1.65813012 1.60127367 1.60016926 1.68891457 1.89928726 2.2226194
 2.61588864 3.03498108 3.43578278 3.77478422 4.03112643 4.21289472
 4.33006124 4.39259818 4.41047769 4.39367194 4.35215312 4.29574901
 4.23373643 4.17526071 4.1294672  4.10493608 4.10279921 4.11893043
 4.14909316 4.18905084 4.23456689 4.28140472 4.32532778 4.36209947
 4.38748324 4.39724249 4.38714066 4.35294118]
a_x_fitting=[  3.44530577  13.46801347  23.49072117  33.51342886  43.53613656
  53.55884426  63.58155195  73.60425965  83.62696735  93.64967505
 103.67238274 113.69509044 123.71779814 133.74050583 143.76321353
 153.78592123 163.80862892 173.83133662 183.85404432 193.87675202
 203.89945971 213.92216741 223.94487511 233.9675828  243.9902905
 254.0129982  264.0357059  274.05841359 284.08112129 294.10382899
 304.12653668 314.14924438 324.17195208 334.19465978 344.21736747
 354.24007517 364.26278287 374.28549056 384.30819826 394.33090596
 404.35361366 414.37632135 424.39902905 434.42173675 444.44444444
 454.46715214 464.48985984 474.51256754 484.53527523 494.55798293
 504.58069063 514.60339832 524.62610602 534.64881372 544.67152142
 554.69422911 564.71693681 574.73964451 584.7623522  594.7850599
 604.8077676  614.8304753  624.85318299 634.87589069 644.89859839
 654.92130608 664.94401378 674.96672148 684.98942918 695.01213687
 705.03484457 715.05755227 725.08025996 735.10296766 745.12567536
 755.14838306 765.17109075 775.19379845 785.21650615 795.23921384
 805.26192154 815.28462924 825.30733694 835.33004463 845.35275233
 855.37546003 865.39816772 875.42087542 885.44358312 895.46629082
 905.48899851 915.51170621 925.53441391 935.5571216  945.5798293
 955.602537   965.6252447  975.64795239 985.67066009 995.69336779]
a_y_fitting=[-5.20467836 -5.02781782 -4.91267491 -4.85211203 -4.83899162 -4.86617611
 -4.9265279  -5.01290943 -5.11818311 -5.23521138 -5.35685665 -5.47598135
 -5.58544789 -5.67811871 -5.74685622 -5.78452285 -5.78398102 -5.73809315
 -5.63972167 -5.48172899 -5.25697755 -4.96163643 -4.61594859 -4.25080596
 -3.89714775 -3.58591318 -3.34693178 -3.18146565 -3.06040802 -2.9531817
 -2.82938907 -2.67733675 -2.52013624 -2.38469341 -2.29791418 -2.285873
 -2.35054954 -2.46669239 -2.60758857 -2.74652509 -2.87116993 -3.02947612
 -3.28519099 -3.69694658 -4.22807123 -4.75756576 -5.17410696 -5.46032761
 -5.64134209 -5.74247325 -5.78904393 -5.80322658 -5.79398713 -5.76683153
 -5.7272657  -5.68079557 -5.6323699  -5.58317238 -5.53282781 -5.48095602
 -5.42717686 -5.37111015 -5.31237572 -5.25059342 -5.18538307 -5.1163645
 -5.04349643 -4.97177681 -4.9100669  -4.86732642 -4.8525151  -4.83457518
 -4.47829418 -3.59642278 -2.57549716 -1.83735425 -1.42302769 -1.12861041
 -0.88271439 -0.7809286  -0.76398742 -0.73676878 -0.70820224 -0.74313559
 -0.90691191 -1.2347917  -1.67892446 -2.17722751 -2.66761817 -3.08801375
 -3.37645917 -3.49973708 -3.48959674 -3.3867109  -3.23175233 -3.0653938
 -2.92830805 -2.86116787 -2.904646   -3.0994152 ]
d_x_fitting=[8.61326443e-01 1.09275355e+01 2.09937445e+01 3.10599535e+01
 4.11261626e+01 5.11923716e+01 6.12585806e+01 7.13247897e+01
 8.13909987e+01 9.14572077e+01 1.01523417e+02 1.11589626e+02
 1.21655835e+02 1.31722044e+02 1.41788253e+02 1.51854462e+02
 1.61920671e+02 1.71986880e+02 1.82053089e+02 1.92119298e+02
 2.02185507e+02 2.12251716e+02 2.22317925e+02 2.32384134e+02
 2.42450343e+02 2.52516552e+02 2.62582761e+02 2.72648970e+02
 2.82715179e+02 2.92781388e+02 3.02847597e+02 3.12913806e+02
 3.22980015e+02 3.33046225e+02 3.43112434e+02 3.53178643e+02
 3.63244852e+02 3.73311061e+02 3.83377270e+02 3.93443479e+02
 4.03509688e+02 4.13575897e+02 4.23642106e+02 4.33708315e+02
 4.43774524e+02 4.53840733e+02 4.63906942e+02 4.73973151e+02
 4.84039360e+02 4.94105569e+02 5.04171778e+02 5.14237987e+02
 5.24304196e+02 5.34370405e+02 5.44436614e+02 5.54502823e+02
 5.64569032e+02 5.74635241e+02 5.84701450e+02 5.94767659e+02
 6.04833868e+02 6.14900077e+02 6.24966286e+02 6.35032495e+02
 6.45098705e+02 6.55164914e+02 6.65231123e+02 6.75297332e+02
 6.85363541e+02 6.95429750e+02 7.05495959e+02 7.15562168e+02
 7.25628377e+02 7.35694586e+02 7.45760795e+02 7.55827004e+02
 7.65893213e+02 7.75959422e+02 7.86025631e+02 7.96091840e+02
 8.06158049e+02 8.16224258e+02 8.26290467e+02 8.36356676e+02
 8.46422885e+02 8.56489094e+02 8.66555303e+02 8.76621512e+02
 8.86687721e+02 8.96753930e+02 9.06820139e+02 9.16886348e+02
 9.26952557e+02 9.37018766e+02 9.47084976e+02 9.57151185e+02
 9.67217394e+02 9.77283603e+02 9.87349812e+02 9.97416021e+02]
d_y_fitting=[1.4619883  1.45437249 1.44846184 1.44419038 1.44149217 1.44030125
 1.44055165 1.44217742 1.44511259 1.44929122 1.45464734 1.46111499
 1.46862822 1.47712107 1.48652757 1.49678177 1.50781772 1.51956944
 1.53197099 1.54495641 1.55845973 1.57241501 1.58675627 1.60141756
 1.61633293 1.63143641 1.64666205 1.66194389 1.67721596 1.69241232
 1.707467   1.72231404 1.73688749 1.75112139 1.76494977 1.77830668
 1.79112617 1.80334227 1.81488911 1.82572578 1.83587029 1.84534916
 1.85418891 1.86241607 1.87005715 1.87713867 1.88368716 1.88972913
 1.89529111 1.90039961 1.90508115 1.90936226 1.91326946 1.91682926
 1.92006819 1.92301276 1.9256895  1.92812493 1.93034557 1.93237793
 1.93424854 1.93598392 1.93761059 1.93915507 1.94064388 1.94210354
 1.94356057 1.94504148 1.94657281 1.94818107 1.94989279 1.95173447
 1.95373265 1.95591384 1.95830456 1.96093133 1.96382068 1.96699912
 1.97049318 1.97432937 1.97853421 1.98313423 1.98815595 1.99362588
 1.99957054 2.00601647 2.01299017 2.02051816 2.02862698 2.03734313
 2.04669314 2.05670353 2.06740081 2.07881152 2.09096216 2.10387927
 2.11758935 2.13211894 2.14749454 2.16374269]