
p_x=[1.7226528854435832, 136.95090439276487, 250.64599483204137, 304.90956072351423, 434.1085271317829, 596.8992248062015, 667.5279931093885, 692.5064599483204, 723.5142118863049, 750.2153316106804, 780.3617571059432, 806.2015503875969, 836.3479758828596, 857.0198105081827, 905.254091300603, 977.6055124892334, 993.9707149009474]
p_y=[-1.764705882352942, -1.882352941176471, 1.1764705882352935, 1.764705882352942, -1.4117647058823515, -1.0588235294117645, -0.9411764705882355, 2.0, 2.3529411764705888, 2.11764705882353, 2.11764705882353, 0.23529411764705976, -0.235294117647058, -0.117647058823529, 0.7058823529411757, 1.1764705882352935, 0.9411764705882355]
a_x=[6.029285099052541, 72.35142118863048, 105.94315245478036, 140.39621016365203, 175.71059431524546, 215.3316106804479, 241.17140396210164, 250.64599483204137, 267.87252368647717, 313.52282515073216, 363.479758828596, 395.3488372093023, 437.55383290267014, 500.4306632213609, 552.9715762273901, 588.2859603789836, 658.0534022394487, 692.5064599483204, 712.3169681309216, 747.6313522825151, 774.3324720068906, 785.5297157622739, 824.2894056847545, 872.5236864771748, 905.254091300603, 948.3204134366924, 991.3867355727821]
a_y=[-5.906432748538011, -6.023391812865498, -5.321637426900585, -3.6842105263157894, -2.7485380116959064, -2.6315789473684212, -2.8654970760233915, -2.9824561403508767, -0.4093567251461998, 0.4093567251461998, 0.9941520467836256, 1.1111111111111107, -3.099415204678362, -3.099415204678362, -2.7485380116959064, -2.6315789473684212, -2.163742690058479, 1.8128654970760234, 2.1637426900584797, 2.397660818713451, 2.397660818713451, 2.0467836257309946, -0.9941520467836256, -0.8771929824561404, -0.2923976608187129, 0.8771929824561404, 1.1111111111111107]
d_x=[1.7226528854435832, 49.09560723514212, 79.24203273040483, 156.76141257536608, 267.87252368647717, 335.0559862187769, 444.4444444444444, 504.73729543496984, 564.1688199827735, 632.213608957795, 694.229112833764, 709.7329888027563, 727.8208440999139, 798.4496124031008, 857.0198105081827, 904.3927648578812, 998.2773471145564]
d_y=[-2.514619883040936, -2.6315789473684212, -2.163742690058479, 0.1754385964912295, 2.1637426900584797, 2.6315789473684212, -0.7602339181286553, -0.9941520467836256, -0.7602339181286553, -0.4093567251461998, 2.6315789473684212, 3.2163742690058488, 3.2163742690058488, 2.280701754385966, 1.9298245614035086, 2.280701754385966, 2.397660818713451]
p_x_fitting=[  1.72265289  11.74536058  21.76806828  31.79077598  41.81348367
  51.83619137  61.85889907  71.88160677  81.90431446  91.92702216
 101.94972986 111.97243755 121.99514525 132.01785295 142.04056065
 152.06326834 162.08597604 172.10868374 182.13139143 192.15409913
 202.17680683 212.19951453 222.22222222 232.24492992 242.26763762
 252.29034531 262.31305301 272.33576071 282.3584684  292.3811761
 302.4038838  312.4265915  322.44929919 332.47200689 342.49471459
 352.51742228 362.54012998 372.56283768 382.58554538 392.60825307
 402.63096077 412.65366847 422.67637616 432.69908386 442.72179156
 452.74449926 462.76720695 472.78991465 482.81262235 492.83533004
 502.85803774 512.88074544 522.90345314 532.92616083 542.94886853
 552.97157623 562.99428392 573.01699162 583.03969932 593.06240702
 603.08511471 613.10782241 623.13053011 633.1532378  643.1759455
 653.1986532  663.2213609  673.24406859 683.26677629 693.28948399
 703.31219168 713.33489938 723.35760708 733.38031478 743.40302247
 753.42573017 763.44843787 773.47114556 783.49385326 793.51656096
 803.53926866 813.56197635 823.58468405 833.60739175 843.63009944
 853.65280714 863.67551484 873.69822254 883.72093023 893.74363793
 903.76634563 913.78905332 923.81176102 933.83446872 943.85717642
 953.87988411 963.90259181 973.92529951 983.9480072  993.9707149 ]
p_y_fitting=[-1.76470588 -2.09808576 -2.36523478 -2.56987358 -2.71572279 -2.80650304
 -2.84593496 -2.83773918 -2.78563634 -2.69334706 -2.56459197 -2.40309171
 -2.2125669  -1.99673818 -1.75932618 -1.50405153 -1.23463485 -0.95479679
 -0.66825797 -0.37873902 -0.08996057  0.19435674  0.47049228  0.73472544
  0.98333556  1.21259683  1.41694881  1.58630036  1.70987323  1.77688916
  1.7765699   1.69973758  1.55114365  1.34271165  1.08642438  0.79426467
  0.47821532  0.15025917 -0.17762099 -0.49344233 -0.78522203 -1.04097729
 -1.24872528 -1.3964832  -1.4746735  -1.48845987 -1.44858785 -1.36581351
 -1.25089295 -1.11458223 -0.96763745 -0.82081467 -0.68486999 -0.57055947
 -0.48863921 -0.44986528 -0.46499375 -0.54478072 -0.69998227 -0.94135446
 -1.27592428 -1.65854859 -2.00570212 -2.23296975 -2.25593636 -1.99018683
 -1.35130605 -0.27221757  1.02157059  2.06111905  2.51879517  2.53821701
  2.35612327  2.18010987  2.09560659  2.15442697  2.30211097  2.31363412
  1.95174966  1.2003011   0.40549174 -0.08789372 -0.25618322 -0.24827136
 -0.20275666 -0.14565295 -0.0437685   0.10621067  0.2877741   0.4840747
  0.67826538  0.85473665  1.00565026  1.12617739  1.21149575  1.25678308
  1.25721709  1.20797551  1.10423606  0.94117647]
a_x_fitting=[  6.0292851   15.98239066  25.93549622  35.88860178  45.84170734
  55.7948129   65.74791846  75.70102402  85.65412958  95.60723514
 105.5603407  115.51344626 125.46655182 135.41965738 145.37276294
 155.3258685  165.27897406 175.23207962 185.18518519 195.13829075
 205.09139631 215.04450187 224.99760743 234.95071299 244.90381855
 254.85692411 264.81002967 274.76313523 284.71624079 294.66934635
 304.62245191 314.57555747 324.52866303 334.48176859 344.43487415
 354.38797971 364.34108527 374.29419083 384.24729639 394.20040195
 404.15350751 414.10661307 424.05971863 434.01282419 443.96592975
 453.91903531 463.87214087 473.82524644 483.778352   493.73145756
 503.68456312 513.63766868 523.59077424 533.5438798  543.49698536
 553.45009092 563.40319648 573.35630204 583.3094076  593.26251316
 603.21561872 613.16872428 623.12182984 633.0749354  643.02804096
 652.98114652 662.93425208 672.88735764 682.8404632  692.79356876
 702.74667432 712.69977988 722.65288544 732.605991   742.55909656
 752.51220212 762.46530768 772.41841325 782.37151881 792.32462437
 802.27772993 812.23083549 822.18394105 832.13704661 842.09015217
 852.04325773 861.99636329 871.94946885 881.90257441 891.85567997
 901.80878553 911.76189109 921.71499665 931.66810221 941.62120777
 951.57431333 961.52741889 971.48052445 981.43363001 991.38673557]
a_y_fitting=[-5.90643275 -5.89680182 -5.92490177 -5.9726357  -6.02190675 -6.05461805
 -6.05267272 -5.99797389 -5.87242469 -5.65792823 -5.33638766 -4.90208308
 -4.40486315 -3.91016481 -3.48193487 -3.14982901 -2.90921181 -2.75395693
 -2.67469858 -2.64709994 -2.64250226 -2.63224636 -2.61370448 -2.69779142
 -3.00190933 -2.59196632 -0.92146949  0.43193075  0.98031577  0.97844342
  0.691278    0.38372338  0.25191306  0.29105587  0.45986175  0.71704063
  1.02128844  1.30366914  1.40983399  1.16898195  0.45615454 -0.59370162
 -1.7541545  -2.79867032 -3.51457195 -3.86412328 -3.9294023  -3.79482068
 -3.54479009 -3.2637222  -3.03535666 -2.90118701 -2.83609343 -2.80909162
 -2.78919723 -2.74542762 -2.66418439 -2.59208792 -2.58878875 -2.71080164
 -2.94251826 -3.19620722 -3.38100131 -3.40603335 -3.18043616 -2.61334253
 -1.62236301 -0.32919048  0.93521588  1.83038506  2.14785136  2.16343334
  2.18742882  2.25724824  2.3495208   2.44010609  2.48633739  2.42655106
  2.18576126  1.62085688  0.78756772 -0.11129295 -0.87073206 -1.31025746
 -1.43731685 -1.3463553  -1.13229107 -0.89004243 -0.69542078 -0.53333834
 -0.36170468 -0.14163714  0.12661294  0.41666851  0.70167589  0.9547814
  1.14913136  1.25787208  1.25414989  1.11111111]
d_x_fitting=[  1.72265289  11.78886192  21.85507095  31.92127998  41.98748902
  52.05369805  62.11990708  72.18611611  82.25232515  92.31853418
 102.38474321 112.45095224 122.51716128 132.58337031 142.64957934
 152.71578837 162.78199741 172.84820644 182.91441547 192.98062451
 203.04683354 213.11304257 223.1792516  233.24546064 243.31166967
 253.3778787  263.44408773 273.51029677 283.5765058  293.64271483
 303.70892386 313.7751329  323.84134193 333.90755096 343.97375999
 354.03996903 364.10617806 374.17238709 384.23859612 394.30480516
 404.37101419 414.43722322 424.50343226 434.56964129 444.63585032
 454.70205935 464.76826839 474.83447742 484.90068645 494.96689548
 505.03310452 515.09931355 525.16552258 535.23173161 545.29794065
 555.36414968 565.43035871 575.49656774 585.56277678 595.62898581
 605.69519484 615.76140388 625.82761291 635.89382194 645.96003097
 656.02624001 666.09244904 676.15865807 686.2248671  696.29107614
 706.35728517 716.4234942  726.48970323 736.55591227 746.6221213
 756.68833033 766.75453936 776.8207484  786.88695743 796.95316646
 807.01937549 817.08558453 827.15179356 837.21800259 847.28421163
 857.35042066 867.41662969 877.48283872 887.54904776 897.61525679
 907.68146582 917.74767485 927.81388389 937.88009292 947.94630195
 958.01251098 968.07872002 978.14492905 988.21113808 998.27734711]
d_y_fitting=[-2.51461988 -2.62752012 -2.69270798 -2.71040273 -2.68082363 -2.60418996
 -2.48072098 -2.31063597 -2.09419835 -1.83511472 -1.54294312 -1.22781024
 -0.8998428  -0.56916751 -0.24591106  0.05979983  0.33832896  0.58743532
  0.8105992   1.01144975  1.19361612  1.36072746  1.51641291  1.66430161
  1.80802272  1.95120537  2.09747872  2.24993184  2.40214189  2.53955504
  2.64735573  2.71072837  2.71485741  2.64492728  2.48961796  2.25734889
  1.96346153  1.62330482  1.25222769  0.86557908  0.47870793  0.10696316
 -0.23430628 -0.52975147 -0.76402349 -0.92646602 -1.02415261 -1.06834349
 -1.0702989  -1.04127907 -0.99254421 -0.93458742 -0.87509207 -0.82109841
 -0.77964665 -0.75777705 -0.76251981 -0.79369226 -0.83120293 -0.85155448
 -0.83124959 -0.74679095 -0.57468123 -0.29186389  0.10351019  0.58312211
  1.11634998  1.67257194  2.22116611  2.73131325  3.13282084  3.28534352
  3.23034825  3.1168228   2.98898783  2.85155677  2.70917965  2.56650655
  2.42818752  2.29887262  2.18308261  2.08452572  2.00659536  1.95268424
  1.92618507  1.93049049  1.96710846  2.03071465  2.11443707  2.21140371
  2.31474256  2.41758162  2.51304888  2.59427233  2.65437997  2.6864998
  2.6837598   2.63928798  2.54621232  2.39766082]