
p_x=[1.7226528854435832, 62.87683031869079, 135.22825150732126, 208.44099913867356, 340.22394487510763, 436.69250645994833, 630.4909560723514, 724.3755383290267, 871.6623600344531, 990.5254091300602]
p_y=[0.117647058823529, -0.235294117647058, -0.117647058823529, 1.764705882352942, 1.0588235294117645, 1.0588235294117645, 0.35294117647058876, 2.7058823529411766, 2.5882352941176467, 2.5882352941176467]
a_x=[3.4453057708871664, 146.42549526270457, 310.07751937984494, 442.72179155900085, 552.9715762273901, 656.3307493540051, 716.6236003445306, 877.6916451335056, 981.9121447028424]
a_y=[-5.438596491228068, -4.502923976608187, -4.619883040935672, -2.8654970760233915, -1.1111111111111107, -1.6959064327485365, -1.1111111111111107, -0.8771929824561404, -0.8771929824561404]
d_x=[2.5839793281653747, 128.33763996554694, 204.9956933677864, 352.2825150732127, 405.68475452196384, 432.3858742463393, 518.5185185185185, 589.1472868217055, 706.287683031869, 894.9181739879414, 982.7734711455641]
d_y=[-0.058479532163742576, 2.397660818713451, 2.514619883040936, -0.4093567251461998, -1.3450292397660828, 0.4093567251461998, 0.526315789473685, 0.1754385964912295, 1.8128654970760234, 1.461988304093568, 1.2280701754385976]
p_x_fitting=[  1.72265289  11.71055951  21.69846614  31.68637277  41.6742794
  51.66218603  61.65009266  71.63799929  81.62590592  91.61381254
 101.60171917 111.5896258  121.57753243 131.56543906 141.55334569
 151.54125232 161.52915895 171.51706557 181.5049722  191.49287883
 201.48078546 211.46869209 221.45659872 231.44450535 241.43241198
 251.4203186  261.40822523 271.39613186 281.38403849 291.37194512
 301.35985175 311.34775838 321.335665   331.32357163 341.31147826
 351.29938489 361.28729152 371.27519815 381.26310478 391.25101141
 401.23891803 411.22682466 421.21473129 431.20263792 441.19054455
 451.17845118 461.16635781 471.15426444 481.14217106 491.13007769
 501.11798432 511.10589095 521.09379758 531.08170421 541.06961084
 551.05751747 561.04542409 571.03333072 581.02123735 591.00914398
 600.99705061 610.98495724 620.97286387 630.9607705  640.94867712
 650.93658375 660.92449038 670.91239701 680.90030364 690.88821027
 700.8761169  710.86402353 720.85193015 730.83983678 740.82774341
 750.81565004 760.80355667 770.7914633  780.77936993 790.76727656
 800.75518318 810.74308981 820.73099644 830.71890307 840.7068097
 850.69471633 860.68262296 870.67052959 880.65843621 890.64634284
 900.63424947 910.6221561  920.61006273 930.59796936 940.58587599
 950.57378262 960.56168924 970.54959587 980.5375025  990.52540913]
p_y_fitting=[ 0.11764706  0.11355327  0.07789785  0.0184342  -0.0570843  -0.14090428
 -0.22527235 -0.30243512 -0.36463921 -0.40413124 -0.41315783 -0.38396558
 -0.30880112 -0.17991106  0.00937185  0.25142654  0.5285576   0.82285868
  1.11642344  1.39134556  1.6297187   1.81375425  1.93454564  1.99811523
  2.01191565  1.98339954  1.92001953  1.82922825  1.71847835  1.59522246
  1.46691322  1.34100326  1.22494522  1.12619174  1.05219261  1.00741399
  0.98768373  0.98727533  1.00046234  1.02151827  1.04471665  1.06433102
  1.07463489  1.0699018   1.0445463   0.99712979  0.93093435  0.8494985
  0.75636075  0.65505961  0.54913361  0.44212124  0.33756103  0.2389915
  0.14995114  0.07397849  0.01461204 -0.02460967 -0.04014815 -0.02846488
  0.01397867  0.09072099  0.20530061  0.36125582  0.55968584  0.79321482
  1.05262732  1.32870791  1.61224114  1.89401159  2.1648038   2.41540235
  2.63659179  2.81971218  2.96303923  3.0695613   3.14235671  3.18450378
  3.19908084  3.18916621  3.15783821  3.10817516  3.04325539  2.96615722
  2.87995897  2.78773897  2.69257553  2.59754699  2.50573165  2.42020786
  2.34405392  2.28034816  2.2321689   2.20259447  2.19470319  2.21157338
  2.25628336  2.33191146  2.44153599  2.58823529]
a_x_fitting=[  3.44530577  13.32880919  23.21231262  33.09581604  42.97931947
  52.86282289  62.74632631  72.62982974  82.51333316  92.39683658
 102.28034001 112.16384343 122.04734685 131.93085028 141.8143537
 151.69785712 161.58136055 171.46486397 181.34836739 191.23187082
 201.11537424 210.99887767 220.88238109 230.76588451 240.64938794
 250.53289136 260.41639478 270.29989821 280.18340163 290.06690505
 299.95040848 309.8339119  319.71741532 329.60091875 339.48442217
 349.3679256  359.25142902 369.13493244 379.01843587 388.90193929
 398.78544271 408.66894614 418.55244956 428.43595298 438.31945641
 448.20295983 458.08646325 467.96996668 477.8534701  487.73697353
 497.62047695 507.50398037 517.3874838  527.27098722 537.15449064
 547.03799407 556.92149749 566.80500091 576.68850434 586.57200776
 596.45551118 606.33901461 616.22251803 626.10602145 635.98952488
 645.8730283  655.75653173 665.64003515 675.52353857 685.407042
 695.29054542 705.17404884 715.05755227 724.94105569 734.82455911
 744.70806254 754.59156596 764.47506938 774.35857281 784.24207623
 794.12557966 804.00908308 813.8925865  823.77608993 833.65959335
 843.54309677 853.4266002  863.31010362 873.19360704 883.07711047
 892.96061389 902.84411731 912.72762074 922.61112416 932.49462759
 942.37813101 952.26163443 962.14513786 972.02864128 981.9121447 ]
a_y_fitting=[-5.43859649 -5.26707068 -5.11608196 -4.98450689 -4.871222   -4.77510386
 -4.695029   -4.62987398 -4.57851534 -4.53982964 -4.51269343 -4.49598324
 -4.48857564 -4.48934718 -4.49717439 -4.51093383 -4.52950205 -4.55175559
 -4.57657101 -4.60282486 -4.62939368 -4.65515402 -4.67898244 -4.69975548
 -4.71634968 -4.72764161 -4.73250781 -4.72982482 -4.71846919 -4.69731749
 -4.66524624 -4.62113201 -4.56406965 -4.49409423 -4.41149395 -4.31655699
 -4.20957154 -4.09082576 -3.96060785 -3.819206   -3.66690838 -3.50400317
 -3.33077857 -3.14752275 -2.95452389 -2.75219455 -2.54318904 -2.33210574
 -2.12360745 -1.922357   -1.73301717 -1.56025079 -1.40872066 -1.28308959
 -1.18802039 -1.12817586 -1.10808084 -1.12688555 -1.1767519  -1.24937408
 -1.33644633 -1.42966284 -1.52071784 -1.60130553 -1.66312013 -1.69785585
 -1.6972069  -1.65542846 -1.57897429 -1.47792621 -1.36236667 -1.2423781
 -1.12804296 -1.02832981 -0.94499082 -0.87690236 -0.82293338 -0.78195282
 -0.75282962 -0.73443272 -0.72563108 -0.72529364 -0.73228933 -0.74548711
 -0.76375591 -0.78596469 -0.81098237 -0.83767792 -0.86492027 -0.89157836
 -0.91652115 -0.93861756 -0.95673656 -0.96974708 -0.97651806 -0.97591845
 -0.96681719 -0.94808324 -0.91858552 -0.87719298]
d_x_fitting=[  2.58397933  12.48488329  22.38578724  32.2866912   42.18759516
  52.08849912  61.98940307  71.89030703  81.79121099  91.69211495
 101.59301891 111.49392286 121.39482682 131.29573078 141.19663474
 151.09753869 160.99844265 170.89934661 180.80025057 190.70115453
 200.60205848 210.50296244 220.4038664  230.30477036 240.20567431
 250.10657827 260.00748223 269.90838619 279.80929015 289.7101941
 299.61109806 309.51200202 319.41290598 329.31380993 339.21471389
 349.11561785 359.01652181 368.91742576 378.81832972 388.71923368
 398.62013764 408.5210416  418.42194555 428.32284951 438.22375347
 448.12465743 458.02556138 467.92646534 477.8273693  487.72827326
 497.62917722 507.53008117 517.43098513 527.33188909 537.23279305
 547.133697   557.03460096 566.93550492 576.83640888 586.73731284
 596.63821679 606.53912075 616.44002471 626.34092867 636.24183262
 646.14273658 656.04364054 665.9445445  675.84544846 685.74635241
 695.64725637 705.54816033 715.44906429 725.34996824 735.2508722
 745.15177616 755.05268012 764.95358408 774.85448803 784.75539199
 794.65629595 804.55719991 814.45810386 824.35900782 834.25991178
 844.16081574 854.06171969 863.96262365 873.86352761 883.76443157
 893.66533553 903.56623948 913.46714344 923.3680474  933.26895136
 943.16985531 953.07075927 962.97166323 972.87256719 982.77347115]
d_y_fitting=[-0.05847953  0.25788907  0.5512647   0.82219996  1.07124745  1.29895977
  1.50588953  1.69258932  1.85961175  2.00750943  2.13683494  2.2481409
  2.34197992  2.41890458  2.47946749  2.52422126  2.55371848  2.56851177
  2.56915371  2.55619692  2.530194    2.4916291   2.43976136  2.37279214
  2.28888808  2.18621581  2.06294195  1.91723315  1.74725602  1.55117719
  1.3271633   1.07338097  0.78799684  0.46917754  0.11508968 -0.27610009
 -0.70227879 -1.11762979 -1.44913911 -1.6233823  -1.56693491 -1.20750751
 -0.57106474  0.14367421  0.72890279  1.10862453  1.31111471  1.36749791
  1.30889871  1.16644172  0.97125152  0.7544527   0.54716985  0.37660752
  0.24811994  0.15949327  0.1085063   0.09293782  0.11056662  0.1591715
  0.2363859   0.3386058   0.46160143  0.60113817  0.75298142  0.91289656
  1.07664899  1.24000409  1.39872726  1.54858389  1.68533936  1.80475907
  1.9033473   1.98130893  2.04000494  2.0807967   2.10504556  2.1141129
  2.10936007  2.09214845  2.06383939  2.02579427  1.97937444  1.92594127
  1.86685614  1.80348039  1.73717539  1.66930252  1.60122313  1.53429859
  1.46989027  1.40935952  1.35406772  1.30537623  1.26464641  1.23323963
  1.21251725  1.20384064  1.20857116  1.22807018]