
p_x=[1.7226528854435832, 112.8337639965547, 146.42549526270457, 239.44875107665806, 998.2773471145564]
p_y=[-1.0588235294117645, -1.1764705882352935, -1.2941176470588225, -1.5294117647058805, -1.647058823529413]
a_x=[2.5839793281653747, 68.04478897502153, 192.0757967269595, 997.4160206718346]
a_y=[-6.140350877192983, -6.257309941520468, -6.257309941520468, -5.087719298245615]
d_x=[0.8613264427217916, 161.92937123169682, 311.80017226528855, 995.693367786391]
d_y=[1.3450292397660828, 1.461988304093568, 1.461988304093568, 0.8771929824561404]
p_x_fitting=[  1.72265289  11.78886192  21.85507095  31.92127998  41.98748902
  52.05369805  62.11990708  72.18611611  82.25232515  92.31853418
 102.38474321 112.45095224 122.51716128 132.58337031 142.64957934
 152.71578837 162.78199741 172.84820644 182.91441547 192.98062451
 203.04683354 213.11304257 223.1792516  233.24546064 243.31166967
 253.3778787  263.44408773 273.51029677 283.5765058  293.64271483
 303.70892386 313.7751329  323.84134193 333.90755096 343.97375999
 354.03996903 364.10617806 374.17238709 384.23859612 394.30480516
 404.37101419 414.43722322 424.50343226 434.56964129 444.63585032
 454.70205935 464.76826839 474.83447742 484.90068645 494.96689548
 505.03310452 515.09931355 525.16552258 535.23173161 545.29794065
 555.36414968 565.43035871 575.49656774 585.56277678 595.62898581
 605.69519484 615.76140388 625.82761291 635.89382194 645.96003097
 656.02624001 666.09244904 676.15865807 686.2248671  696.29107614
 706.35728517 716.4234942  726.48970323 736.55591227 746.6221213
 756.68833033 766.75453936 776.8207484  786.88695743 796.95316646
 807.01937549 817.08558453 827.15179356 837.21800259 847.28421163
 857.35042066 867.41662969 877.48283872 887.54904776 897.61525679
 907.68146582 917.74767485 927.81388389 937.88009292 947.94630195
 958.01251098 968.07872002 978.14492905 988.21113808 998.27734711]
p_y_fitting=[-1.05882353 -1.03205063 -1.01546278 -1.00815473 -1.00922128 -1.01775718
 -1.03285722 -1.05361617 -1.0791288  -1.10848987 -1.14079418 -1.17513648
 -1.21061156 -1.24631418 -1.28133912 -1.31481974 -1.34641334 -1.37615498
 -1.40408805 -1.43025593 -1.45470202 -1.4774697  -1.49860237 -1.51814341
 -1.53613622 -1.55262418 -1.56765068 -1.58125911 -1.59349286 -1.60439532
 -1.61400988 -1.62237993 -1.62954886 -1.63556006 -1.64045691 -1.64428282
 -1.64708115 -1.64889532 -1.6497687  -1.64974468 -1.64886666 -1.64717802
 -1.64472215 -1.64154245 -1.6376823  -1.63318509 -1.62809421 -1.62245305
 -1.616305   -1.60969345 -1.60266179 -1.59525341 -1.58751169 -1.57948003
 -1.57120182 -1.56272044 -1.55407929 -1.54532175 -1.53649122 -1.52763108
 -1.51878472 -1.50999553 -1.50130691 -1.49276224 -1.48440491 -1.4762783
 -1.46842582 -1.46089085 -1.45371677 -1.44694699 -1.44062488 -1.43479383
 -1.42949725 -1.42477851 -1.420681   -1.41724812 -1.41452325 -1.41254978
 -1.41137111 -1.41103062 -1.4115717  -1.41303775 -1.41547214 -1.41891827
 -1.42341954 -1.42901932 -1.43576101 -1.443688   -1.45284367 -1.46327142
 -1.47501464 -1.48811671 -1.50262103 -1.51857098 -1.53600996 -1.55498135
 -1.57552854 -1.59769492 -1.62152389 -1.64705882]
a_x_fitting=[  2.58397933  12.63278783  22.68159633  32.73040482  42.77921332
  52.82802182  62.87683032  72.92563882  82.97444732  93.02325581
 103.07206431 113.12087281 123.16968131 133.21848981 143.26729831
 153.3161068  163.3649153  173.4137238  183.4625323  193.5113408
 203.5601493  213.6089578  223.65776629 233.70657479 243.75538329
 253.80419179 263.85300029 273.90180879 283.95061728 293.99942578
 304.04823428 314.09704278 324.14585128 334.19465978 344.24346827
 354.29227677 364.34108527 374.38989377 384.43870227 394.48751077
 404.53631927 414.58512776 424.63393626 434.68274476 444.73155326
 454.78036176 464.82917026 474.87797875 484.92678725 494.97559575
 505.02440425 515.07321275 525.12202125 535.17082974 545.21963824
 555.26844674 565.31725524 575.36606374 585.41487224 595.46368073
 605.51248923 615.56129773 625.61010623 635.65891473 645.70772323
 655.75653173 665.80534022 675.85414872 685.90295722 695.95176572
 706.00057422 716.04938272 726.09819121 736.14699971 746.19580821
 756.24461671 766.29342521 776.34223371 786.3910422  796.4398507
 806.4886592  816.5374677  826.5862762  836.6350847  846.6838932
 856.73270169 866.78151019 876.83031869 886.87912719 896.92793569
 906.97674419 917.02555268 927.07436118 937.12316968 947.17197818
 957.22078668 967.26959518 977.31840367 987.36721217 997.41602067]
a_y_fitting=[-6.14035088 -6.16434544 -6.18607677 -6.20559302 -6.22294231 -6.2381728
 -6.25133262 -6.26246991 -6.27163281 -6.27886948 -6.28422803 -6.28775663
 -6.2895034  -6.28951648 -6.28784403 -6.28453418 -6.27963507 -6.27319484
 -6.26526163 -6.25588359 -6.24510885 -6.23298555 -6.21956184 -6.20488585
 -6.18900574 -6.17196963 -6.15382567 -6.134622   -6.11440676 -6.09322809
 -6.07113413 -6.04817303 -6.02439292 -5.99984195 -5.97456825 -5.94861996
 -5.92204524 -5.89489221 -5.86720902 -5.83904381 -5.81044471 -5.78145989
 -5.75213746 -5.72252557 -5.69267237 -5.662626   -5.63243458 -5.60214628
 -5.57180922 -5.54147155 -5.51118141 -5.48098693 -5.45093627 -5.42107756
 -5.39145894 -5.36212855 -5.33313453 -5.30452503 -5.27634819 -5.24865214
 -5.22148502 -5.19489499 -5.16893017 -5.14363871 -5.11906876 -5.09526844
 -5.0722859  -5.05016929 -5.02896674 -5.00872639 -4.98949639 -4.97132487
 -4.95425998 -4.93834986 -4.92364265 -4.91018648 -4.8980295  -4.88721986
 -4.87780568 -4.86983512 -4.86335631 -4.8584174  -4.85506652 -4.85335181
 -4.85332142 -4.85502349 -4.85850616 -4.86381756 -4.87100585 -4.88011915
 -4.89120562 -4.90431339 -4.9194906  -4.93678539 -4.95624591 -4.97792029
 -5.00185668 -5.02810322 -5.05670805 -5.0877193 ]
d_x_fitting=[8.61326443e-01 1.09101349e+01 2.09589434e+01 3.10077519e+01
 4.10565604e+01 5.11053689e+01 6.11541774e+01 7.12029859e+01
 8.12517944e+01 9.13006029e+01 1.01349411e+02 1.11398220e+02
 1.21447028e+02 1.31495837e+02 1.41544645e+02 1.51593454e+02
 1.61642262e+02 1.71691071e+02 1.81739879e+02 1.91788688e+02
 2.01837496e+02 2.11886305e+02 2.21935113e+02 2.31983922e+02
 2.42032730e+02 2.52081539e+02 2.62130347e+02 2.72179156e+02
 2.82227964e+02 2.92276773e+02 3.02325581e+02 3.12374390e+02
 3.22423198e+02 3.32472007e+02 3.42520815e+02 3.52569624e+02
 3.62618432e+02 3.72667241e+02 3.82716049e+02 3.92764858e+02
 4.02813666e+02 4.12862475e+02 4.22911283e+02 4.32960092e+02
 4.43008900e+02 4.53057709e+02 4.63106517e+02 4.73155326e+02
 4.83204134e+02 4.93252943e+02 5.03301751e+02 5.13350560e+02
 5.23399368e+02 5.33448177e+02 5.43496985e+02 5.53545794e+02
 5.63594602e+02 5.73643411e+02 5.83692219e+02 5.93741028e+02
 6.03789836e+02 6.13838645e+02 6.23887453e+02 6.33936262e+02
 6.43985070e+02 6.54033879e+02 6.64082687e+02 6.74131496e+02
 6.84180304e+02 6.94229113e+02 7.04277921e+02 7.14326730e+02
 7.24375538e+02 7.34424347e+02 7.44473155e+02 7.54521964e+02
 7.64570772e+02 7.74619581e+02 7.84668389e+02 7.94717198e+02
 8.04766006e+02 8.14814815e+02 8.24863623e+02 8.34912432e+02
 8.44961240e+02 8.55010049e+02 8.65058857e+02 8.75107666e+02
 8.85156474e+02 8.95205283e+02 9.05254091e+02 9.15302900e+02
 9.25351708e+02 9.35400517e+02 9.45449325e+02 9.55498134e+02
 9.65546942e+02 9.75595751e+02 9.85644559e+02 9.95693368e+02]
d_y_fitting=[1.34502924 1.35647134 1.36732431 1.37759618 1.38729495 1.39642865
 1.40500529 1.41303288 1.42051945 1.42747299 1.43390155 1.43981311
 1.44521571 1.45011736 1.45452607 1.45844986 1.46189675 1.46487475
 1.46739187 1.46945613 1.47107555 1.47225815 1.47301193 1.47334491
 1.47326512 1.47278055 1.47189924 1.4706292  1.46897843 1.46695497
 1.46456681 1.46182199 1.45872851 1.45529438 1.45152763 1.44743628
 1.44302832 1.43831179 1.4332947  1.42798506 1.42239089 1.4165202
 1.41038101 1.40398133 1.39732919 1.39043259 1.38329955 1.37593809
 1.36835622 1.36056196 1.35256332 1.34436832 1.33598498 1.32742131
 1.31868532 1.30978504 1.30072847 1.29152363 1.28217855 1.27270122
 1.26309968 1.25338193 1.24355599 1.23362987 1.2236116  1.21350918
 1.20333064 1.19308399 1.18277723 1.1724184  1.1620155  1.15157656
 1.14110957 1.13062257 1.12012357 1.10962058 1.09912162 1.0886347
 1.07816784 1.06772905 1.05732636 1.04696777 1.0366613  1.02641497
 1.01623679 1.00613478 0.99611695 0.98619132 0.97636591 0.96664873
 0.95704779 0.94757111 0.93822672 0.92902261 0.91996681 0.91106734
 0.9023322  0.89376942 0.88538701 0.87719298]