
p_x=[1.7226528854435832, 27.56244616709733, 55.98621877691645, 85.27131782945736, 111.1111111111111, 129.19896640826872, 152.45478036175712, 182.6012058570198, 215.3316106804479, 236.8647717484927, 270.4565030146425, 291.98966408268734, 346.2532299741602, 409.130060292851, 472.0068906115418, 518.5185185185185, 552.1102497846684, 618.4323858742463, 665.8053402239449, 744.1860465116279, 800.1722652885444, 843.238587424634, 996.5546942291128]
p_y=[-1.1764705882352935, -1.4117647058823515, -1.1764705882352935, -1.1764705882352935, -1.0588235294117645, 0.23529411764705976, 0.5882352941176467, 1.1764705882352935, 1.1764705882352935, 0.8235294117647065, -0.5882352941176467, -1.764705882352942, -2.0, -1.647058823529413, -1.882352941176471, -1.882352941176471, 0.47058823529411775, 0.35294117647058876, -2.7058823529411757, -2.4705882352941178, -2.4705882352941178, -2.7058823529411757, -2.5882352941176467]
a_x=[2.5839793281653747, 51.67958656330749, 109.38845822566753, 156.76141257536608, 180.87855297157623, 207.57967269595176, 242.03273040482344, 285.099052540913, 294.57364341085275, 309.21619293712314, 338.5012919896641, 402.2394487510766, 496.1240310077519, 512.4892334194659, 533.161068044789, 559.0008613264428, 602.928509905254, 637.3815676141257, 649.4401378122309, 663.2213608957795, 689.922480620155, 718.3462532299742, 739.0180878552973, 764.8578811369508, 820.8440999138674, 845.8225667527993, 940.5684754521964, 991.3867355727821]
a_y=[-6.725146198830409, -6.491228070175438, -6.6081871345029235, -6.257309941520468, -3.6842105263157894, -3.450292397660819, -3.2163742690058488, -3.5672514619883025, -4.619883040935672, -5.204678362573098, -5.204678362573098, -5.321637426900585, -5.204678362573098, -5.204678362573098, -2.6315789473684212, -2.0467836257309955, -2.514619883040936, -2.397660818713449, -2.514619883040936, -4.970760233918128, -4.853801169590643, -4.970760233918128, -4.853801169590643, -2.397660818713449, -2.397660818713449, -2.397660818713449, -2.0467836257309955, -2.163742690058479]
d_x=[5.167958656330749, 110.24978466838932, 164.51335055986218, 198.10508182601205, 268.73385012919897, 322.99741602067184, 382.4289405684754, 414.2980189491817, 463.39362618432386, 510.76658053402235, 547.8036175710595, 602.0671834625323, 670.9732988802756, 709.7329888027563, 820.8440999138674, 995.693367786391]
d_y=[-0.9941520467836256, -0.8771929824561404, 0.1754385964912295, 1.9298245614035086, 1.9298245614035086, -0.6432748538011701, -0.7602339181286553, -0.7602339181286553, -0.4093567251461998, 0.058479532163742576, 0.9941520467836256, 1.2280701754385976, 1.3450292397660828, 1.2280701754385976, 1.2280701754385976, 0.9941520467836256]
p_x_fitting=[  1.72265289  11.77146138  21.82026988  31.86907838  41.91788688
  51.96669538  62.01550388  72.06431237  82.11312087  92.16192937
 102.21073787 112.25954637 122.30835487 132.35716336 142.40597186
 152.45478036 162.50358886 172.55239736 182.60120586 192.65001436
 202.69882285 212.74763135 222.79643985 232.84524835 242.89405685
 252.94286535 262.99167384 273.04048234 283.08929084 293.13809934
 303.18690784 313.23571634 323.28452483 333.33333333 343.38214183
 353.43095033 363.47975883 373.52856733 383.57737583 393.62618432
 403.67499282 413.72380132 423.77260982 433.82141832 443.87022682
 453.91903531 463.96784381 474.01665231 484.06546081 494.11426931
 504.16307781 514.2118863  524.2606948  534.3095033  544.3583118
 554.4071203  564.4559288  574.5047373  584.55354579 594.60235429
 604.65116279 614.69997129 624.74877979 634.79758829 644.84639678
 654.89520528 664.94401378 674.99282228 685.04163078 695.09043928
 705.13924777 715.18805627 725.23686477 735.28567327 745.33448177
 755.38329027 765.43209877 775.48090726 785.52971576 795.57852426
 805.62733276 815.67614126 825.72494976 835.77375825 845.82256675
 855.87137525 865.92018375 875.96899225 886.01780075 896.06660924
 906.11541774 916.16422624 926.21303474 936.26184324 946.31065174
 956.35946024 966.40826873 976.45707723 986.50588573 996.55469423]
p_y_fitting=[-1.17647059 -1.35935938 -1.41923678 -1.39129114 -1.31071079 -1.21268407
 -1.13211796 -1.09970936 -1.14291428 -1.27236814 -1.31699539 -0.99455772
 -0.24226329  0.37794687  0.55843519  0.58823529  0.73589665  0.96819686
  1.17647059  1.27544752  1.27343751  1.20214546  1.08850324  0.91689472
  0.65108704  0.28045146 -0.18577821 -0.73748842 -1.32294091 -1.81117062
 -2.10491247 -2.22829268 -2.22692099 -2.14640716 -2.03236094 -1.92739224
 -1.84464048 -1.78051796 -1.73124498 -1.69304185 -1.66212887 -1.63493346
 -1.61376232 -1.60749725 -1.6253669  -1.67659993 -1.77042499 -1.91594653
 -2.09594095 -2.2344433  -2.24754049 -2.05131946 -1.5696292  -0.85669704
 -0.07493397  0.61032789  1.08723878  1.35414365  1.42297775  1.30567634
  1.01417469  0.56040805 -0.04104236 -0.74015997 -1.4616306  -2.12959416
 -2.66819055 -3.01580544 -3.18459721 -3.2105327  -3.12959051 -2.97774924
 -2.79098748 -2.60528381 -2.45660473 -2.36974143 -2.33763514 -2.34759033
 -2.38691148 -2.44290306 -2.50319268 -2.56153354 -2.6171562  -2.66948417
 -2.71794094 -2.76195004 -2.80093496 -2.83431921 -2.86152631 -2.88197976
 -2.89510307 -2.90031975 -2.8970533  -2.88472723 -2.86276505 -2.83059027
 -2.7876264  -2.73329694 -2.6670254  -2.58823529]
a_x_fitting=[  2.58397933  12.57188596  22.55979259  32.54769921  42.53560584
  52.52351247  62.5114191   72.49932573  82.48723236  92.47513899
 102.46304562 112.45095224 122.43885887 132.4267655  142.41467213
 152.40257876 162.39048539 172.37839202 182.36629865 192.35420527
 202.3421119  212.33001853 222.31792516 232.30583179 242.29373842
 252.28164505 262.26955168 272.2574583  282.24536493 292.23327156
 302.22117819 312.20908482 322.19699145 332.18489808 342.17280471
 352.16071133 362.14861796 372.13652459 382.12443122 392.11233785
 402.10024448 412.08815111 422.07605773 432.06396436 442.05187099
 452.03977762 462.02768425 472.01559088 482.00349751 491.99140414
 501.97931076 511.96721739 521.95512402 531.94303065 541.93093728
 551.91884391 561.90675054 571.89465717 581.88256379 591.87047042
 601.85837705 611.84628368 621.83419031 631.82209694 641.81000357
 651.7979102  661.78581682 671.77372345 681.76163008 691.74953671
 701.73744334 711.72534997 721.7132566  731.70116323 741.68906985
 751.67697648 761.66488311 771.65278974 781.64069637 791.628603
 801.61650963 811.60441626 821.59232288 831.58022951 841.56813614
 851.55604277 861.5439494  871.53185603 881.51976266 891.50766929
 901.49557591 911.48348254 921.47138917 931.4592958  941.44720243
 951.43510906 961.42301569 971.41092232 981.39882894 991.38673557]
a_y_fitting=[-6.7251462  -6.75378848 -6.72796612 -6.66365621 -6.57683582 -6.48348203
 -6.39957194 -6.34108262 -6.32399116 -6.36427464 -6.47791013 -6.68011432
 -6.93030243 -7.09497505 -7.03183924 -6.59860212 -5.67351503 -4.49135573
 -3.58839386 -3.29249745 -3.36957759 -3.50201427 -3.5226622  -3.42473797
 -3.20925637 -2.91212328 -2.69829326 -2.76254949 -3.29967514 -4.38303197
 -5.07236015 -5.22885642 -5.24994907 -5.22216694 -5.20080548 -5.21346657
 -5.24856499 -5.29154652 -5.32785696 -5.34294209 -5.3222477  -5.25646652
 -5.15817534 -5.04565548 -4.93718829 -4.85105511 -4.8055373  -4.81891619
 -4.90947313 -5.09548947 -5.36552655 -5.23827221 -4.1348232  -2.76430666
 -2.04930846 -1.95158419 -2.0897726  -2.21706976 -2.32118068 -2.41325402
 -2.50443841 -2.59563009 -2.63104858 -2.53543678 -2.26806539 -2.82964729
 -4.74205626 -5.60218746 -5.30559116 -4.78260449 -4.65417063 -4.81211333
 -5.04346114 -5.09942532 -4.67875037 -3.73099399 -2.67878001 -1.96455228
 -1.68278475 -1.71150563 -1.92548073 -2.19947588 -2.40827094 -2.46801569
 -2.4271966  -2.3583528  -2.29492033 -2.23811016 -2.18817177 -2.14535466
 -2.10990833 -2.08208226 -2.06212596 -2.05028891 -2.04682062 -2.05197057
 -2.06598825 -2.08912317 -2.12162482 -2.16374269]
d_x_fitting=[  5.16795866  15.17326582  25.17857298  35.18388015  45.18918731
  55.19449447  65.19980163  75.2051088   85.21041596  95.21572312
 105.22103029 115.22633745 125.23164461 135.23695177 145.24225894
 155.2475661  165.25287326 175.25818043 185.26348759 195.26879475
 205.27410191 215.27940908 225.28471624 235.2900234  245.29533057
 255.30063773 265.30594489 275.31125206 285.31655922 295.32186638
 305.32717354 315.33248071 325.33778787 335.34309503 345.3484022
 355.35370936 365.35901652 375.36432368 385.36963085 395.37493801
 405.38024517 415.38555234 425.3908595  435.39616666 445.40147383
 455.40678099 465.41208815 475.41739531 485.42270248 495.42800964
 505.4333168  515.43862397 525.44393113 535.44923829 545.45454545
 555.45985262 565.46515978 575.47046694 585.47577411 595.48108127
 605.48638843 615.4916956  625.49700276 635.50230992 645.50761708
 655.51292425 665.51823141 675.52353857 685.52884574 695.5341529
 705.53946006 715.54476722 725.55007439 735.55538155 745.56068871
 755.56599588 765.57130304 775.5766102  785.58191736 795.58722453
 805.59253169 815.59783885 825.60314602 835.60845318 845.61376034
 855.61906751 865.62437467 875.62968183 885.63498899 895.64029616
 905.64560332 915.65091048 925.65621765 935.66152481 945.66683197
 955.67213913 965.6774463  975.68275346 985.68806062 995.69336779]
d_y_fitting=[-0.99415205 -0.75954791 -0.61185667 -0.53700737 -0.52092906 -0.5495508
 -0.60880163 -0.68461061 -0.76290679 -0.82961922 -0.87067695 -0.87200904
 -0.81954453 -0.69921247 -0.49694193 -0.19866194  0.20969237  0.72358507
  1.27880288  1.79918859  2.21343795  2.49755633  2.65423922  2.68648264
  2.5972826   2.38963512  2.0665362   1.63321515  1.12175674  0.58200596
  0.06412394 -0.38172824 -0.70557331 -0.88368946 -0.94565761 -0.92751817
 -0.86531158 -0.79507824 -0.75257675 -0.75064732 -0.762638   -0.75799882
 -0.71615938 -0.64545843 -0.55943941 -0.47164573 -0.39557234 -0.33465747
 -0.27001066 -0.17973704 -0.04194174  0.16410879  0.4277882   0.7042861
  0.94706469  1.11458667  1.20669691  1.24367292  1.24593663  1.23390999
  1.22783996  1.23808292  1.26000482  1.28772105  1.31534698  1.33699801
  1.34678951  1.33904846  1.31418172  1.27943766  1.24242924  1.21049735
  1.18658658  1.17008284  1.16026977  1.15643107  1.15785038  1.16381139
  1.17359777  1.18649319  1.20178131  1.21874581  1.23667036  1.25483863
  1.27253429  1.28904101  1.30364246  1.31562231  1.32426424  1.32885191
  1.32866899  1.32299916  1.31112609  1.29233344  1.26590489  1.2311241
  1.18727475  1.13364052  1.06950506  0.99415205]