
p_x=[1.7226528854435832, 102.4978466838932, 341.94659776055124, 748.4926787252368, 999.1386735572783]
p_y=[-1.0588235294117645, -1.4117647058823515, -0.8235294117647047, -1.0588235294117645, -1.0588235294117645]
a_x=[4.3066322136089585, 97.32988802756245, 160.2067183462532, 204.1343669250646, 228.25150732127477, 272.17915590008613, 312.66149870801036, 343.66925064599485, 496.1240310077519, 534.8837209302325, 550.3875968992248, 590.869939707149, 644.2721791559001, 770.0258397932816, 801.0335917312663, 902.6701119724376, 993.9707149009474]
a_y=[-5.906432748538011, -5.438596491228068, -5.789473684210527, -6.023391812865498, -4.269005847953215, -3.099415204678362, -3.099415204678362, -3.099415204678362, -5.204678362573098, -4.853801169590643, -2.9824561403508767, -3.2163742690058488, -5.321637426900585, -5.555555555555555, -4.035087719298245, -3.6842105263157894, -4.035087719298245]
d_x=[4.3066322136089585, 80.96468561584841, 152.45478036175712, 182.6012058570198, 207.57967269595176, 223.083548664944, 262.70456503014645, 322.13608957795003, 447.0284237726098, 495.2627045650301, 537.4677002583979, 559.0008613264428, 596.0378983634797, 647.7174849267873, 731.2661498708011, 830.318690783807, 997.4160206718346]
d_y=[1.8128654970760234, 1.8128654970760234, 1.6959064327485383, 1.578947368421053, 1.461988304093568, 2.8654970760233924, 2.9824561403508776, 3.2163742690058488, 2.6315789473684212, 1.9298245614035086, 1.2280701754385976, 3.0994152046783627, 3.6842105263157894, 2.1637426900584797, 2.280701754385966, 2.514619883040936, 1.9298245614035086]
p_x_fitting=[  1.72265289  11.79756219  21.87247148  31.94738078  42.02229008
  52.09719938  62.17210868  72.24701798  82.32192728  92.39683658
 102.47174588 112.54665518 122.62156448 132.69647378 142.77138308
 152.84629238 162.92120168 172.99611098 183.07102028 193.14592958
 203.22083888 213.29574818 223.37065748 233.44556678 243.52047608
 253.59538538 263.67029468 273.74520398 283.82011328 293.89502258
 303.96993188 314.04484118 324.11975048 334.19465978 344.26956908
 354.34447838 364.41938768 374.49429697 384.56920627 394.64411557
 404.71902487 414.79393417 424.86884347 434.94375277 445.01866207
 455.09357137 465.16848067 475.24338997 485.31829927 495.39320857
 505.46811787 515.54302717 525.61793647 535.69284577 545.76775507
 555.84266437 565.91757367 575.99248297 586.06739227 596.14230157
 606.21721087 616.29212017 626.36702947 636.44193877 646.51684807
 656.59175737 666.66666667 676.74157597 686.81648527 696.89139457
 706.96630387 717.04121317 727.11612246 737.19103176 747.26594106
 757.34085036 767.41575966 777.49066896 787.56557826 797.64048756
 807.71539686 817.79030616 827.86521546 837.94012476 848.01503406
 858.08994336 868.16485266 878.23976196 888.31467126 898.38958056
 908.46448986 918.53939916 928.61430846 938.68921776 948.76412706
 958.83903636 968.91394566 978.98885496 989.06376426 999.13867356]
p_y_fitting=[-1.05882353 -1.12574528 -1.18479057 -1.23627734 -1.28052351 -1.31784702
 -1.34856578 -1.37299773 -1.39146079 -1.4042729  -1.41175198 -1.41421596
 -1.41198277 -1.40537033 -1.39469658 -1.38027944 -1.36243684 -1.3414867
 -1.31774697 -1.29153555 -1.26317039 -1.23296942 -1.20125055 -1.16833171
 -1.13453084 -1.10016587 -1.06555471 -1.03101531 -0.99686558 -0.96342346
 -0.93100687 -0.89993374 -0.870522   -0.84308958 -0.8179536  -0.79531165
 -0.77511645 -0.75729069 -0.74175706 -0.72843826 -0.71725699 -0.70813594
 -0.70099781 -0.69576529 -0.69236109 -0.6907079  -0.69072841 -0.69234532
 -0.69548132 -0.70005913 -0.70600142 -0.71323089 -0.72167025 -0.73124219
 -0.7418694  -0.75347458 -0.76598043 -0.77930965 -0.79338492 -0.80812895
 -0.82346443 -0.83931406 -0.85560054 -0.87224656 -0.88917481 -0.906308
 -0.92356882 -0.94087996 -0.95816413 -0.97534402 -0.99234232 -1.00908173
 -1.02548496 -1.04147468 -1.05697361 -1.07190443 -1.08618985 -1.09975255
 -1.11251524 -1.12440061 -1.13533136 -1.14523019 -1.15401978 -1.16162285
 -1.16796207 -1.17296016 -1.1765398  -1.17862369 -1.17913454 -1.17799502
 -1.17512785 -1.17045571 -1.16390131 -1.15538734 -1.1448365  -1.13217147
 -1.11731497 -1.10018968 -1.0807183  -1.05882353]
a_x_fitting=[  4.30663221  14.30323911  24.29984601  34.2964529   44.2930598
  54.28966669  64.28627359  74.28288048  84.27948738  94.27609428
 104.27270117 114.26930807 124.26591496 134.26252186 144.25912876
 154.25573565 164.25234255 174.24894944 184.24555634 194.24216323
 204.23877013 214.23537703 224.23198392 234.22859082 244.22519771
 254.22180461 264.21841151 274.2150184  284.2116253  294.20823219
 304.20483909 314.20144598 324.19805288 334.19465978 344.19126667
 354.18787357 364.18448046 374.18108736 384.17769426 394.17430115
 404.17090805 414.16751494 424.16412184 434.16072873 444.15733563
 454.15394253 464.15054942 474.14715632 484.14376321 494.14037011
 504.13697701 514.1335839  524.1301908  534.12679769 544.12340459
 554.12001148 564.11661838 574.11322528 584.10983217 594.10643907
 604.10304596 614.09965286 624.09625976 634.09286665 644.08947355
 654.08608044 664.08268734 674.07929423 684.07590113 694.07250803
 704.06911492 714.06572182 724.06232871 734.05893561 744.05554251
 754.0521494  764.0487563  774.04536319 784.04197009 794.03857698
 804.03518388 814.03179078 824.02839767 834.02500457 844.02161146
 854.01821836 864.01482526 874.01143215 884.00803905 894.00464594
 904.00125284 913.99785973 923.99446663 933.99107353 943.98768042
 953.98428732 963.98089421 973.97750111 983.97410801 993.9707149 ]
a_y_fitting=[-5.90643275 -5.97904476 -6.00044502 -5.97951174 -5.92512315 -5.84615746
 -5.75149289 -5.65000767 -5.55058002 -5.46208815 -5.3934103  -5.35342466
 -5.35100948 -5.39504297 -5.49440334 -5.65796883 -5.89327468 -6.15706962
 -6.3409393  -6.33219505 -6.01814823 -5.35431779 -4.56063834 -3.90903511
 -3.48926499 -3.25007869 -3.1365548  -3.09383655 -3.08015522 -3.08264567
 -3.09230795 -3.10015104 -3.10091716 -3.09883526 -3.09961874 -3.10822878
 -3.12705272 -3.15792785 -3.20269149 -3.26318095 -3.34123353 -3.43868654
 -3.5573773  -3.6991431  -3.86582126 -4.0592491  -4.2812639  -4.53370299
 -4.81840368 -5.13720326 -5.47449818 -5.68643235 -5.57191846 -4.92960463
 -3.71586813 -2.66899875 -2.29513061 -2.43092622 -2.86342044 -3.38089706
 -3.85201307 -4.273235   -4.65241023 -4.99738613 -5.3160101  -5.61385381
 -5.88687293 -6.12848373 -6.33210242 -6.49114525 -6.59902845 -6.64916825
 -6.63498089 -6.5498826  -6.38728961 -6.14061815 -5.80328447 -5.36952558
 -4.8650964  -4.35647034 -3.91245895 -3.57402551 -3.3349618  -3.18449448
 -3.11185023 -3.10625571 -3.15693759 -3.25312254 -3.38403721 -3.53890828
 -3.70696242 -3.8774263  -4.03952657 -4.18248991 -4.29554298 -4.36791246
 -4.388825   -4.34750728 -4.23318597 -4.03508772]
d_x_fitting=[  4.30663221  14.33804018  24.36944814  34.40085611  44.43226407
  54.46367203  64.49508     74.52648796  84.55789593  94.58930389
 104.62071186 114.65211982 124.68352778 134.71493575 144.74634371
 154.77775168 164.80915964 174.84056761 184.87197557 194.90338353
 204.9347915  214.96619946 224.99760743 235.02901539 245.06042335
 255.09183132 265.12323928 275.15464725 285.18605521 295.21746318
 305.24887114 315.2802791  325.31168707 335.34309503 345.374503
 355.40591096 365.43731893 375.46872689 385.50013485 395.53154282
 405.56295078 415.59435875 425.62576671 435.65717468 445.68858264
 455.7199906  465.75139857 475.78280653 485.8142145  495.84562246
 505.87703042 515.90843839 525.93984635 535.97125432 546.00266228
 556.03407025 566.06547821 576.09688617 586.12829414 596.1597021
 606.19111007 616.22251803 626.253926   636.28533396 646.31674192
 656.34814989 666.37955785 676.41096582 686.44237378 696.47378175
 706.50518971 716.53659767 726.56800564 736.5994136  746.63082157
 756.66222953 766.69363749 776.72504546 786.75645342 796.78786139
 806.81926935 816.85067732 826.88208528 836.91349324 846.94490121
 856.97630917 867.00771714 877.0391251  887.07053307 897.10194103
 907.13334899 917.16475696 927.19616492 937.22757289 947.25898085
 957.29038881 967.32179678 977.35320474 987.38461271 997.41602067]
d_y_fitting=[1.8128655  1.87903768 1.91802967 1.93369885 1.92990264 1.91049843
 1.87934362 1.84029561 1.79721181 1.7539496  1.7143664  1.68231959
 1.66166659 1.6562648  1.6699716  1.70646975 1.74386785 1.70801725
 1.51941207 1.25736292 1.33041081 2.0907972  3.00650279 3.40868539
 3.39466131 3.16913098 2.93624026 2.82671358 2.82514936 2.89885362
 3.01513239 3.14129168 3.24483847 3.30693028 3.33085456 3.32192069
 3.28543801 3.2267159  3.15106371 3.0637908  2.97020654 2.87562029
 2.7853414  2.70467924 2.63894318 2.58885668 2.52764584 2.41833436
 2.22392914 1.90744431 1.47557721 1.081894   0.9107936  1.1466749
 1.90373647 2.85434909 3.53429658 3.83370136 3.84956249 3.68146183
 3.41767889 3.10290072 2.77130615 2.45707402 2.19438316 2.01241124
 1.90977945 1.87357143 1.89084944 1.94867574 2.0341126  2.13422228
 2.23606703 2.32705965 2.40159199 2.46048168 2.50478593 2.53556198
 2.55386704 2.56075835 2.55729314 2.54452862 2.52352203 2.49533059
 2.46101152 2.42162206 2.37821943 2.33186085 2.28360355 2.23450476
 2.18562171 2.13801161 2.09273171 2.05083921 2.01339135 1.98144536
 1.95605846 1.93828787 1.92919083 1.92982456]