
p_x=[0.8613264427217916, 39.621016365202415, 85.27131782945736, 107.66580534022395, 148.14814814814815, 192.0757967269595, 260.12058570198104, 285.9603789836348, 309.21619293712314, 324.72006890611544, 349.69853574504737, 382.4289405684754, 403.96210163652023, 428.9405684754522, 456.50301464254954, 490.0947459086994, 534.0223944875107, 569.3367786391043, 586.56330749354, 607.2351421188631, 665.8053402239449, 744.1860465116279, 761.4125753660637, 801.0335917312663, 855.2971576227391, 933.677863910422, 997.4160206718346]
p_y=[1.2941176470588225, 1.2941176470588225, 1.1764705882352935, 2.5882352941176467, 2.8235294117647056, 1.5294117647058822, 1.1764705882352935, 1.0588235294117645, 1.1764705882352935, 3.4117647058823533, 4.117647058823529, 4.117647058823529, 4.23529411764706, 1.764705882352942, 1.4117647058823533, 2.4705882352941178, 2.4705882352941178, 1.4117647058823533, 1.4117647058823533, 4.0, 4.117647058823529, 3.88235294117647, 2.0, 1.6470588235294112, 1.6470588235294112, 1.6470588235294112, 1.764705882352942]
a_x=[1.7226528854435832, 46.51162790697674, 85.27131782945736, 122.3083548664944, 168.81998277347117, 195.52110249784667, 215.3316106804479, 255.8139534883721, 293.71231696813095, 334.1946597760551, 351.4211886304909, 375.53832902670115, 417.7433247200689, 453.0577088716624, 496.1240310077519, 543.4969853574505, 573.6434108527131, 596.8992248062015, 636.5202411714039, 667.5279931093885, 708.8716623600344, 755.3832902670113, 778.6391042204996, 813.953488372093, 828.5960378983634, 834.625322997416, 839.7932816537468, 885.4435831180017, 913.0060292850991, 934.5391903531438, 959.5176571920758, 989.6640826873385, 995.693367786391]
a_y=[-6.842105263157894, -7.076023391812864, -6.725146198830409, -5.438596491228068, -5.321637426900585, -6.725146198830409, -7.309941520467834, -5.555555555555555, -5.555555555555555, -6.842105263157894, -6.959064327485379, -6.023391812865498, -5.555555555555555, -6.959064327485379, -5.906432748538011, -4.385964912280702, -6.842105263157894, -4.269005847953215, -4.152046783625732, -4.7368421052631575, -4.970760233918128, -4.619883040935672, -4.619883040935672, -4.619883040935672, -6.140350877192983, -6.842105263157894, -6.959064327485379, -3.9181286549707615, -4.619883040935672, -5.087719298245615, -6.257309941520468, -7.076023391812864, -6.6081871345029235]
d_x=[1.7226528854435832, 49.956933677863915, 90.43927648578811, 123.1696813092162, 161.06804478897502, 190.35314384151593, 209.30232558139537, 237.72609819121445, 272.17915590008613, 314.3841515934539, 356.58914728682174, 403.96210163652023, 433.2472006890611, 494.40137812230836, 541.7743324720069, 561.5848406546081, 581.3953488372093, 591.7312661498709, 618.4323858742463, 665.8053402239449, 708.8716623600344, 725.2368647717485, 745.9086993970715, 758.8285960378984, 783.8070628768303, 818.260120585702, 886.3049095607234, 949.1817398794143, 993.1093884582257]
d_y=[1.1111111111111107, 1.2280701754385976, 1.3450292397660828, 2.7485380116959064, 2.9824561403508776, 1.8128654970760234, 1.578947368421053, -0.8771929824561404, -1.2280701754385959, -1.2280701754385959, -1.4619883040935662, -0.9941520467836256, 1.2280701754385976, 2.1637426900584797, 2.280701754385966, 2.397660818713451, 1.6959064327485383, -0.6432748538011701, -1.1111111111111107, -0.9941520467836256, -1.1111111111111107, -1.3450292397660828, -0.9941520467836256, 1.578947368421053, 2.1637426900584797, 1.9298245614035086, 1.8128654970760234, 2.280701754385966, 1.461988304093568]
p_x_fitting=[8.61326443e-01 1.09275355e+01 2.09937445e+01 3.10599535e+01
 4.11261626e+01 5.11923716e+01 6.12585806e+01 7.13247897e+01
 8.13909987e+01 9.14572077e+01 1.01523417e+02 1.11589626e+02
 1.21655835e+02 1.31722044e+02 1.41788253e+02 1.51854462e+02
 1.61920671e+02 1.71986880e+02 1.82053089e+02 1.92119298e+02
 2.02185507e+02 2.12251716e+02 2.22317925e+02 2.32384134e+02
 2.42450343e+02 2.52516552e+02 2.62582761e+02 2.72648970e+02
 2.82715179e+02 2.92781388e+02 3.02847597e+02 3.12913806e+02
 3.22980015e+02 3.33046225e+02 3.43112434e+02 3.53178643e+02
 3.63244852e+02 3.73311061e+02 3.83377270e+02 3.93443479e+02
 4.03509688e+02 4.13575897e+02 4.23642106e+02 4.33708315e+02
 4.43774524e+02 4.53840733e+02 4.63906942e+02 4.73973151e+02
 4.84039360e+02 4.94105569e+02 5.04171778e+02 5.14237987e+02
 5.24304196e+02 5.34370405e+02 5.44436614e+02 5.54502823e+02
 5.64569032e+02 5.74635241e+02 5.84701450e+02 5.94767659e+02
 6.04833868e+02 6.14900077e+02 6.24966286e+02 6.35032495e+02
 6.45098705e+02 6.55164914e+02 6.65231123e+02 6.75297332e+02
 6.85363541e+02 6.95429750e+02 7.05495959e+02 7.15562168e+02
 7.25628377e+02 7.35694586e+02 7.45760795e+02 7.55827004e+02
 7.65893213e+02 7.75959422e+02 7.86025631e+02 7.96091840e+02
 8.06158049e+02 8.16224258e+02 8.26290467e+02 8.36356676e+02
 8.46422885e+02 8.56489094e+02 8.66555303e+02 8.76621512e+02
 8.86687721e+02 8.96753930e+02 9.06820139e+02 9.16886348e+02
 9.26952557e+02 9.37018766e+02 9.47084976e+02 9.57151185e+02
 9.67217394e+02 9.77283603e+02 9.87349812e+02 9.97416021e+02]
p_y_fitting=[1.29411765 1.59617914 1.63475107 1.49340969 1.25573128 1.00529209
 0.82566838 0.80043644 1.0131725  1.53256099 2.2167872  2.77165561
 3.04722487 3.09095132 2.96402339 2.72740033 2.43119618 2.1102031
 1.79805504 1.52838591 1.32756754 1.19329743 1.11619682 1.08688699
 1.09598919 1.13412468 1.19166296 1.22681361 1.13439231 0.8453716
 0.77764681 1.63446098 3.18509764 4.07183265 4.20648233 4.06680918
 3.9676213  3.9765879  4.14098124 4.3845878  4.25799428 3.41077708
 2.2672074  1.4578606  1.2147644  1.34300219 1.63665573 1.98065395
 2.30859443 2.5553278  2.68673226 2.70915723 2.63167359 2.46335234
 2.21609299 1.91199597 1.5754605  1.24735678 1.30431324 2.28763301
 3.70272866 4.68751945 5.07133193 5.02931407 4.73915733 4.37855318
 4.12519309 4.11734769 4.30611282 4.58708878 4.85586719 5.00803962
 4.93919769 4.54493298 3.72134129 2.56617887 1.67320002 1.32348138
 1.34601221 1.54467046 1.7282163  1.81305652 1.82072596 1.77713784
 1.70820542 1.63983396 1.59125507 1.56290676 1.55194288 1.55551723
 1.57078366 1.59489598 1.62500802 1.65827361 1.69184657 1.72288073
 1.74852991 1.76594795 1.77228866 1.76470588]
a_x_fitting=[  1.72265289  11.76276112  21.80286935  31.84297758  41.88308581
  51.92319404  61.96330227  72.0034105   82.04351874  92.08362697
 102.1237352  112.16384343 122.20395166 132.24405989 142.28416812
 152.32427636 162.36438459 172.40449282 182.44460105 192.48470928
 202.52481751 212.56492574 222.60503397 232.64514221 242.68525044
 252.72535867 262.7654669  272.80557513 282.84568336 292.88579159
 302.92589983 312.96600806 323.00611629 333.04622452 343.08633275
 353.12644098 363.16654921 373.20665744 383.24676568 393.28687391
 403.32698214 413.36709037 423.4071986  433.44730683 443.48741506
 453.52752329 463.56763153 473.60773976 483.64784799 493.68795622
 503.72806445 513.76817268 523.80828091 533.84838915 543.88849738
 553.92860561 563.96871384 574.00882207 584.0489303  594.08903853
 604.12914676 614.169255   624.20936323 634.24947146 644.28957969
 654.32968792 664.36979615 674.40990438 684.45001262 694.49012085
 704.53022908 714.57033731 724.61044554 734.65055377 744.690662
 754.73077023 764.77087847 774.8109867  784.85109493 794.89120316
 804.93131139 814.97141962 825.01152785 835.05163609 845.09174432
 855.13185255 865.17196078 875.21206901 885.25217724 895.29228547
 905.3323937  915.37250194 925.41261017 935.4527184  945.49282663
 955.53293486 965.57304309 975.61315132 985.65325956 995.69336779]
a_y_fitting=[-6.84210526 -6.87353321 -6.93276064 -7.00069838 -7.05825727 -7.08634813
 -7.06588178 -6.97776905 -6.80292077 -6.52593495 -6.17248187 -5.79390363
 -5.44193457 -5.16503952 -4.99819104 -4.97288169 -5.12060407 -5.47162173
 -5.99362374 -6.5632366  -7.04842754 -7.30175417 -7.18737824 -6.76625656
 -6.20807429 -5.68365886 -5.35192426 -5.24545613 -5.320766   -5.53332045
 -5.83794033 -6.18613683 -6.52836362 -6.81507391 -6.98666397 -6.92695561
 -6.58655459 -6.12674801 -5.72755849 -5.4652523  -5.36522487 -5.45252169
 -5.74740607 -6.18733687 -6.63973751 -6.96982812 -7.07211283 -6.94292373
 -6.60071176 -6.06392789 -5.36437691 -4.647279   -4.11508003 -3.97066499
 -4.41690932 -5.47698785 -6.53450409 -6.83084985 -5.9347729  -4.58919194
 -3.72213633 -3.51008372 -3.70962078 -4.07275109 -4.37400599 -4.5691482
 -4.70131654 -4.81104692 -4.90447626 -4.96663699 -4.98225559 -4.93757747
 -4.84477105 -4.73773212 -4.6510281  -4.61922639 -4.65401189 -4.655782
 -4.5062654  -4.2973876  -4.27510065 -4.68880845 -5.67887546 -6.87000003
 -6.81525654 -6.16568799 -5.27066647 -4.42473607 -3.92244087 -3.96089088
 -4.32451507 -4.68966837 -4.89607097 -5.11343472 -5.49469339 -6.02029086
 -6.62892881 -7.12683174 -7.21907684 -6.60818713]
d_x_fitting=[  1.72265289  11.73666032  21.75066775  31.76467518  41.77868261
  51.79269004  61.80669747  71.8207049   81.83471233  91.84871976
 101.86272719 111.87673462 121.89074205 131.90474948 141.91875691
 151.93276434 161.94677177 171.9607792  181.97478663 191.98879406
 202.00280149 212.01680892 222.03081635 232.04482378 242.05883121
 252.07283864 262.08684607 272.1008535  282.11486093 292.12886836
 302.14287579 312.15688322 322.17089065 332.18489808 342.19890551
 352.21291294 362.22692037 372.2409278  382.25493523 392.26894266
 402.28295009 412.29695752 422.31096495 432.32497238 442.33897981
 452.35298724 462.36699467 472.3810021  482.39500953 492.40901696
 502.42302439 512.43703182 522.45103925 532.46504668 542.47905411
 552.49306154 562.50706897 572.5210764  582.53508383 592.54909126
 602.56309869 612.57710612 622.59111355 632.60512098 642.61912841
 652.63313584 662.64714327 672.6611507  682.67515813 692.68916556
 702.70317299 712.71718042 722.73118785 732.74519528 742.75920271
 752.77321014 762.78721757 772.801225   782.81523243 792.82923986
 802.84324729 812.85725472 822.87126215 832.88526958 842.89927701
 852.91328444 862.92729187 872.9412993  882.95530673 892.96931416
 902.98332159 912.99732902 923.01133645 933.02534388 943.03935131
 953.05335874 963.06736617 973.0813736  983.09538103 993.10938846]
d_y_fitting=[ 1.11111111  1.35360321  1.44039337  1.41552973  1.32306041  1.20703353
  1.11149723  1.08049962  1.15808884  1.38824664  1.77988494  2.24933183
  2.6978145   3.03393075  3.20968214  3.1929045   2.95148515  2.50727589
  2.04834372  1.79407169  1.75558852  1.43207171  0.58236822 -0.41498136
 -1.12361503 -1.38181001 -1.35529471 -1.22896371 -1.15385214 -1.14234249
 -1.17133141 -1.21771555 -1.2610706  -1.3022619  -1.35231265 -1.42230878
 -1.52075764 -1.61130567 -1.61954325 -1.46985473 -1.08662445 -0.42097542
  0.39764311  1.1668251   1.7157812   2.04181272  2.1974953   2.23543777
  2.20824899  2.16853782  2.1626737   2.19106712  2.23358973  2.27001759
  2.28013777  2.28239481  2.42036718  2.53545321  1.47441574 -0.79426654
 -1.67743992 -1.41965474 -0.93770035 -0.71692147 -0.70427627 -0.81287934
 -0.95584529 -1.05247535 -1.08949862 -1.09510389 -1.0980847  -1.12854068
 -1.27248936 -1.5983528  -1.36677598  0.3554214   2.09866802  2.4827963
  2.1968695   1.96086637  1.89376878  1.91286062  1.93683567  1.92786334
  1.89631371  1.85506287  1.81698694  1.79496204  1.80186427  1.84911023
  1.93107789  2.03111855  2.13239817  2.21808273  2.27133821  2.27533057
  2.21322578  2.06818983  1.82338868  1.4619883 ]