
p_x=[2.5839793281653747, 18.949181739879414, 41.343669250645995, 54.263565891472865, 72.35142118863048, 89.57795004306632, 99.05254091300603, 120.58570198105082, 143.8415159345392, 193.79844961240312, 235.1421188630491, 512.4892334194659, 524.547803617571, 682.1705426356589, 997.4160206718346]
p_y=[-0.47058823529411775, -1.0588235294117645, -0.47058823529411775, 0.8235294117647065, 1.5294117647058822, 1.0588235294117645, -0.35294117647058876, -1.0588235294117645, -1.2941176470588225, -0.9411764705882355, -1.2941176470588225, -0.5882352941176467, -0.5882352941176467, -0.8235294117647047, -0.8235294117647047]
a_x=[2.5839793281653747, 30.146425495262704, 46.51162790697674, 77.51937984496124, 108.52713178294573, 135.22825150732126, 170.54263565891472, 248.06201550387595, 331.61068044788976, 397.9328165374677, 434.1085271317829, 455.64168819982774, 522.8251507321274, 618.4323858742463, 869.9397071490095, 1000.0]
a_y=[-7.192982456140349, -7.076023391812864, -6.023391812865498, -5.906432748538011, -6.491228070175438, -6.491228070175438, -6.725146198830409, -6.842105263157894, -6.491228070175438, -5.906432748538011, -5.789473684210527, -6.725146198830409, -6.725146198830409, -6.725146198830409, -6.842105263157894, -6.959064327485379]
d_x=[0.8613264427217916, 123.1696813092162, 284.2377260981912, 355.72782084409994, 412.57536606373816, 428.9405684754522, 442.72179155900085, 464.2549526270456, 490.9560723514212, 541.7743324720069, 571.9207579672697, 611.5417743324721, 670.1119724375538, 782.9457364341084, 907.8380706287683, 997.4160206718346]
d_y=[0.8771929824561404, 1.461988304093568, 1.578947368421053, 1.461988304093568, 1.1111111111111107, 1.1111111111111107, -0.8771929824561404, -1.1111111111111107, -0.8771929824561404, -0.8771929824561404, 1.1111111111111107, 1.6959064327485383, 1.578947368421053, 1.461988304093568, 1.461988304093568, 0.8771929824561404]
p_x_fitting=[  2.58397933  12.63278783  22.68159633  32.73040482  42.77921332
  52.82802182  62.87683032  72.92563882  82.97444732  93.02325581
 103.07206431 113.12087281 123.16968131 133.21848981 143.26729831
 153.3161068  163.3649153  173.4137238  183.4625323  193.5113408
 203.5601493  213.6089578  223.65776629 233.70657479 243.75538329
 253.80419179 263.85300029 273.90180879 283.95061728 293.99942578
 304.04823428 314.09704278 324.14585128 334.19465978 344.24346827
 354.29227677 364.34108527 374.38989377 384.43870227 394.48751077
 404.53631927 414.58512776 424.63393626 434.68274476 444.73155326
 454.78036176 464.82917026 474.87797875 484.92678725 494.97559575
 505.02440425 515.07321275 525.12202125 535.17082974 545.21963824
 555.26844674 565.31725524 575.36606374 585.41487224 595.46368073
 605.51248923 615.56129773 625.61010623 635.65891473 645.70772323
 655.75653173 665.80534022 675.85414872 685.90295722 695.95176572
 706.00057422 716.04938272 726.09819121 736.14699971 746.19580821
 756.24461671 766.29342521 776.34223371 786.3910422  796.4398507
 806.4886592  816.5374677  826.5862762  836.6350847  846.6838932
 856.73270169 866.78151019 876.83031869 886.87912719 896.92793569
 906.97674419 917.02555268 927.07436118 937.12316968 947.17197818
 957.22078668 967.26959518 977.31840367 987.36721217 997.41602067]
p_y_fitting=[-0.47058824 -0.88135783 -1.11276211 -0.99005943 -0.33913134  0.69754953
  1.30793103  1.53987195  1.5440387   0.56926757 -0.76170703 -1.0893323
 -1.05939596 -1.1585649  -1.2890939  -1.31714581 -1.24883954 -1.13180182
 -1.01366593 -0.94206515 -0.95296916 -1.03151582 -1.14899887 -1.27671172
 -1.3890977  -1.48003904 -1.55082606 -1.60276367 -1.63715677 -1.65531026
 -1.65852905 -1.64811803 -1.62538212 -1.59162621 -1.54815521 -1.49627402
 -1.43728754 -1.37250068 -1.30321834 -1.23074542 -1.15638683 -1.08144747
 -1.00723224 -0.93504604 -0.86619378 -0.80198036 -0.74371068 -0.69268966
 -0.65022218 -0.61761315 -0.59616748 -0.58715974 -0.58844174 -0.59316939
 -0.59991468 -0.60854388 -0.61892329 -0.63091919 -0.64439786 -0.6592256
 -0.67526868 -0.69239339 -0.71046603 -0.72935287 -0.7489202  -0.76903431
 -0.78956149 -0.81036801 -0.83132017 -0.85228425 -0.87312654 -0.89371333
 -0.91391089 -0.93358552 -0.95260351 -0.97083113 -0.98813468 -1.00438044
 -1.01943469 -1.03316373 -1.04543383 -1.05611129 -1.0650624  -1.07215343
 -1.07725067 -1.08022041 -1.08092894 -1.07924254 -1.07502749 -1.06815009
 -1.05847662 -1.04587336 -1.03020661 -1.01134264 -0.98914775 -0.96348822
 -0.93423033 -0.90124038 -0.86438464 -0.82352941]
a_x_fitting=[   2.58397933   12.65888863   22.73379793   32.80870723   42.88361653
   52.95852583   63.03343513   73.10834443   83.18325373   93.25816303
  103.33307233  113.40798163  123.48289092  133.55780022  143.63270952
  153.70761882  163.78252812  173.85743742  183.93234672  194.00725602
  204.08216532  214.15707462  224.23198392  234.30689322  244.38180252
  254.45671182  264.53162112  274.60653042  284.68143972  294.75634902
  304.83125832  314.90616762  324.98107692  335.05598622  345.13089552
  355.20580482  365.28071412  375.35562342  385.43053272  395.50544202
  405.58035132  415.65526062  425.73016992  435.80507922  445.87998852
  455.95489782  466.02980712  476.10471641  486.17962571  496.25453501
  506.32944431  516.40435361  526.47926291  536.55417221  546.62908151
  556.70399081  566.77890011  576.85380941  586.92871871  597.00362801
  607.07853731  617.15344661  627.22835591  637.30326521  647.37817451
  657.45308381  667.52799311  677.60290241  687.67781171  697.75272101
  707.82763031  717.90253961  727.97744891  738.05235821  748.12726751
  758.20217681  768.27708611  778.35199541  788.42690471  798.50181401
  808.57672331  818.65163261  828.7265419   838.8014512   848.8763605
  858.9512698   869.0261791   879.1010884   889.1759977   899.250907
  909.3258163   919.4007256   929.4756349   939.5505442   949.6254535
  959.7003628   969.7752721   979.8501814   989.9250907  1000.        ]
a_y_fitting=[-7.19298246 -7.72215079 -7.50882846 -6.89349098 -6.21661391 -5.79870684
 -5.70408836 -5.81958617 -6.03030576 -6.25340602 -6.43329504 -6.51765938
 -6.51390891 -6.49164856 -6.51393638 -6.58115985 -6.66820321 -6.750039
 -6.81170144 -6.85400137 -6.87912812 -6.88927103 -6.88661943 -6.87336267
 -6.85169007 -6.82372545 -6.7907352  -6.75338347 -6.71232194 -6.66820228
 -6.62167614 -6.5733952  -6.52401113 -6.47413536 -6.42210911 -6.36283486
 -6.2909285  -6.20100587 -6.08768286 -5.94557533 -5.77640094 -5.64185432
 -5.63375101 -5.84387553 -6.27883552 -6.73746626 -7.0366495  -7.172308
 -7.18113688 -7.09983124 -6.96508619 -6.81359684 -6.6817251  -6.58949361
 -6.53350238 -6.50854366 -6.50940972 -6.5308928  -6.56778517 -6.61487908
 -6.6669668  -6.71884059 -6.76590372 -6.80714914 -6.8428764  -6.87338694
 -6.89898221 -6.91996363 -6.93663265 -6.9492907  -6.95823922 -6.96377965
 -6.96621343 -6.96584199 -6.96296677 -6.95788922 -6.95091076 -6.94233284
 -6.93245689 -6.92158436 -6.91001667 -6.89805527 -6.8860016  -6.87415709
 -6.86282318 -6.85230131 -6.84289291 -6.83489943 -6.8286223  -6.82436296
 -6.82242285 -6.8231034  -6.82670606 -6.83353226 -6.84388343 -6.85806103
 -6.87636648 -6.89910122 -6.92656669 -6.95906433]
d_x_fitting=[8.61326443e-01 1.09275355e+01 2.09937445e+01 3.10599535e+01
 4.11261626e+01 5.11923716e+01 6.12585806e+01 7.13247897e+01
 8.13909987e+01 9.14572077e+01 1.01523417e+02 1.11589626e+02
 1.21655835e+02 1.31722044e+02 1.41788253e+02 1.51854462e+02
 1.61920671e+02 1.71986880e+02 1.82053089e+02 1.92119298e+02
 2.02185507e+02 2.12251716e+02 2.22317925e+02 2.32384134e+02
 2.42450343e+02 2.52516552e+02 2.62582761e+02 2.72648970e+02
 2.82715179e+02 2.92781388e+02 3.02847597e+02 3.12913806e+02
 3.22980015e+02 3.33046225e+02 3.43112434e+02 3.53178643e+02
 3.63244852e+02 3.73311061e+02 3.83377270e+02 3.93443479e+02
 4.03509688e+02 4.13575897e+02 4.23642106e+02 4.33708315e+02
 4.43774524e+02 4.53840733e+02 4.63906942e+02 4.73973151e+02
 4.84039360e+02 4.94105569e+02 5.04171778e+02 5.14237987e+02
 5.24304196e+02 5.34370405e+02 5.44436614e+02 5.54502823e+02
 5.64569032e+02 5.74635241e+02 5.84701450e+02 5.94767659e+02
 6.04833868e+02 6.14900077e+02 6.24966286e+02 6.35032495e+02
 6.45098705e+02 6.55164914e+02 6.65231123e+02 6.75297332e+02
 6.85363541e+02 6.95429750e+02 7.05495959e+02 7.15562168e+02
 7.25628377e+02 7.35694586e+02 7.45760795e+02 7.55827004e+02
 7.65893213e+02 7.75959422e+02 7.86025631e+02 7.96091840e+02
 8.06158049e+02 8.16224258e+02 8.26290467e+02 8.36356676e+02
 8.46422885e+02 8.56489094e+02 8.66555303e+02 8.76621512e+02
 8.86687721e+02 8.96753930e+02 9.06820139e+02 9.16886348e+02
 9.26952557e+02 9.37018766e+02 9.47084976e+02 9.57151185e+02
 9.67217394e+02 9.77283603e+02 9.87349812e+02 9.97416021e+02]
d_y_fitting=[ 0.87719298  0.98345566  1.07647733  1.15708968  1.22612436  1.28441307
  1.33278747  1.37207923  1.40312004  1.42674156  1.44377547  1.45505345
  1.46140717  1.4636683   1.46266852  1.45923951  1.45421293  1.44842047
  1.44269379  1.43786457  1.43476449  1.43422521  1.43707843  1.4441558
  1.456289    1.47430972  1.49904961  1.53134037  1.57201365  1.6206505
  1.66890951  1.70535647  1.7185501   1.69704909  1.62941216  1.50419802
  1.31489334  1.09834328  0.9139175   0.82117784  0.87968615  1.14877795
  1.38241882  0.49384176 -0.99038635 -1.38650771 -1.12200936 -0.89708629
 -0.83825227 -0.91266096 -1.06733122 -1.21632483 -1.27065272 -1.14132584
 -0.74028495 -0.0773711   0.65482954  1.24468046  1.57588733  1.70762511
  1.71793828  1.68437815  1.65496917  1.63200432  1.61384679  1.59885978
  1.58540647  1.57189614  1.5577259   1.54324252  1.52883118  1.51487706
  1.50176536  1.48988124  1.47960989  1.4713365   1.46544625  1.46232431
  1.46234997  1.46546635  1.47088914  1.47776498  1.48524054  1.49246247
  1.49857743  1.50273208  1.50407308  1.50174708  1.49490075  1.48268073
  1.4642337   1.4387063   1.40524519  1.36299704  1.3111085   1.24872623
  1.17499688  1.08906712  0.9900836   0.87719298]