
p_x=[0.0, 57.70887166236004, 138.67355727820842, 189.49181739879415, 217.05426356589146, 270.4565030146425, 291.12833763996554, 304.0482342807924, 371.2316968130921, 438.4151593453919, 509.9052540913006, 548.6649440137812, 588.2859603789836, 645.9948320413437, 684.7545219638242, 779.5004306632214, 864.7717484926786, 942.29112833764, 994.8320413436692]
p_y=[-1.0588235294117645, -0.8235294117647047, -0.8235294117647047, -2.3529411764705888, 1.4117647058823533, 1.4117647058823533, 1.5294117647058822, -0.117647058823529, 0.0, 0.117647058823529, -0.235294117647058, 2.0, 1.764705882352942, 1.6470588235294112, 1.882352941176471, -0.47058823529411775, 1.2941176470588225, 1.4117647058823533, 1.6470588235294112]
a_x=[1.7226528854435832, 55.98621877691645, 116.27906976744185, 160.2067183462532, 189.49181739879415, 217.91559000861326, 249.78466838931956, 284.2377260981912, 314.3841515934539, 337.63996554694234, 373.81567614125754, 450.473729543497, 501.29198966408273, 530.5770887166236, 565.8914728682171, 610.6804478897502, 722.652885443583, 769.1645133505599, 853.5745047372955, 992.2480620155038]
a_y=[-6.140350877192983, -6.140350877192983, -5.906432748538011, -5.906432748538011, -3.9181286549707615, -3.333333333333332, -3.099415204678362, -3.099415204678362, -3.2163742690058488, -5.087719298245615, -5.087719298245615, -4.619883040935672, -4.7368421052631575, -3.099415204678362, -1.578947368421053, -1.578947368421053, -3.6842105263157894, -4.269005847953215, -4.269005847953215, -3.8011695906432745]
d_x=[0.8613264427217916, 49.09560723514212, 97.32988802756245, 117.14039621016366, 151.5934539190353, 182.6012058570198, 235.1421188630491, 281.65374677002586, 296.2962962962963, 328.16537467700255, 375.53832902670115, 450.473729543497, 515.0732127476314, 557.2782084409992, 582.2566752799311, 604.6511627906976, 652.885443583118, 790.6976744186046, 849.2678725236865, 944.0137812230836, 994.8320413436692]
d_y=[1.2280701754385976, 1.1111111111111107, 1.2280701754385976, 2.6315789473684212, 2.9824561403508776, 3.9181286549707606, 4.736842105263158, 4.736842105263158, 4.853801169590644, 2.280701754385966, 1.578947368421053, 1.6959064327485383, 1.461988304093568, 4.385964912280702, 4.853801169590644, 5.2046783625731, 5.2046783625731, 2.280701754385966, 2.1637426900584797, 3.9181286549707606, 4.385964912280702]
p_x_fitting=[  0.          10.0488085   20.097617    30.1464255   40.19523399
  50.24404249  60.29285099  70.34165949  80.39046799  90.43927649
 100.48808498 110.53689348 120.58570198 130.63451048 140.68331898
 150.73212748 160.78093597 170.82974447 180.87855297 190.92736147
 200.97616997 211.02497847 221.07378697 231.12259546 241.17140396
 251.22021246 261.26902096 271.31782946 281.36663796 291.41544645
 301.46425495 311.51306345 321.56187195 331.61068045 341.65948895
 351.70829744 361.75710594 371.80591444 381.85472294 391.90353144
 401.95233994 412.00114844 422.04995693 432.09876543 442.14757393
 452.19638243 462.24519093 472.29399943 482.34280792 492.39161642
 502.44042492 512.48923342 522.53804192 532.58685042 542.63565891
 552.68446741 562.73327591 572.78208441 582.83089291 592.87970141
 602.92850991 612.9773184  623.0261269  633.0749354  643.1237439
 653.1725524  663.2213609  673.27016939 683.31897789 693.36778639
 703.41659489 713.46540339 723.51421189 733.56302038 743.61182888
 753.66063738 763.70944588 773.75825438 783.80706288 793.85587138
 803.90467987 813.95348837 824.00229687 834.05110537 844.09991387
 854.14872237 864.19753086 874.24633936 884.29514786 894.34395636
 904.39276486 914.44157336 924.49038185 934.53919035 944.58799885
 954.63680735 964.68561585 974.73442435 984.78323285 994.83204134]
p_y_fitting=[-1.05882353 -1.33264006 -1.43316312 -1.3928958  -1.2443412  -1.02000243
 -0.75238259 -0.47398479 -0.21731212 -0.01486769  0.1008454   0.09732404
 -0.05793486 -0.39743442 -0.95334109 -1.68645465 -2.39834637 -2.86904286
 -2.87857071 -2.20736538 -0.84355487  0.67974424  1.75047871  2.12099076
  2.01698531  1.69580289  1.41478404  1.43113883  1.73745457  1.50637243
  0.23719099 -0.91394321 -1.4868832  -1.60148768 -1.38275498 -0.95568342
 -0.44527131  0.02348748  0.35376835  0.54372798  0.61152103  0.57530217
  0.45322607  0.26344741  0.02430109 -0.23752552 -0.48364549 -0.67479828
 -0.77172336 -0.73516017 -0.52584818 -0.10505262  0.50662774  1.17559511
  1.7555755   2.1029169   2.17589693  2.06520339  1.87037328  1.68924527
  1.57145049  1.51270679  1.50588809  1.54386832  1.61952139  1.72383842
  1.82931375  1.89794315  1.8916019   1.77887532  1.56975836  1.29002703
  0.96548836  0.62194941  0.28521724 -0.01890111 -0.26459858 -0.42606812
 -0.47814495 -0.416883   -0.26390806 -0.04236836  0.2245879   0.51381247
  0.80215716  1.06647374  1.28361398  1.43521026  1.52560042  1.56585628
  1.5670507   1.54025655  1.4965467   1.446994    1.40267134  1.37465158
  1.37400758  1.41181221  1.49913833  1.64705882]
a_x_fitting=[  1.72265289  11.72796005  21.73326721  31.73857437  41.74388154
  51.7491887   61.75449586  71.75980303  81.76511019  91.77041735
 101.77572451 111.78103168 121.78633884 131.791646   141.79695317
 151.80226033 161.80756749 171.81287466 181.81818182 191.82348898
 201.82879614 211.83410331 221.83941047 231.84471763 241.8500248
 251.85533196 261.86063912 271.86594628 281.87125345 291.87656061
 301.88186777 311.88717494 321.8924821  331.89778926 341.90309643
 351.90840359 361.91371075 371.91901791 381.92432508 391.92963224
 401.9349394  411.94024657 421.94555373 431.95086089 441.95616805
 451.96147522 461.96678238 471.97208954 481.97739671 491.98270387
 501.98801103 511.99331819 521.99862536 532.00393252 542.00923968
 552.01454685 562.01985401 572.02516117 582.03046834 592.0357755
 602.04108266 612.04638982 622.05169699 632.05700415 642.06231131
 652.06761848 662.07292564 672.0782328  682.08353996 692.08884713
 702.09415429 712.09946145 722.10476862 732.11007578 742.11538294
 752.12069011 762.12599727 772.13130443 782.13661159 792.14191876
 802.14722592 812.15253308 822.15784025 832.16314741 842.16845457
 852.17376173 862.1790689  872.18437606 882.18968322 892.19499039
 902.20029755 912.20560471 922.21091187 932.21621904 942.2215262
 952.22683336 962.23214053 972.23744769 982.24275485 992.24806202]
a_y_fitting=[-6.14035088 -6.28803435 -6.34929076 -6.34134338 -6.2814155  -6.18673041
 -6.07451137 -5.96198168 -5.8663646  -5.80488344 -5.79476145 -5.85322193
 -5.99403179 -6.16753971 -6.2684998  -6.18978301 -5.82450324 -5.15737037
 -4.40193057 -3.80606655 -3.50045143 -3.37723076 -3.30130392 -3.20855209
 -3.1289842  -3.0989491  -3.12609215 -3.15525245 -3.12295917 -2.98834835
 -2.89871581 -3.09470972 -3.76658201 -4.66074486 -5.30368845 -5.49920154
 -5.38972263 -5.1380595  -4.89260668 -4.69873341 -4.5569668  -4.46764954
 -4.43112428 -4.4477337  -4.51782046 -4.64169426 -4.80459429 -4.9528718
 -5.02668998 -4.96621206 -4.7116109  -4.23811097 -3.63484907 -3.01401642
 -2.4642536  -2.0123599  -1.67510607 -1.4676253  -1.38177048 -1.39207861
 -1.47267484 -1.59769387 -1.74672851 -1.91395726 -2.09596901 -2.28935264
 -2.49069702 -2.69659105 -2.90362361 -3.10838358 -3.30745984 -3.49744128
 -3.67491678 -3.83672166 -3.98085342 -4.10565183 -4.20945671 -4.2906239
 -4.34878544 -4.38575701 -4.40356842 -4.40424943 -4.38982985 -4.36233945
 -4.32380803 -4.27626537 -4.22174127 -4.1622655  -4.09986787 -4.03657814
 -3.97442612 -3.9154416  -3.86165435 -3.81509417 -3.77779084 -3.75177415
 -3.7390739  -3.74171986 -3.76174183 -3.80116959]
d_x_fitting=[8.61326443e-01 1.09014347e+01 2.09415429e+01 3.09816511e+01
 4.10217594e+01 5.10618676e+01 6.11019758e+01 7.11420841e+01
 8.11821923e+01 9.12223005e+01 1.01262409e+02 1.11302517e+02
 1.21342625e+02 1.31382733e+02 1.41422842e+02 1.51462950e+02
 1.61503058e+02 1.71543166e+02 1.81583275e+02 1.91623383e+02
 2.01663491e+02 2.11703599e+02 2.21743708e+02 2.31783816e+02
 2.41823924e+02 2.51864032e+02 2.61904140e+02 2.71944249e+02
 2.81984357e+02 2.92024465e+02 3.02064573e+02 3.12104682e+02
 3.22144790e+02 3.32184898e+02 3.42225006e+02 3.52265115e+02
 3.62305223e+02 3.72345331e+02 3.82385439e+02 3.92425547e+02
 4.02465656e+02 4.12505764e+02 4.22545872e+02 4.32585980e+02
 4.42626089e+02 4.52666197e+02 4.62706305e+02 4.72746413e+02
 4.82786522e+02 4.92826630e+02 5.02866738e+02 5.12906846e+02
 5.22946954e+02 5.32987063e+02 5.43027171e+02 5.53067279e+02
 5.63107387e+02 5.73147496e+02 5.83187604e+02 5.93227712e+02
 6.03267820e+02 6.13307929e+02 6.23348037e+02 6.33388145e+02
 6.43428253e+02 6.53468361e+02 6.63508470e+02 6.73548578e+02
 6.83588686e+02 6.93628794e+02 7.03668903e+02 7.13709011e+02
 7.23749119e+02 7.33789227e+02 7.43829336e+02 7.53869444e+02
 7.63909552e+02 7.73949660e+02 7.83989768e+02 7.94029877e+02
 8.04069985e+02 8.14110093e+02 8.24150201e+02 8.34190310e+02
 8.44230418e+02 8.54270526e+02 8.64310634e+02 8.74350743e+02
 8.84390851e+02 8.94430959e+02 9.04471067e+02 9.14511175e+02
 9.24551284e+02 9.34591392e+02 9.44631500e+02 9.54671608e+02
 9.64711717e+02 9.74751825e+02 9.84791933e+02 9.94832041e+02]
d_y_fitting=[1.22807018 1.59386662 1.68443262 1.57478227 1.33992966 1.05488889
 0.79467404 0.63429921 0.64877849 0.91312596 1.49728247 2.26391553
 2.80830536 2.98028503 2.96815089 2.98119623 3.17886693 3.51328988
 3.88270163 4.1979763  4.43863256 4.60738503 4.70696645 4.74010957
 4.71168963 4.65159286 4.60589154 4.62092994 4.74304842 4.89783022
 4.60392236 3.79013136 2.80442837 2.00245238 1.55342123 1.38460592
 1.40712994 1.53211674 1.67495554 1.79796785 1.89253832 1.9504842
 1.96362273 1.92377116 1.82274673 1.65248109 1.42431948 1.19075548
 1.00952938 0.93838149 1.03505211 1.35728153 1.94608321 2.71239095
 3.50621009 4.17719759 4.58543603 4.75966075 4.8651971  5.01980185
 5.1849106  5.30029292 5.35361122 5.35051506 5.29668614 5.19780619
 5.05954585 4.88753859 4.6874101  4.46478602 4.22529204 3.97455381
 3.718197   3.46184728 3.21113031 2.97167177 2.74909731 2.5490326
 2.37710332 2.23890373 2.138125   2.07549708 2.05149384 2.06658915
 2.12125689 2.21582375 2.3472032  2.50888004 2.6941888  2.89646401
 3.10904018 3.32525182 3.53843348 3.74191966 3.92904488 4.09314367
 4.22755055 4.32560003 4.38062665 4.38596491]