
p_x=[3.4453057708871664, 66.32213608957795, 123.1696813092162, 201.5503875968992, 232.5581395348837, 265.2885443583118, 280.79242032730406, 307.49354005167953, 342.80792420327305, 400.5167958656331, 416.8819982773471, 444.4444444444444, 471.14556416882, 503.01464254952634, 546.0809646856159, 581.3953488372093, 622.7390180878552, 659.7760551248923, 670.9732988802756, 686.4771748492678, 703.7037037037037, 726.0981912144703, 750.2153316106804, 775.1937984496125, 788.975021533161, 800.1722652885444, 829.4573643410853, 857.8811369509044, 924.2032730404824, 968.1309216192938, 997.4160206718346]
p_y=[0.7058823529411757, 0.7058823529411757, 1.0588235294117645, 0.8235294117647065, 0.9411764705882355, 0.47058823529411775, 1.6470588235294112, 1.6470588235294112, 1.6470588235294112, 1.2941176470588225, 1.0588235294117645, 0.7058823529411757, -0.5882352941176467, -2.117647058823529, -2.4705882352941178, -2.2352941176470598, -2.117647058823529, -1.647058823529413, -1.2941176470588225, 1.764705882352942, 2.0, 2.11764705882353, 2.11764705882353, 2.11764705882353, 1.2941176470588225, 0.47058823529411775, 0.35294117647058876, 0.7058823529411757, 0.7058823529411757, 0.7058823529411757, 0.7058823529411757]
a_x=[4.3066322136089585, 304.0482342807924, 677.0025839793282, 998.2773471145564]
a_y=[-6.491228070175438, -6.374269005847953, -6.725146198830409, -6.842105263157894]
d_x=[1.7226528854435832, 55.12489233419466, 145.56416881998277, 186.04651162790697, 231.69681309216193, 253.2299741602067, 266.14987080103356, 276.48578811369504, 285.099052540913, 292.85099052540914, 302.3255813953488, 324.72006890611544, 372.09302325581393, 460.8096468561585, 484.0654608096469, 500.4306632213609, 512.4892334194659, 537.4677002583979, 559.8621877691645, 586.56330749354, 619.2937123169681, 641.6881998277347, 660.637381567614, 672.6959517657192, 683.8931955211025, 695.9517657192076, 717.4849267872524, 746.7700258397932, 771.7484926787253, 791.5590008613265, 831.1800172265289, 869.9397071490095, 919.8966408268734, 964.6856158484065, 999.1386735572783]
d_y=[-0.5263157894736832, -0.9941520467836256, -0.7602339181286553, -1.1111111111111107, -0.7602339181286553, -1.2280701754385959, -1.1111111111111107, -0.8771929824561404, 1.8128654970760234, 1.8128654970760234, 1.8128654970760234, 1.9298245614035086, 1.8128654970760234, 1.8128654970760234, 1.6959064327485383, 0.8771929824561404, -0.7602339181286553, -1.4619883040935662, -1.4619883040935662, -1.4619883040935662, -1.3450292397660828, -1.3450292397660828, -1.1111111111111107, 1.1111111111111107, 1.6959064327485383, 1.8128654970760234, 1.578947368421053, 1.6959064327485383, 1.461988304093568, 0.1754385964912295, 0.7602339181286553, 0.7602339181286553, 0.9941520467836256, 0.6432748538011701, 0.6432748538011701]
p_x_fitting=[  3.44530577  13.485414    23.52552223  33.56563046  43.6057387
  53.64584693  63.68595516  73.72606339  83.76617162  93.80627985
 103.84638808 113.88649632 123.92660455 133.96671278 144.00682101
 154.04692924 164.08703747 174.1271457  184.16725393 194.20736217
 204.2474704  214.28757863 224.32768686 234.36779509 244.40790332
 254.44801155 264.48811979 274.52822802 284.56833625 294.60844448
 304.64855271 314.68866094 324.72876917 334.7688774  344.80898564
 354.84909387 364.8892021  374.92931033 384.96941856 395.00952679
 405.04963502 415.08974326 425.12985149 435.16995972 445.21006795
 455.25017618 465.29028441 475.33039264 485.37050087 495.41060911
 505.45071734 515.49082557 525.5309338  535.57104203 545.61115026
 555.65125849 565.69136672 575.73147496 585.77158319 595.81169142
 605.85179965 615.89190788 625.93201611 635.97212434 646.01223258
 656.05234081 666.09244904 676.13255727 686.1726655  696.21277373
 706.25288196 716.29299019 726.33309843 736.37320666 746.41331489
 756.45342312 766.49353135 776.53363958 786.57374781 796.61385605
 806.65396428 816.69407251 826.73418074 836.77428897 846.8143972
 856.85450543 866.89461366 876.9347219  886.97483013 897.01493836
 907.05504659 917.09515482 927.13526305 937.17537128 947.21547952
 957.25558775 967.29569598 977.33580421 987.37591244 997.41602067]
p_y_fitting=[ 0.70588235  0.58741877  0.52746356  0.51652445  0.54510918  0.60372547
  0.68288104  0.77308364  0.86484098  0.94866079  1.0150508   1.05451874
  1.05757415  1.01997508  0.95424518  0.87624861  0.80184954  0.74691214
  0.72730056  0.75887899  0.85705564  0.99104109  1.04478336  0.89348036
  0.53714547  0.27020034  0.42949359  1.17912659  1.81659969  1.89432027
  1.70266673  1.5612342   1.54672823  1.59886935  1.65592316  1.67452878
  1.65239882  1.59281582  1.49906231  1.37442081  1.22317357  1.07882456
  0.99130559  0.89681392  0.68282287  0.27845031 -0.25395103 -0.82610069
 -1.36909821 -1.83813059 -2.19006091 -2.40407074 -2.50357455 -2.51719494
 -2.47355447 -2.4003051  -2.32063026 -2.25642829 -2.22877584 -2.23266433
 -2.23224401 -2.18988401 -2.06864069 -1.87774517 -1.70099317 -1.62895775
 -1.64169654 -0.37516573  1.7213285   2.22358041  1.9491802   1.97690508
  2.11982022  2.13508637  2.1066688   2.17748275  2.25345868  2.06827097
  1.47671224  0.69933362  0.21599847  0.15033674  0.30156025  0.47618073
  0.60765546  0.69871361  0.75324595  0.77765718  0.77920364  0.76514233
  0.7427303   0.71922455  0.70183992  0.69430672  0.69432017  0.6989744
  0.70536359  0.71058187  0.71172341  0.70588235]
a_x_fitting=[  4.30663221  14.34674044  24.38684868  34.42695691  44.46706514
  54.50717337  64.5472816   74.58738983  84.62749806  94.6676063
 104.70771453 114.74782276 124.78793099 134.82803922 144.86814745
 154.90825568 164.94836391 174.98847215 185.02858038 195.06868861
 205.10879684 215.14890507 225.1890133  235.22912153 245.26922977
 255.309338   265.34944623 275.38955446 285.42966269 295.46977092
 305.50987915 315.54998738 325.59009562 335.63020385 345.67031208
 355.71042031 365.75052854 375.79063677 385.830745   395.87085324
 405.91096147 415.9510697  425.99117793 436.03128616 446.07139439
 456.11150262 466.15161085 476.19171909 486.23182732 496.27193555
 506.31204378 516.35215201 526.39226024 536.43236847 546.47247671
 556.51258494 566.55269317 576.5928014  586.63290963 596.67301786
 606.71312609 616.75323432 626.79334256 636.83345079 646.87355902
 656.91366725 666.95377548 676.99388371 687.03399194 697.07410017
 707.11420841 717.15431664 727.19442487 737.2345331  747.27464133
 757.31474956 767.35485779 777.39496603 787.43507426 797.47518249
 807.51529072 817.55539895 827.59550718 837.63561541 847.67572364
 857.71583188 867.75594011 877.79604834 887.83615657 897.8762648
 907.91637303 917.95648126 927.9965895  938.03669773 948.07680596
 958.11691419 968.15702242 978.19713065 988.23723888 998.27734711]
a_y_fitting=[-6.49122807 -6.47610761 -6.46192302 -6.44865713 -6.43629278 -6.42481281
 -6.41420004 -6.40443733 -6.3955075  -6.38739339 -6.38007783 -6.37354368
 -6.36777375 -6.36275089 -6.35845793 -6.35487771 -6.35199307 -6.34978684
 -6.34824186 -6.34734097 -6.347067   -6.34740278 -6.34833117 -6.34983498
 -6.35189706 -6.35450025 -6.35762738 -6.36126128 -6.3653848  -6.36998077
 -6.37503203 -6.38052141 -6.38643175 -6.39274588 -6.39944665 -6.40651689
 -6.41393944 -6.42169712 -6.42977279 -6.43814927 -6.4468094  -6.45573602
 -6.46491196 -6.47432007 -6.48394317 -6.49376411 -6.50376572 -6.51393083
 -6.52424229 -6.53468293 -6.54523559 -6.55588309 -6.56660829 -6.57739401
 -6.5882231  -6.59907838 -6.6099427  -6.62079889 -6.63162979 -6.64241823
 -6.65314706 -6.6637991  -6.6743572  -6.68480418 -6.6951229  -6.70529617
 -6.71530685 -6.72513776 -6.73477175 -6.74419164 -6.75338029 -6.76232051
 -6.77099515 -6.77938705 -6.78747904 -6.79525396 -6.80269464 -6.80978392
 -6.81650464 -6.82283964 -6.82877174 -6.8342838  -6.83935863 -6.84397909
 -6.848128   -6.85178821 -6.85494254 -6.85757384 -6.85966495 -6.86119869
 -6.86215791 -6.86252543 -6.86228411 -6.86141677 -6.85990626 -6.8577354
 -6.85488703 -6.851344   -6.84708913 -6.84210526]
d_x_fitting=[  1.72265289  11.79756219  21.87247148  31.94738078  42.02229008
  52.09719938  62.17210868  72.24701798  82.32192728  92.39683658
 102.47174588 112.54665518 122.62156448 132.69647378 142.77138308
 152.84629238 162.92120168 172.99611098 183.07102028 193.14592958
 203.22083888 213.29574818 223.37065748 233.44556678 243.52047608
 253.59538538 263.67029468 273.74520398 283.82011328 293.89502258
 303.96993188 314.04484118 324.11975048 334.19465978 344.26956908
 354.34447838 364.41938768 374.49429697 384.56920627 394.64411557
 404.71902487 414.79393417 424.86884347 434.94375277 445.01866207
 455.09357137 465.16848067 475.24338997 485.31829927 495.39320857
 505.46811787 515.54302717 525.61793647 535.69284577 545.76775507
 555.84266437 565.91757367 575.99248297 586.06739227 596.14230157
 606.21721087 616.29212017 626.36702947 636.44193877 646.51684807
 656.59175737 666.66666667 676.74157597 686.81648527 696.89139457
 706.96630387 717.04121317 727.11612246 737.19103176 747.26594106
 757.34085036 767.41575966 777.49066896 787.56557826 797.64048756
 807.71539686 817.79030616 827.86521546 837.94012476 848.01503406
 858.08994336 868.16485266 878.23976196 888.31467126 898.38958056
 908.46448986 918.53939916 928.61430846 938.68921776 948.76412706
 958.83903636 968.91394566 978.98885496 989.06376426 999.13867356]
d_y_fitting=[-5.26315789e-01 -7.40672556e-01 -8.85791370e-01 -9.71303863e-01
 -1.00684167e+00 -1.00203642e+00 -9.66519746e-01 -9.09923282e-01
 -8.41878659e-01 -7.72017509e-01 -7.09971465e-01 -6.65372159e-01
 -6.47851223e-01 -6.67040289e-01 -7.32570990e-01 -8.50234327e-01
 -9.89177652e-01 -1.09822489e+00 -1.12598334e+00 -1.02966420e+00
 -8.53868784e-01 -6.94108775e-01 -6.46529317e-01 -8.06809150e-01
 -1.12833864e+00 -1.22250633e+00 -1.04827452e+00 -1.28242175e+00
  1.52147810e+00  1.76520479e+00  1.84621059e+00  1.94350526e+00
  1.93171886e+00  1.90051136e+00  1.87147206e+00  1.84585503e+00
  1.82491073e+00  1.80988383e+00  1.80123113e+00  1.79782935e+00
  1.79836650e+00  1.80153060e+00  1.80600967e+00  1.81049172e+00
  1.81366477e+00  1.81421685e+00  1.81022090e+00  1.77987756e+00
  1.67750829e+00  1.32082291e+00  2.04972945e-01 -1.06012511e+00
 -1.50019108e+00 -1.47691690e+00 -1.43266202e+00 -1.45154175e+00
 -1.47046534e+00 -1.46950304e+00 -1.46225260e+00 -1.45741200e+00
 -1.43698156e+00 -1.37522803e+00 -1.26157069e+00 -1.24073741e+00
 -1.51755613e+00 -1.51019656e+00  5.01813683e-03  1.49989017e+00
  1.73221474e+00  1.81316513e+00  1.72201533e+00  1.58333907e+00
  1.54349160e+00  1.59846904e+00  1.70137696e+00  1.77496456e+00
  1.63719641e+00  1.10654857e+00  3.92003880e-01  5.47971984e-04
  4.66175742e-02  3.37766728e-01  6.73823557e-01  8.68684432e-01
  8.97252779e-01  8.37115748e-01  7.67519129e-01  7.57456887e-01
  8.05696218e-01  8.81572934e-01  9.54322608e-01  9.93180812e-01
  9.73043305e-01  9.02865836e-01  8.04283503e-01  6.98952762e-01
  6.08530070e-01  5.54671884e-01  5.59034659e-01  6.43274854e-01]