
p_x=[3.4453057708871664, 232.5581395348837, 508.182601205857, 997.4160206718346]
p_y=[-2.5882352941176467, -1.764705882352942, -2.3529411764705888, -1.2941176470588225]
a_x=[1.7226528854435832, 287.6830318690784, 619.2937123169681, 823.4280792420327, 996.5546942291128]
a_y=[-5.087719298245615, -6.023391812865498, -4.385964912280702, -4.385964912280702, -5.789473684210527]
d_x=[2.5839793281653747, 215.3316106804479, 478.0361757105943, 997.4160206718346]
d_y=[-1.9298245614035086, -1.8128654970760234, -1.8128654970760234, -1.9298245614035086]
p_x_fitting=[  3.44530577  13.485414    23.52552223  33.56563046  43.6057387
  53.64584693  63.68595516  73.72606339  83.76617162  93.80627985
 103.84638808 113.88649632 123.92660455 133.96671278 144.00682101
 154.04692924 164.08703747 174.1271457  184.16725393 194.20736217
 204.2474704  214.28757863 224.32768686 234.36779509 244.40790332
 254.44801155 264.48811979 274.52822802 284.56833625 294.60844448
 304.64855271 314.68866094 324.72876917 334.7688774  344.80898564
 354.84909387 364.8892021  374.92931033 384.96941856 395.00952679
 405.04963502 415.08974326 425.12985149 435.16995972 445.21006795
 455.25017618 465.29028441 475.33039264 485.37050087 495.41060911
 505.45071734 515.49082557 525.5309338  535.57104203 545.61115026
 555.65125849 565.69136672 575.73147496 585.77158319 595.81169142
 605.85179965 615.89190788 625.93201611 635.97212434 646.01223258
 656.05234081 666.09244904 676.13255727 686.1726655  696.21277373
 706.25288196 716.29299019 726.33309843 736.37320666 746.41331489
 756.45342312 766.49353135 776.53363958 786.57374781 796.61385605
 806.65396428 816.69407251 826.73418074 836.77428897 846.8143972
 856.85450543 866.89461366 876.9347219  886.97483013 897.01493836
 907.05504659 917.09515482 927.13526305 937.17537128 947.21547952
 957.25558775 967.29569598 977.33580421 987.37591244 997.41602067]
p_y_fitting=[-2.58823529 -2.50860649 -2.43368807 -2.36337638 -2.29756774 -2.23615847
 -2.1790449  -2.12612336 -2.07729018 -2.03244168 -1.99147419 -1.95428404
 -1.92076756 -1.89082106 -1.86434089 -1.84122336 -1.8213648  -1.80466155
 -1.79100992 -1.78030625 -1.77244686 -1.76732808 -1.76484624 -1.76489766
 -1.76737867 -1.77218559 -1.77921476 -1.78836251 -1.79952515 -1.81259902
 -1.82748044 -1.84406575 -1.86225126 -1.8819333  -1.90300821 -1.92537231
 -1.94892192 -1.97355338 -1.999163   -2.02564713 -2.05290208 -2.08082418
 -2.10930976 -2.13825514 -2.16755666 -2.19711064 -2.22681341 -2.25656129
 -2.28625062 -2.31577771 -2.3450389  -2.37393051 -2.40234888 -2.43019032
 -2.45735116 -2.48372774 -2.50921638 -2.5337134  -2.55711513 -2.57931791
 -2.60021805 -2.61971189 -2.63769575 -2.65406596 -2.66871885 -2.68155074
 -2.69245795 -2.70133683 -2.70808369 -2.71259486 -2.71476668 -2.71449545
 -2.71167753 -2.70620922 -2.69798686 -2.68690677 -2.67286528 -2.65575873
 -2.63548343 -2.61193571 -2.58501191 -2.55460834 -2.52062133 -2.48294722
 -2.44148233 -2.39612298 -2.34676551 -2.29330623 -2.23564149 -2.17366759
 -2.10728088 -2.03637768 -1.96085432 -1.88060711 -1.7955324  -1.70552651
 -1.61048576 -1.51030648 -1.404885   -1.29411765]
a_x_fitting=[  1.72265289  11.77146138  21.82026988  31.86907838  41.91788688
  51.96669538  62.01550388  72.06431237  82.11312087  92.16192937
 102.21073787 112.25954637 122.30835487 132.35716336 142.40597186
 152.45478036 162.50358886 172.55239736 182.60120586 192.65001436
 202.69882285 212.74763135 222.79643985 232.84524835 242.89405685
 252.94286535 262.99167384 273.04048234 283.08929084 293.13809934
 303.18690784 313.23571634 323.28452483 333.33333333 343.38214183
 353.43095033 363.47975883 373.52856733 383.57737583 393.62618432
 403.67499282 413.72380132 423.77260982 433.82141832 443.87022682
 453.91903531 463.96784381 474.01665231 484.06546081 494.11426931
 504.16307781 514.2118863  524.2606948  534.3095033  544.3583118
 554.4071203  564.4559288  574.5047373  584.55354579 594.60235429
 604.65116279 614.69997129 624.74877979 634.79758829 644.84639678
 654.89520528 664.94401378 674.99282228 685.04163078 695.09043928
 705.13924777 715.18805627 725.23686477 735.28567327 745.33448177
 755.38329027 765.43209877 775.48090726 785.52971576 795.57852426
 805.62733276 815.67614126 825.72494976 835.77375825 845.82256675
 855.87137525 865.92018375 875.96899225 886.01780075 896.06660924
 906.11541774 916.16422624 926.21303474 936.26184324 946.31065174
 956.35946024 966.40826873 976.45707723 986.50588573 996.55469423]
a_y_fitting=[-5.0877193  -5.206212   -5.31691448 -5.42000297 -5.51565369 -5.60404286
 -5.68534671 -5.75974146 -5.82740334 -5.88850856 -5.94323336 -5.99175395
 -6.03424656 -6.07088742 -6.10185274 -6.12731875 -6.14746168 -6.16245774
 -6.17248316 -6.17771417 -6.17832698 -6.17449783 -6.16640294 -6.15421852
 -6.1381208  -6.11828601 -6.09489037 -6.06811011 -6.03812144 -6.00510059
 -5.96922379 -5.93066725 -5.88960721 -5.84621988 -5.80068149 -5.75316826
 -5.70385642 -5.65292219 -5.60054179 -5.54689145 -5.49214739 -5.43648583
 -5.380083   -5.32311512 -5.26575842 -5.20818911 -5.15058343 -5.09311759
 -5.03596783 -4.97931035 -4.92332139 -4.86817718 -4.81405392 -4.76112786
 -4.7095752  -4.65957218 -4.61129502 -4.56491994 -4.52062316 -4.47858092
 -4.43896942 -4.40196491 -4.36774093 -4.33642068 -4.30808226 -4.28280223
 -4.2606571  -4.24172342 -4.22607772 -4.21379654 -4.20495641 -4.19963386
 -4.19790544 -4.19984767 -4.20553709 -4.21505023 -4.22846363 -4.24585383
 -4.26729736 -4.29287075 -4.32265054 -4.35671326 -4.39513546 -4.43799365
 -4.48536439 -4.5373242  -4.59394961 -4.65531717 -4.72150341 -4.79258485
 -4.86863805 -4.94973953 -5.03596582 -5.12739347 -5.224099   -5.32615896
 -5.43364987 -5.54664827 -5.6652307  -5.78947368]
d_x_fitting=[  2.58397933  12.63278783  22.68159633  32.73040482  42.77921332
  52.82802182  62.87683032  72.92563882  82.97444732  93.02325581
 103.07206431 113.12087281 123.16968131 133.21848981 143.26729831
 153.3161068  163.3649153  173.4137238  183.4625323  193.5113408
 203.5601493  213.6089578  223.65776629 233.70657479 243.75538329
 253.80419179 263.85300029 273.90180879 283.95061728 293.99942578
 304.04823428 314.09704278 324.14585128 334.19465978 344.24346827
 354.29227677 364.34108527 374.38989377 384.43870227 394.48751077
 404.53631927 414.58512776 424.63393626 434.68274476 444.73155326
 454.78036176 464.82917026 474.87797875 484.92678725 494.97559575
 505.02440425 515.07321275 525.12202125 535.17082974 545.21963824
 555.26844674 565.31725524 575.36606374 585.41487224 595.46368073
 605.51248923 615.56129773 625.61010623 635.65891473 645.70772323
 655.75653173 665.80534022 675.85414872 685.90295722 695.95176572
 706.00057422 716.04938272 726.09819121 736.14699971 746.19580821
 756.24461671 766.29342521 776.34223371 786.3910422  796.4398507
 806.4886592  816.5374677  826.5862762  836.6350847  846.6838932
 856.73270169 866.78151019 876.83031869 886.87912719 896.92793569
 906.97674419 917.02555268 927.07436118 937.12316968 947.17197818
 957.22078668 967.26959518 977.31840367 987.36721217 997.41602067]
d_y_fitting=[-1.92982456 -1.92111754 -1.91276003 -1.90474673 -1.89707233 -1.88973149
 -1.88271893 -1.87602931 -1.86965732 -1.86359766 -1.857845   -1.85239403
 -1.84723944 -1.84237592 -1.83779814 -1.8335008  -1.82947858 -1.82572617
 -1.82223824 -1.8190095  -1.81603462 -1.8133083  -1.81082521 -1.80858004
 -1.80656747 -1.8047822  -1.80321891 -1.80187229 -1.80073702 -1.79980778
 -1.79907926 -1.79854616 -1.79820315 -1.79804491 -1.79806615 -1.79826153
 -1.79862575 -1.7991535  -1.79983945 -1.8006783  -1.80166473 -1.80279343
 -1.80405908 -1.80545637 -1.80697998 -1.8086246  -1.81038492 -1.81225561
 -1.81423138 -1.8163069  -1.81847685 -1.82073594 -1.82307883 -1.82550022
 -1.82799479 -1.83055723 -1.83318222 -1.83586445 -1.83859861 -1.84137938
 -1.84420144 -1.84705949 -1.84994821 -1.85286228 -1.85579639 -1.85874523
 -1.86170348 -1.86466583 -1.86762696 -1.87058156 -1.87352432 -1.87644992
 -1.87935304 -1.88222838 -1.88507062 -1.88787444 -1.89063453 -1.89334557
 -1.89600226 -1.89859928 -1.90113131 -1.90359304 -1.90597915 -1.90828433
 -1.91050328 -1.91263066 -1.91466117 -1.9165895  -1.91841032 -1.92011834
 -1.92170822 -1.92317466 -1.92451235 -1.92571596 -1.92678019 -1.92769972
 -1.92846924 -1.92908342 -1.92953697 -1.92982456]