
p_x=[3.4453057708871664, 94.74590869939708, 224.8062015503876, 287.6830318690784, 345.3919035314384, 476.3135228251507, 560.7235142118863, 645.1335055986219, 701.9810508182601, 784.668389319552, 838.0706287683032, 868.2170542635658, 900.947459086994, 957.7950043066322, 995.693367786391]
p_y=[1.5294117647058822, 1.5294117647058822, 1.5294117647058822, 3.1764705882352935, 3.2941176470588243, 3.0588235294117645, 3.0588235294117645, 4.23529411764706, 4.23529411764706, 0.8235294117647065, 0.23529411764705976, 0.23529411764705976, 1.4117647058823533, 2.11764705882353, 1.764705882352942]
a_x=[4.3066322136089585, 107.66580534022395, 223.9448751076658, 296.2962962962963, 347.9758828596038, 393.62618432385875, 511.6279069767442, 585.7019810508183, 755.3832902670113, 875.1076658053403, 990.5254091300602]
a_y=[-3.099415204678362, -3.2163742690058488, -2.7485380116959064, -1.2280701754385959, -1.2280701754385959, -0.8771929824561404, -0.6432748538011701, -0.6432748538011701, -0.5263157894736832, -0.7602339181286553, -0.9941520467836256]
d_x=[0.8613264427217916, 108.52713178294573, 224.8062015503876, 342.80792420327305, 431.5245478036176, 471.14556416882, 571.0594315245479, 680.4478897502153, 763.1352282515073, 784.668389319552, 823.4280792420327, 851.8518518518518, 883.7209302325582, 949.1817398794143, 999.1386735572783]
d_y=[1.6959064327485383, 1.578947368421053, 1.6959064327485383, 1.8128654970760234, 4.035087719298246, 4.385964912280702, 4.736842105263158, 4.619883040935672, 3.333333333333334, 1.461988304093568, 1.2280701754385976, 0.9941520467836256, 2.8654970760233924, 3.2163742690058488, 2.8654970760233924]
p_x_fitting=[  3.44530577  13.46801347  23.49072117  33.51342886  43.53613656
  53.55884426  63.58155195  73.60425965  83.62696735  93.64967505
 103.67238274 113.69509044 123.71779814 133.74050583 143.76321353
 153.78592123 163.80862892 173.83133662 183.85404432 193.87675202
 203.89945971 213.92216741 223.94487511 233.9675828  243.9902905
 254.0129982  264.0357059  274.05841359 284.08112129 294.10382899
 304.12653668 314.14924438 324.17195208 334.19465978 344.21736747
 354.24007517 364.26278287 374.28549056 384.30819826 394.33090596
 404.35361366 414.37632135 424.39902905 434.42173675 444.44444444
 454.46715214 464.48985984 474.51256754 484.53527523 494.55798293
 504.58069063 514.60339832 524.62610602 534.64881372 544.67152142
 554.69422911 564.71693681 574.73964451 584.7623522  594.7850599
 604.8077676  614.8304753  624.85318299 634.87589069 644.89859839
 654.92130608 664.94401378 674.96672148 684.98942918 695.01213687
 705.03484457 715.05755227 725.08025996 735.10296766 745.12567536
 755.14838306 765.17109075 775.19379845 785.21650615 795.23921384
 805.26192154 815.28462924 825.30733694 835.33004463 845.35275233
 855.37546003 865.39816772 875.42087542 885.44358312 895.46629082
 905.48899851 915.51170621 925.53441391 935.5571216  945.5798293
 955.602537   965.6252447  975.64795239 985.67066009 995.69336779]
p_y_fitting=[1.52941176 1.66466191 1.75530903 1.80609891 1.82177734 1.80709013
 1.76678305 1.7056019  1.62829247 1.53960056 1.44427196 1.34705245
 1.25268783 1.1659239  1.09150644 1.03418125 0.99869411 0.98979083
 1.01221719 1.07071898 1.170042   1.31493204 1.51013488 1.75711187
 2.04030403 2.33865584 2.63110908 2.89660549 3.11408685 3.26405847
 3.34703355 3.37736012 3.36966224 3.33856397 3.29868936 3.2628694
 3.23371279 3.21021112 3.1913518  3.17612222 3.16350978 3.15250189
 3.14208595 3.13124935 3.1189795  3.1042638  3.08608964 3.06344444
 3.03579848 3.00596699 2.9781811  2.95667699 2.94569087 2.94945893
 2.97221736 3.01820235 3.09154928 3.19243756 3.31588655 3.45656857
 3.60915598 3.76832111 3.92873631 4.08507392 4.23200629 4.36219645
 4.45968461 4.50619832 4.48346512 4.37321255 4.1573845  3.83404669
 3.42824936 2.96761395 2.47976194 1.9923148  1.53289398 1.12912096
 0.80861572 0.58839155 0.44943601 0.36509522 0.30871526 0.25364225
 0.18002675 0.13211242 0.18932816 0.42061325 0.78991844 1.20232143
 1.56391209 1.82895654 2.00616793 2.10718177 2.14363359 2.12715892
 2.06939329 1.98197222 1.87653124 1.76470588]
a_x_fitting=[  4.30663221  14.26843804  24.23024387  34.1920497   44.15385552
  54.11566135  64.07746718  74.03927301  84.00107883  93.96288466
 103.92469049 113.88649632 123.84830214 133.81010797 143.7719138
 153.73371963 163.69552545 173.65733128 183.61913711 193.58094293
 203.54274876 213.50455459 223.46636042 233.42816624 243.38997207
 253.3517779  263.31358373 273.27538955 283.23719538 293.19900121
 303.16080704 313.12261286 323.08441869 333.04622452 343.00803035
 352.96983617 362.931642   372.89344783 382.85525366 392.81705948
 402.77886531 412.74067114 422.70247697 432.66428279 442.62608862
 452.58789445 462.54970028 472.5115061  482.47331193 492.43511776
 502.39692359 512.35872941 522.32053524 532.28234107 542.2441469
 552.20595272 562.16775855 572.12956438 582.09137021 592.05317603
 602.01498186 611.97678769 621.93859351 631.90039934 641.86220517
 651.824011   661.78581682 671.74762265 681.70942848 691.67123431
 701.63304013 711.59484596 721.55665179 731.51845762 741.48026344
 751.44206927 761.4038751  771.36568093 781.32748675 791.28929258
 801.25109841 811.21290424 821.17471006 831.13651589 841.09832172
 851.06012755 861.02193337 870.9837392  880.94554503 890.90735086
 900.86915668 910.83096251 920.79276834 930.75457417 940.71637999
 950.67818582 960.63999165 970.60179748 980.5636033  990.52540913]
a_y_fitting=[-3.0994152  -3.03043967 -2.9872483  -2.96673721 -2.96580252 -2.98134036
 -3.01024684 -3.04941808 -3.0957502  -3.14613932 -3.19748155 -3.24667302
 -3.29060984 -3.32618814 -3.35030402 -3.35985362 -3.35173305 -3.32283842
 -3.27006586 -3.19031149 -3.08047142 -2.93744177 -2.75811867 -2.54204691
 -2.3010106  -2.05032671 -1.80531255 -1.58128545 -1.3935627  -1.25746162
 -1.18621982 -1.17076434 -1.18846743 -1.21651031 -1.23207417 -1.21311398
 -1.15527148 -1.07181489 -0.97677412 -0.88417904 -0.80603169 -0.74397505
 -0.69635283 -0.66150737 -0.637781   -0.62351604 -0.61705483 -0.6167397
 -0.62091298 -0.62791699 -0.63609406 -0.64378665 -0.64968873 -0.65362399
 -0.65564261 -0.65579475 -0.65413059 -0.65070029 -0.64555402 -0.63875208
 -0.63048572 -0.62103751 -0.61069188 -0.59973327 -0.58844609 -0.57711478
 -0.56602376 -0.55545747 -0.54570033 -0.53703676 -0.52975121 -0.52412809
 -0.52045184 -0.51900688 -0.52007765 -0.52394856 -0.53088387 -0.54085103
 -0.55359165 -0.56884165 -0.58633697 -0.60581354 -0.62700731 -0.64965419
 -0.67349014 -0.69825108 -0.72367295 -0.74949168 -0.77544321 -0.80126347
 -0.8266884  -0.85145393 -0.875296   -0.89795054 -0.91915349 -0.93864078
 -0.95614834 -0.97141212 -0.98416804 -0.99415205]
d_x_fitting=[8.61326443e-01 1.09449360e+01 2.10285456e+01 3.11121551e+01
 4.11957647e+01 5.12793743e+01 6.13629838e+01 7.14465934e+01
 8.15302030e+01 9.16138125e+01 1.01697422e+02 1.11781032e+02
 1.21864641e+02 1.31948251e+02 1.42031860e+02 1.52115470e+02
 1.62199080e+02 1.72282689e+02 1.82366299e+02 1.92449908e+02
 2.02533518e+02 2.12617127e+02 2.22700737e+02 2.32784346e+02
 2.42867956e+02 2.52951566e+02 2.63035175e+02 2.73118785e+02
 2.83202394e+02 2.93286004e+02 3.03369613e+02 3.13453223e+02
 3.23536833e+02 3.33620442e+02 3.43704052e+02 3.53787661e+02
 3.63871271e+02 3.73954880e+02 3.84038490e+02 3.94122100e+02
 4.04205709e+02 4.14289319e+02 4.24372928e+02 4.34456538e+02
 4.44540147e+02 4.54623757e+02 4.64707367e+02 4.74790976e+02
 4.84874586e+02 4.94958195e+02 5.05041805e+02 5.15125414e+02
 5.25209024e+02 5.35292633e+02 5.45376243e+02 5.55459853e+02
 5.65543462e+02 5.75627072e+02 5.85710681e+02 5.95794291e+02
 6.05877900e+02 6.15961510e+02 6.26045120e+02 6.36128729e+02
 6.46212339e+02 6.56295948e+02 6.66379558e+02 6.76463167e+02
 6.86546777e+02 6.96630387e+02 7.06713996e+02 7.16797606e+02
 7.26881215e+02 7.36964825e+02 7.47048434e+02 7.57132044e+02
 7.67215654e+02 7.77299263e+02 7.87382873e+02 7.97466482e+02
 8.07550092e+02 8.17633701e+02 8.27717311e+02 8.37800920e+02
 8.47884530e+02 8.57968140e+02 8.68051749e+02 8.78135359e+02
 8.88218968e+02 8.98302578e+02 9.08386187e+02 9.18469797e+02
 9.28553407e+02 9.38637016e+02 9.48720626e+02 9.58804235e+02
 9.68887845e+02 9.78971454e+02 9.89055064e+02 9.99138674e+02]
d_y_fitting=[1.69590643 1.62870229 1.57710231 1.53973084 1.51521221 1.50217078
 1.49923088 1.50501688 1.5181531  1.5372639  1.56097363 1.58790662
 1.61668722 1.64593979 1.67428865 1.70035817 1.72277268 1.74015653
 1.75113407 1.75432963 1.74836758 1.73187225 1.70346798 1.6623521
 1.61207832 1.55820157 1.50628731 1.461901   1.43060811 1.41797409
 1.42956441 1.47094454 1.54767993 1.66533605 1.82947626 2.04182532
 2.29232352 2.56865724 2.85851288 3.14957684 3.4295355  3.68607526
 3.90688251 4.07975649 4.20191667 4.28695384 4.35009638 4.4064355
 4.46428366 4.52220555 4.57801015 4.62950649 4.67450355 4.71081037
 4.73623592 4.74858924 4.74567931 4.72543719 4.68933323 4.64283936
 4.59164241 4.54142923 4.49788665 4.4667015  4.45356064 4.46415088
 4.50415909 4.57927208 4.69350444 4.82632137 4.93852875 4.99046609
 4.94247287 4.7548886  4.38805278 3.8023049  2.96269983 2.01265541
 1.32252236 1.08162013 1.11800203 1.22081036 1.18521868 1.00920809
 0.93723601 1.21065388 1.80871281 2.5123519  3.10146364 3.47197719
 3.65340165 3.68263572 3.59657808 3.43212743 3.22618246 3.01564187
 2.83740434 2.72836857 2.72543325 2.86549708]