
p_x=[3.4453057708871664, 340.22394487510763, 757.9672695951766, 900.947459086994, 997.4160206718346]
p_y=[1.1764705882352935, 1.1764705882352935, 1.1764705882352935, 1.2941176470588225, 1.4117647058823533]
a_x=[5.167958656330749, 303.1869078380706, 534.8837209302325, 791.5590008613265, 994.8320413436692]
a_y=[-6.491228070175438, -6.257309941520468, -6.257309941520468, -6.374269005847953, -6.374269005847953]
d_x=[1.7226528854435832, 29.285099052540914, 40.482342807924205, 58.57019810508183, 78.38070628768304, 94.74590869939708, 120.58570198105082, 153.31610680447892, 178.29457364341087, 198.96640826873386, 210.16365202411714, 225.6675279931094, 238.58742463393625, 270.4565030146425, 334.1946597760551, 345.3919035314384, 425.495262704565, 473.7295434969854, 491.817398794143, 510.76658053402235, 521.102497846684, 532.2997416020671, 538.3290267011197, 549.5262704565031, 559.8621877691645, 583.9793281653747, 600.3445305770887, 617.5710594315245, 629.6296296296297, 640.8268733850128, 649.4401378122309, 658.0534022394487, 711.4556416881999, 758.8285960378984, 902.6701119724376, 993.9707149009474]
d_y=[1.1111111111111107, 1.3450292397660828, 1.578947368421053, 1.461988304093568, 0.6432748538011701, -0.9941520467836256, -1.1111111111111107, -1.1111111111111107, -0.9941520467836256, -1.1111111111111107, 0.8771929824561404, 1.3450292397660828, 1.2280701754385976, 1.461988304093568, 1.2280701754385976, 1.1111111111111107, 0.9941520467836256, 1.2280701754385976, 1.3450292397660828, 1.2280701754385976, 1.3450292397660828, 1.1111111111111107, -1.1111111111111107, -1.2280701754385959, -1.4619883040935662, -1.578947368421053, -1.578947368421053, -1.3450292397660828, -1.1111111111111107, -0.9941520467836256, 1.1111111111111107, 1.2280701754385976, 1.1111111111111107, 0.9941520467836256, 1.2280701754385976, 0.9941520467836256]
p_x_fitting=[  3.44530577  13.485414    23.52552223  33.56563046  43.6057387
  53.64584693  63.68595516  73.72606339  83.76617162  93.80627985
 103.84638808 113.88649632 123.92660455 133.96671278 144.00682101
 154.04692924 164.08703747 174.1271457  184.16725393 194.20736217
 204.2474704  214.28757863 224.32768686 234.36779509 244.40790332
 254.44801155 264.48811979 274.52822802 284.56833625 294.60844448
 304.64855271 314.68866094 324.72876917 334.7688774  344.80898564
 354.84909387 364.8892021  374.92931033 384.96941856 395.00952679
 405.04963502 415.08974326 425.12985149 435.16995972 445.21006795
 455.25017618 465.29028441 475.33039264 485.37050087 495.41060911
 505.45071734 515.49082557 525.5309338  535.57104203 545.61115026
 555.65125849 565.69136672 575.73147496 585.77158319 595.81169142
 605.85179965 615.89190788 625.93201611 635.97212434 646.01223258
 656.05234081 666.09244904 676.13255727 686.1726655  696.21277373
 706.25288196 716.29299019 726.33309843 736.37320666 746.41331489
 756.45342312 766.49353135 776.53363958 786.57374781 796.61385605
 806.65396428 816.69407251 826.73418074 836.77428897 846.8143972
 856.85450543 866.89461366 876.9347219  886.97483013 897.01493836
 907.05504659 917.09515482 927.13526305 937.17537128 947.21547952
 957.25558775 967.29569598 977.33580421 987.37591244 997.41602067]
p_y_fitting=[1.17647059 1.18073877 1.18463307 1.18816408 1.19134243 1.19417872
 1.19668357 1.19886759 1.20074139 1.20231559 1.20360079 1.20460762
 1.20534667 1.20582858 1.20606394 1.20606337 1.20583748 1.20539689
 1.20475221 1.20391404 1.20289301 1.20169972 1.20034479 1.19883883
 1.19719246 1.19541627 1.1935209  1.19151694 1.18941502 1.18722574
 1.18495972 1.18262757 1.1802399  1.17780733 1.17534046 1.17284991
 1.1703463  1.16784023 1.16534231 1.16286317 1.16041341 1.15800364
 1.15564448 1.15334654 1.15112043 1.14897676 1.14692616 1.14497922
 1.14314656 1.1414388  1.13986654 1.13844041 1.137171   1.13606894
 1.13514484 1.13440931 1.13387295 1.1335464  1.13344024 1.13356511
 1.13393161 1.13455035 1.13543195 1.13658702 1.13802617 1.13976002
 1.14179917 1.14415424 1.14683584 1.14985459 1.15322109 1.15694596
 1.16103981 1.16551326 1.17037691 1.17564138 1.18131556 1.18739748
 1.19388093 1.20075967 1.2080275  1.21567818 1.22370549 1.23210321
 1.24086512 1.249985   1.25945661 1.26927375 1.27943018 1.28991968
 1.30073603 1.31187301 1.3233244  1.33508397 1.34714549 1.35950275
 1.37214953 1.38507959 1.39828673 1.41176471]
a_x_fitting=[  5.16795866  15.16456555  25.16117245  35.15777934  45.15438624
  55.15099314  65.14760003  75.14420693  85.14081382  95.13742072
 105.13402761 115.13063451 125.12724141 135.1238483  145.1204552
 155.11706209 165.11366899 175.11027589 185.10688278 195.10348968
 205.10009657 215.09670347 225.09331036 235.08991726 245.08652416
 255.08313105 265.07973795 275.07634484 285.07295174 295.06955864
 305.06616553 315.06277243 325.05937932 335.05598622 345.05259311
 355.04920001 365.04580691 375.0424138  385.0390207  395.03562759
 405.03223449 415.02884139 425.02544828 435.02205518 445.01866207
 455.01526897 465.01187586 475.00848276 485.00508966 495.00169655
 504.99830345 514.99491034 524.99151724 534.98812414 544.98473103
 554.98133793 564.97794482 574.97455172 584.97115861 594.96776551
 604.96437241 614.9609793  624.9575862  634.95419309 644.95079999
 654.94740689 664.94401378 674.94062068 684.93722757 694.93383447
 704.93044136 714.92704826 724.92365516 734.92026205 744.91686895
 754.91347584 764.91008274 774.90668964 784.90329653 794.89990343
 804.89651032 814.89311722 824.88972411 834.88633101 844.88293791
 854.8795448  864.8761517  874.87275859 884.86936549 894.86597239
 904.86257928 914.85918618 924.85579307 934.85239997 944.84900686
 954.84561376 964.84222066 974.83882755 984.83543445 994.83204134]
a_y_fitting=[-6.49122807 -6.47887002 -6.46683425 -6.45511978 -6.44372563 -6.43265082
 -6.42189436 -6.41145527 -6.40133258 -6.39152528 -6.38203242 -6.37285299
 -6.36398603 -6.35543054 -6.34718554 -6.33925006 -6.33162311 -6.3243037
 -6.31729086 -6.31058361 -6.30418095 -6.29808191 -6.2922855  -6.28679075
 -6.28159666 -6.27670227 -6.27210658 -6.26780861 -6.26380738 -6.26010191
 -6.25669122 -6.25357432 -6.25075023 -6.24821797 -6.24597655 -6.244025
 -6.24236233 -6.24098755 -6.2398997  -6.23909777 -6.2385808  -6.2383478
 -6.23839778 -6.23872976 -6.23934277 -6.24023582 -6.24140792 -6.2428581
 -6.24458537 -6.24658875 -6.24886725 -6.2514199  -6.25424571 -6.2573437
 -6.26070968 -6.26432703 -6.2681761  -6.27223727 -6.2764909  -6.28091735
 -6.28549699 -6.29021018 -6.29503728 -6.29995866 -6.30495469 -6.31000572
 -6.31509212 -6.32019426 -6.32529249 -6.33036719 -6.33539872 -6.34036743
 -6.3452537  -6.35003789 -6.35470036 -6.35922148 -6.36358162 -6.36776112
 -6.37174037 -6.37549972 -6.37901953 -6.38228018 -6.38526202 -6.38794542
 -6.39031075 -6.39233836 -6.39400863 -6.39530191 -6.39619857 -6.39667897
 -6.39672349 -6.39631247 -6.39542629 -6.39404531 -6.39214989 -6.3897204
 -6.3867372  -6.38318066 -6.37903114 -6.37426901]
d_x_fitting=[  1.72265289  11.74536058  21.76806828  31.79077598  41.81348367
  51.83619137  61.85889907  71.88160677  81.90431446  91.92702216
 101.94972986 111.97243755 121.99514525 132.01785295 142.04056065
 152.06326834 162.08597604 172.10868374 182.13139143 192.15409913
 202.17680683 212.19951453 222.22222222 232.24492992 242.26763762
 252.29034531 262.31305301 272.33576071 282.3584684  292.3811761
 302.4038838  312.4265915  322.44929919 332.47200689 342.49471459
 352.51742228 362.54012998 372.56283768 382.58554538 392.60825307
 402.63096077 412.65366847 422.67637616 432.69908386 442.72179156
 452.74449926 462.76720695 472.78991465 482.81262235 492.83533004
 502.85803774 512.88074544 522.90345314 532.92616083 542.94886853
 552.97157623 562.99428392 573.01699162 583.03969932 593.06240702
 603.08511471 613.10782241 623.13053011 633.1532378  643.1759455
 653.1986532  663.2213609  673.24406859 683.26677629 693.28948399
 703.31219168 713.33489938 723.35760708 733.38031478 743.40302247
 753.42573017 763.44843787 773.47114556 783.49385326 793.51656096
 803.53926866 813.56197635 823.58468405 833.60739175 843.63009944
 853.65280714 863.67551484 873.69822254 883.72093023 893.74363793
 903.76634563 913.78905332 923.81176102 933.83446872 943.85717642
 953.87988411 963.90259181 973.92529951 983.9480072  993.9707149 ]
d_y_fitting=[ 1.11111111  0.97571261  1.1413559   1.41168931  1.59048648  1.55878169
  1.40364578  1.08203573  0.30087769 -0.76431189 -1.29893614 -1.2655481
 -1.09495322 -1.08049342 -1.1388157  -1.12510278 -0.95084017 -0.85630206
 -1.1838356  -1.54550762 -0.5907192   1.11735003  1.40673369  1.25802391
  1.23057598  1.28986284  1.38764878  1.47552369  1.52015972  1.52308273
  1.49072682  1.42952611  1.34591471  1.24632673  1.13977183  1.05044931
  0.98774322  0.94844752  0.92920724  0.92666742  0.93747308  0.95826925
  0.98570097  1.01682228  1.05264414  1.0963964   1.15133338  1.22070944
  1.30033979  1.34657192  1.31470774  1.19822219  1.48515143  0.91393259
 -1.66038539 -1.17128173 -1.57810703 -1.67347816 -1.58555791 -1.56708041
 -1.5762062  -1.46948187 -1.14188859 -1.26865914 -0.46876988  1.40339736
  0.99240365  0.75122899  0.72626751  0.83564664  0.99749382  1.13005362
  1.18085422  1.16509588  1.10750872  1.03282288  0.96533304  0.91721177
  0.88720848  0.87337611  0.87376762  0.88643593  0.90943398  0.94081473
  0.9786311   1.02093605  1.06578251  1.11122341  1.15531172  1.19610035
  1.23164226  1.25999038  1.27919767  1.28731704  1.28240146  1.26250386
  1.22567717  1.16997435  1.09344833  0.99415205]