
p_x=[2.5839793281653747, 262.70456503014645, 557.2782084409992, 614.9870801033591, 663.2213608957795, 673.5572782084411, 702.8423772609818, 726.0981912144703, 786.3910422049956, 885.4435831180017, 991.3867355727821]
p_y=[1.4117647058823533, 0.8235294117647065, 2.0, 2.3529411764705888, 2.11764705882353, 3.4117647058823533, 4.0, 4.352941176470589, 3.88235294117647, 1.882352941176471, 1.764705882352942]
a_x=[2.5839793281653747, 87.85529715762273, 178.29457364341087, 244.6167097329888, 320.4134366925064, 425.495262704565, 487.51076658053404, 526.2704565030147, 587.4246339362619, 604.6511627906976, 636.5202411714039, 663.2213608957795, 765.7192075796727, 836.3479758828596, 881.1369509043928, 988.8027562446167]
a_y=[-4.385964912280702, -3.450292397660819, -2.280701754385966, 0.7602339181286553, 0.9941520467836256, -2.280701754385966, -2.397660818713449, 0.4093567251461998, 0.9941520467836256, 1.461988304093568, 0.6432748538011701, -0.4093567251461998, -1.3450292397660828, 0.526315789473685, 1.9298245614035086, 1.578947368421053]
d_x=[4.3066322136089585, 239.44875107665806, 499.5693367786391, 653.7467700258399, 849.2678725236865, 996.5546942291128]
d_y=[1.578947368421053, 0.6432748538011701, 2.514619883040936, 3.450292397660819, 3.6842105263157894, 2.0467836257309946]
p_x_fitting=[  2.58397933  12.57188596  22.55979259  32.54769921  42.53560584
  52.52351247  62.5114191   72.49932573  82.48723236  92.47513899
 102.46304562 112.45095224 122.43885887 132.4267655  142.41467213
 152.40257876 162.39048539 172.37839202 182.36629865 192.35420527
 202.3421119  212.33001853 222.31792516 232.30583179 242.29373842
 252.28164505 262.26955168 272.2574583  282.24536493 292.23327156
 302.22117819 312.20908482 322.19699145 332.18489808 342.17280471
 352.16071133 362.14861796 372.13652459 382.12443122 392.11233785
 402.10024448 412.08815111 422.07605773 432.06396436 442.05187099
 452.03977762 462.02768425 472.01559088 482.00349751 491.99140414
 501.97931076 511.96721739 521.95512402 531.94303065 541.93093728
 551.91884391 561.90675054 571.89465717 581.88256379 591.87047042
 601.85837705 611.84628368 621.83419031 631.82209694 641.81000357
 651.7979102  661.78581682 671.77372345 681.76163008 691.74953671
 701.73744334 711.72534997 721.7132566  731.70116323 741.68906985
 751.67697648 761.66488311 771.65278974 781.64069637 791.628603
 801.61650963 811.60441626 821.59232288 831.58022951 841.56813614
 851.55604277 861.5439494  871.53185603 881.51976266 891.50766929
 901.49557591 911.48348254 921.47138917 931.4592958  941.44720243
 951.43510906 961.42301569 971.41092232 981.39882894 991.38673557]
p_y_fitting=[1.41176471 1.50328573 1.58068457 1.64458626 1.69561586 1.73439842
 1.76155897 1.77772258 1.78351428 1.77955913 1.76648217 1.74490845
 1.71546301 1.67877091 1.63545719 1.5861469  1.53146509 1.4720368
 1.40848708 1.34144098 1.27152355 1.19935983 1.12557487 1.05079372
 0.97564143 0.90074304 0.8267236  0.75420817 0.68382178 0.61618948
 0.55193632 0.49168735 0.43606762 0.38570218 0.34121606 0.30323432
 0.27238201 0.24928418 0.23456586 0.22885211 0.23276798 0.24693852
 0.27198876 0.30854376 0.35722857 0.41866824 0.4934878  0.58231231
 0.68576682 0.80447637 0.93906602 1.0901608  1.25838577 1.44436597
 1.64872645 1.87209227 2.11436175 2.35545505 2.55331262 2.6647468
 2.64656988 2.45559419 2.06293413 1.59507356 1.27379393 1.32225707
 1.9636248  3.21004468 3.97412635 4.09306966 4.00371033 4.07349075
 4.27028635 4.4288401  4.48164153 4.44465518 4.33651972 4.17587381
 3.98135611 3.77121642 3.55570702 3.33757579 3.11928047 2.9032788
 2.69202852 2.48798739 2.29361312 2.11136348 1.9436962  1.79306902
 1.66193968 1.55276592 1.46800549 1.41011613 1.38155558 1.38478157
 1.42225186 1.49642418 1.60975627 1.76470588]
a_x_fitting=[  2.58397933  12.54578516  22.50759098  32.46939681  42.43120264
  52.39300847  62.35481429  72.31662012  82.27842595  92.24023178
 102.2020376  112.16384343 122.12564926 132.08745508 142.04926091
 152.01106674 161.97287257 171.93467839 181.89648422 191.85829005
 201.82009588 211.7819017  221.74370753 231.70551336 241.66731919
 251.62912501 261.59093084 271.55273667 281.5145425  291.47634832
 301.43815415 311.39995998 321.36176581 331.32357163 341.28537746
 351.24718329 361.20898912 371.17079494 381.13260077 391.0944066
 401.05621243 411.01801825 420.97982408 430.94162991 440.90343574
 450.86524156 460.82704739 470.78885322 480.75065905 490.71246487
 500.6742707  510.63607653 520.59788235 530.55968818 540.52149401
 550.48329984 560.44510566 570.40691149 580.36871732 590.33052315
 600.29232897 610.2541348  620.21594063 630.17774646 640.13955228
 650.10135811 660.06316394 670.02496977 679.98677559 689.94858142
 699.91038725 709.87219308 719.8339989  729.79580473 739.75761056
 749.71941639 759.68122221 769.64302804 779.60483387 789.5666397
 799.52844552 809.49025135 819.45205718 829.41386301 839.37566883
 849.33747466 859.29928049 869.26108632 879.22289214 889.18469797
 899.1465038  909.10830963 919.07011545 929.03192128 938.99372711
 948.95553293 958.91733876 968.87914459 978.84095042 988.80275624]
a_y_fitting=[-4.38596491 -4.09450456 -3.87110484 -3.70667791 -3.59213594 -3.51839111
 -3.47635558 -3.45694152 -3.45106111 -3.44962651 -3.44354989 -3.42374343
 -3.38111929 -3.30658964 -3.19106665 -3.0254625  -2.80068936 -2.50765938
 -2.13757118 -1.69577255 -1.20795495 -0.70138657 -0.20333561  0.25892975
  0.65814131  0.96906448  1.18717274  1.32002733  1.37534075  1.36082552
  1.28419417  1.15315923  0.97543282  0.75814686  0.50668475  0.22610187
 -0.07854643 -0.40220477 -0.73981779 -1.08633013 -1.43668641 -1.78583127
 -2.12870935 -2.45925918 -2.75266273 -2.96749906 -3.06177391 -2.993493
 -2.72066205 -2.20235185 -1.46739283 -0.6562515   0.08058034  0.59578052
  0.84560205  0.91047112  0.87814568  0.8363837   0.8729431   1.07379595
  1.3769894   1.47791312  1.2864912   0.91661866  0.48780425  0.07711171
 -0.29914045 -0.62995022 -0.91132402 -1.14359672 -1.32716713 -1.46243407
 -1.54979636 -1.58965281 -1.58240224 -1.52844347 -1.4281753  -1.28205206
 -1.09276573 -0.86596227 -0.60748987 -0.32319673 -0.01893105  0.29945899
  0.62611764  0.95462339  1.27760578  1.5876037   1.87715606  2.13880173
  2.36507962  2.54852861  2.6816876   2.75709548  2.76729114  2.70481347
  2.56220136  2.33199372  2.00672942  1.57894737]
d_x_fitting=[  4.30663221  14.32933991  24.35204761  34.3747553   44.397463
  54.4201707   64.4428784   74.46558609  84.48829379  94.51100149
 104.53370918 114.55641688 124.57912458 134.60183228 144.62453997
 154.64724767 164.66995537 174.69266306 184.71537076 194.73807846
 204.76078616 214.78349385 224.80620155 234.82890925 244.85161694
 254.87432464 264.89703234 274.91974004 284.94244773 294.96515543
 304.98786313 315.01057082 325.03327852 335.05598622 345.07869392
 355.10140161 365.12410931 375.14681701 385.1695247  395.1922324
 405.2149401  415.2376478  425.26035549 435.28306319 445.30577089
 455.32847858 465.35118628 475.37389398 485.39660168 495.41930937
 505.44201707 515.46472477 525.48743246 535.51014016 545.53284786
 555.55555556 565.57826325 575.60097095 585.62367865 595.64638634
 605.66909404 615.69180174 625.71450944 635.73721713 645.75992483
 655.78263253 665.80534022 675.82804792 685.85075562 695.87346332
 705.89617101 715.91887871 725.94158641 735.9642941  745.9870018
 756.0097095  766.0324172  776.05512489 786.07783259 796.10054029
 806.12324798 816.14595568 826.16866338 836.19137108 846.21407877
 856.23678647 866.25949417 876.28220186 886.30490956 896.32761726
 906.35032495 916.37303265 926.39574035 936.41844805 946.44115574
 956.46386344 966.48657114 976.50927883 986.53198653 996.55469423]
d_y_fitting=[1.57894737 1.44094633 1.3135458  1.19648526 1.08950418 0.99234205
 0.90473835 0.82643257 0.75716418 0.69667266 0.64469749 0.60097817
 0.56525416 0.53726496 0.51675004 0.50344888 0.49710097 0.49744578
 0.5042228  0.51717151 0.5360314  0.56054193 0.59044261 0.62547289
 0.66537228 0.70988024 0.75873626 0.81167983 0.86845042 0.92878751
 0.99243059 1.05911914 1.12859264 1.20059057 1.27485241 1.35111764
 1.42912575 1.50861622 1.58932853 1.67100215 1.75337658 1.83619129
 1.91918577 2.00209949 2.08467194 2.1666426  2.24775095 2.32773647
 2.40633864 2.48329695 2.55836052 2.63143105 2.70253211 2.77169071
 2.83893381 2.90428841 2.96778149 3.02944003 3.08929103 3.14736146
 3.20367831 3.25826856 3.3111592  3.36237722 3.41194959 3.45990283
 3.50616641 3.5504552  3.59245534 3.63185294 3.66833414 3.70158505
 3.7312918  3.75714051 3.77881732 3.79600835 3.80839972 3.81567755
 3.81752798 3.81363713 3.80369112 3.78737608 3.76437813 3.7343834
 3.69707801 3.65214809 3.59927977 3.53815917 3.46847241 3.38990562
 3.30214493 3.20487645 3.09778633 2.98056067 2.85288561 2.71444727
 2.56493177 2.40402525 2.23141383 2.04678363]