
p_x=[1.7226528854435832, 88.71662360034453, 105.94315245478036, 118.00172265288545, 147.28682170542638, 178.29457364341087, 260.98191214470285, 282.51507321274767, 308.35486649440134, 321.2747631352282, 344.53057708871665, 368.64771748492683, 425.495262704565, 479.7588285960379, 525.4091300602929, 550.3875968992248, 582.2566752799311, 614.9870801033591, 644.2721791559001, 703.7037037037037, 763.1352282515073, 914.7286821705426, 997.4160206718346]
p_y=[-1.0588235294117645, -0.7058823529411757, -1.5294117647058805, -2.4705882352941178, -2.8235294117647065, -2.8235294117647065, -2.4705882352941178, -2.2352941176470598, -2.117647058823529, -1.1764705882352935, -0.9411764705882355, -1.0588235294117645, -1.1764705882352935, -1.1764705882352935, -1.4117647058823515, -2.5882352941176467, -2.5882352941176467, -2.2352941176470598, -1.4117647058823515, -1.1764705882352935, -1.1764705882352935, -1.1764705882352935, -0.9411764705882355]
a_x=[5.167958656330749, 46.51162790697674, 105.08182601205857, 122.3083548664944, 137.81223083548667, 158.48406546080966, 236.0034453057709, 317.82945736434107, 397.9328165374677, 469.4229112833764, 503.8759689922481, 531.4384151593454, 548.6649440137812, 582.2566752799311, 599.4832041343669, 617.5710594315245, 645.9948320413437, 683.0318690783807, 735.57278208441, 840.6546080964686, 926.7872523686477, 996.5546942291128]
a_y=[-6.725146198830409, -6.725146198830409, -6.374269005847953, -5.906432748538011, -4.853801169590643, -4.7368421052631575, -6.374269005847953, -6.374269005847953, -6.257309941520468, -6.140350877192983, -6.374269005847953, -6.140350877192983, -4.619883040935672, -4.619883040935672, -4.7368421052631575, -5.321637426900585, -6.491228070175438, -6.6081871345029235, -6.374269005847953, -6.491228070175438, -6.6081871345029235, -6.6081871345029235]
d_x=[0.0, 165.37467700258398, 390.1808785529716, 591.7312661498709, 670.9732988802756, 725.2368647717485, 747.6313522825151, 820.8440999138674, 897.5021533161068, 997.4160206718346]
d_y=[0.9941520467836256, 1.3450292397660828, 1.461988304093568, 1.6959064327485383, 1.8128654970760234, 1.461988304093568, 0.8771929824561404, 1.2280701754385976, 1.461988304093568, 1.2280701754385976]
p_x_fitting=[  1.72265289  11.78016165  21.83767042  31.89517918  41.95268795
  52.01019671  62.06770548  72.12521424  82.18272301  92.24023178
 102.29774054 112.35524931 122.41275807 132.47026684 142.5277756
 152.58528437 162.64279313 172.7003019  182.75781066 192.81531943
 202.8728282  212.93033696 222.98784573 233.04535449 243.10286326
 253.16037202 263.21788079 273.27538955 283.33289832 293.39040709
 303.44791585 313.50542462 323.56293338 333.62044215 343.67795091
 353.73545968 363.79296844 373.85047721 383.90798598 393.96549474
 404.02300351 414.08051227 424.13802104 434.1955298  444.25303857
 454.31054733 464.3680561  474.42556486 484.48307363 494.5405824
 504.59809116 514.65559993 524.71310869 534.77061746 544.82812622
 554.88563499 564.94314375 575.00065252 585.05816129 595.11567005
 605.17317882 615.23068758 625.28819635 635.34570511 645.40321388
 655.46072264 665.51823141 675.57574018 685.63324894 695.69075771
 705.74826647 715.80577524 725.863284   735.92079277 745.97830153
 756.0358103  766.09331906 776.15082783 786.2083366  796.26584536
 806.32335413 816.38086289 826.43837166 836.49588042 846.55338919
 856.61089795 866.66840672 876.72591549 886.78342425 896.84093302
 906.89844178 916.95595055 927.01345931 937.07096808 947.12847684
 957.18598561 967.24349438 977.30100314 987.35851191 997.41602067]
p_y_fitting=[-1.05882353 -1.3921335  -1.4866578  -1.40599687 -1.21375117 -0.97352113
 -0.74890719 -0.60350982 -0.60092945 -0.80476653 -1.2786215  -2.05018073
 -2.69610996 -2.90383483 -2.86471506 -2.79322059 -2.7809114  -2.80474366
 -2.83763107 -2.86269824 -2.87489555 -2.869834   -2.84312457 -2.79037826
 -2.70720605 -2.58921894 -2.43228621 -2.27417101 -2.24041792 -2.35854523
 -2.31366349 -1.75700156 -1.05729249 -0.85391111 -0.93197515 -1.01238538
 -1.04867991 -1.06864199 -1.08679622 -1.1049594  -1.12443969 -1.14654523
 -1.17258417 -1.20275002 -1.23052414 -1.24688754 -1.24281697 -1.20928922
 -1.13855855 -1.05690245 -1.02741861 -1.11504274 -1.38471054 -1.86149345
 -2.37410071 -2.69615075 -2.75864253 -2.67322068 -2.56082747 -2.4824772
 -2.39152668 -2.23010121 -1.96524415 -1.65668973 -1.38569585 -1.20999646
 -1.1199233  -1.09381234 -1.10999956 -1.14682094 -1.18264803 -1.20308931
 -1.20975182 -1.20638455 -1.19673648 -1.1845566  -1.17357592 -1.16606465
 -1.16177731 -1.16021965 -1.16089745 -1.16331646 -1.16698245 -1.17140118
 -1.17607841 -1.18051991 -1.18423144 -1.18671877 -1.18748765 -1.18604385
 -1.18189314 -1.17454128 -1.16349402 -1.14825714 -1.1283364  -1.10323756
 -1.07246638 -1.03552863 -0.99193007 -0.94117647]
a_x_fitting=[  5.16795866  15.18196609  25.19597352  35.20998095  45.22398838
  55.23799581  65.25200324  75.26601067  85.2800181   95.29402553
 105.30803296 115.32204039 125.33604782 135.35005525 145.36406268
 155.37807011 165.39207754 175.40608497 185.4200924  195.43409983
 205.44810726 215.46211469 225.47612212 235.49012955 245.50413698
 255.51814441 265.53215184 275.54615927 285.5601667  295.57417413
 305.58818156 315.60218899 325.61619642 335.63020385 345.64421128
 355.65821871 365.67222614 375.68623357 385.700241   395.71424843
 405.72825586 415.74226329 425.75627072 435.77027815 445.78428558
 455.79829301 465.81230044 475.82630787 485.8403153  495.85432273
 505.86833016 515.88233759 525.89634502 535.91035245 545.92435988
 555.93836731 565.95237474 575.96638217 585.9803896  595.99439703
 606.00840446 616.02241189 626.03641932 636.05042675 646.06443418
 656.07844161 666.09244904 676.10645647 686.1204639  696.13447133
 706.14847876 716.16248619 726.17649362 736.19050105 746.20450848
 756.21851591 766.23252334 776.24653077 786.2605382  796.27454563
 806.28855306 816.30256049 826.31656792 836.33057535 846.34458278
 856.35859021 866.37259764 876.38660507 886.4006125  896.41461993
 906.42862736 916.44263479 926.45664222 936.47064965 946.48465708
 956.49866451 966.51267194 976.52667937 986.5406868  996.55469423]
a_y_fitting=[-6.7251462  -6.73579021 -6.74086778 -6.73863419 -6.72734475 -6.70525471
 -6.67061938 -6.62169403 -6.55673395 -6.47399443 -6.37173019 -6.19735255
 -5.71290771 -4.99217701 -4.63647113 -4.68372398 -4.87044702 -5.08817959
 -5.32397792 -5.56623657 -5.8033501  -6.02371309 -6.2157201  -6.3677657
 -6.47101629 -6.52957182 -6.55130148 -6.5440749  -6.51576172 -6.47423156
 -6.42735407 -6.38299887 -6.34823363 -6.32375294 -6.30721066 -6.29624187
 -6.28848164 -6.28156506 -6.27312719 -6.26080313 -6.24263879 -6.21993573
 -6.19554512 -6.1723276  -6.15314379 -6.14085435 -6.1383199  -6.14908227
 -6.18543871 -6.26575959 -6.40814325 -6.54601594 -6.42333615 -5.77476699
 -4.82761397 -4.30455688 -4.29007072 -4.50087188 -4.654839   -4.69912686
 -4.88325643 -5.25424606 -5.70879467 -6.1519222  -6.49303929 -6.66633676
 -6.70303917 -6.6581289  -6.58631753 -6.52272522 -6.47000888 -6.42777256
 -6.39562034 -6.37315625 -6.35985245 -6.35474241 -6.35676846 -6.36487297
 -6.37799827 -6.39508671 -6.41508064 -6.4369224  -6.45955435 -6.48191883
 -6.50299065 -6.52229737 -6.53982908 -6.5555901  -6.56958478 -6.58181744
 -6.59229243 -6.60101407 -6.60798671 -6.61321468 -6.6167023  -6.61845393
 -6.6184739  -6.61676653 -6.61333616 -6.60818713]
d_x_fitting=[  0.          10.0749093   20.1498186   30.2247279   40.2996372
  50.3745465   60.4494558   70.5243651   80.5992744   90.6741837
 100.749093   110.8240023  120.8989116  130.9738209  141.0487302
 151.1236395  161.1985488  171.2734581  181.34836739 191.42327669
 201.49818599 211.57309529 221.64800459 231.72291389 241.79782319
 251.87273249 261.94764179 272.02255109 282.09746039 292.17236969
 302.24727899 312.32218829 322.39709759 332.47200689 342.54691619
 352.62182549 362.69673479 372.77164409 382.84655339 392.92146269
 402.99637199 413.07128129 423.14619059 433.22109989 443.29600919
 453.37091849 463.44582779 473.52073709 483.59564639 493.67055569
 503.74546499 513.82037429 523.89528359 533.97019288 544.04510218
 554.12001148 564.19492078 574.26983008 584.34473938 594.41964868
 604.49455798 614.56946728 624.64437658 634.71928588 644.79419518
 654.86910448 664.94401378 675.01892308 685.09383238 695.16874168
 705.24365098 715.31856028 725.39346958 735.46837888 745.54328818
 755.61819748 765.69310678 775.76801608 785.84292538 795.91783468
 805.99274398 816.06765328 826.14256258 836.21747188 846.29238118
 856.36729048 866.44219978 876.51710908 886.59201837 896.66692767
 906.74183697 916.81674627 926.89165557 936.96656487 947.04147417
 957.11638347 967.19129277 977.26620207 987.34111137 997.41602067]
d_y_fitting=[0.99415205 1.02949355 1.0626491  1.09369655 1.1227137  1.1497784
 1.17496848 1.19836175 1.22003605 1.24006921 1.25853906 1.27552342
 1.29110012 1.305347   1.31834188 1.33016259 1.34088695 1.3505928
 1.35935797 1.36726028 1.37437756 1.38078764 1.38656835 1.39179752
 1.39655298 1.40091255 1.40495406 1.40875535 1.41239424 1.41594855
 1.41949613 1.42311479 1.42688237 1.43087669 1.43517558 1.43985687
 1.4449984  1.45067798 1.45697345 1.46396222 1.4716814  1.48009435
 1.48915659 1.49882361 1.50905093 1.51979405 1.53100848 1.54264972
 1.55467329 1.56703468 1.5796894  1.59259296 1.60570086 1.61896862
 1.63235174 1.64580572 1.65928607 1.67274829 1.6861479  1.69944121
 1.71266726 1.72601859 1.73970438 1.75393383 1.76891611 1.78486042
 1.80197594 1.82027356 1.8321253  1.8200205  1.76579213 1.65127312
 1.4582965  1.18898293 0.92290744 0.74823965 0.67835496 0.69241815
 0.76941734 0.88834066 1.02817623 1.16791217 1.28711797 1.37723787
 1.44081475 1.48081738 1.50021453 1.50197498 1.4890675  1.46446085
 1.43112382 1.39202516 1.35013365 1.30841807 1.26984719 1.23738976
 1.21401458 1.20269041 1.20638602 1.22807018]