
p_x=[4.3066322136089585, 105.08182601205857, 135.22825150732126, 285.9603789836348, 393.62618432385875, 516.7958656330749, 639.1042204995694, 668.3893195521102, 708.0103359173127, 818.260120585702, 882.8596037898363, 915.5900086132644, 944.8751076658053, 958.656330749354, 983.634797588286, 997.4160206718346]
p_y=[0.8235294117647065, 1.1764705882352935, 0.9411764705882355, 0.8235294117647065, 2.0, 1.882352941176471, 1.764705882352942, 2.9411764705882346, 3.764705882352941, 1.5294117647058822, 2.9411764705882346, 3.2941176470588243, 3.2941176470588243, 2.7058823529411766, 2.235294117647059, 2.11764705882353]
a_x=[1.7226528854435832, 50.818260120585705, 105.94315245478036, 117.14039621016366, 132.6442721791559, 169.68130921619291, 204.1343669250646, 233.4194659776055, 289.40568475452193, 335.9173126614987, 352.2825150732127, 370.3703703703703, 396.2101636520241, 408.2687338501292, 413.4366925064599, 446.167097329888, 466.838931955211, 496.9853574504737, 527.1317829457365, 542.6356589147287, 593.4539190353145, 620.1550387596899, 658.0534022394487, 713.1782945736435, 798.4496124031008, 902.6701119724376, 939.7071490094746, 974.1602067183462, 994.8320413436692]
a_y=[-6.842105263157894, -6.6081871345029235, -6.491228070175438, -5.321637426900585, -4.152046783625732, -3.9181286549707615, -3.9181286549707615, -5.321637426900585, -5.321637426900585, -4.269005847953215, -3.099415204678362, -2.6315789473684212, -1.6959064327485365, -1.6959064327485365, -2.0467836257309955, -3.333333333333332, -4.152046783625732, -4.385964912280702, -2.397660818713449, -1.9298245614035086, -1.578947368421053, -3.8011695906432745, -2.0467836257309955, -1.8128654970760234, -1.8128654970760234, -0.058479532163742576, 0.058479532163742576, -0.1754385964912295, -0.6432748538011701]
d_x=[6.029285099052541, 90.43927648578811, 179.15590008613265, 224.8062015503876, 304.0482342807924, 408.2687338501292, 456.50301464254954, 484.0654608096469, 506.4599483204134, 540.0516795865633, 595.176571920758, 707.1490094745909, 815.6761412575366, 919.8966408268734, 994.8320413436692]
d_y=[0.526315789473685, 0.9941520467836256, 0.526315789473685, -0.1754385964912295, 0.058479532163742576, 2.0467836257309946, 0.058479532163742576, 0.058479532163742576, 0.29239766081871466, 2.1637426900584797, 2.280701754385966, 2.8654970760233924, 4.152046783625732, 4.269005847953217, 4.152046783625732]
p_x_fitting=[  4.30663221  14.33804018  24.36944814  34.40085611  44.43226407
  54.46367203  64.49508     74.52648796  84.55789593  94.58930389
 104.62071186 114.65211982 124.68352778 134.71493575 144.74634371
 154.77775168 164.80915964 174.84056761 184.87197557 194.90338353
 204.9347915  214.96619946 224.99760743 235.02901539 245.06042335
 255.09183132 265.12323928 275.15464725 285.18605521 295.21746318
 305.24887114 315.2802791  325.31168707 335.34309503 345.374503
 355.40591096 365.43731893 375.46872689 385.50013485 395.53154282
 405.56295078 415.59435875 425.62576671 435.65717468 445.68858264
 455.7199906  465.75139857 475.78280653 485.8142145  495.84562246
 505.87703042 515.90843839 525.93984635 535.97125432 546.00266228
 556.03407025 566.06547821 576.09688617 586.12829414 596.1597021
 606.19111007 616.22251803 626.253926   636.28533396 646.31674192
 656.34814989 666.37955785 676.41096582 686.44237378 696.47378175
 706.50518971 716.53659767 726.56800564 736.5994136  746.63082157
 756.66222953 766.69363749 776.72504546 786.75645342 796.78786139
 806.81926935 816.85067732 826.88208528 836.91349324 846.94490121
 856.97630917 867.00771714 877.0391251  887.07053307 897.10194103
 907.13334899 917.16475696 927.19616492 937.22757289 947.25898085
 957.29038881 967.32179678 977.35320474 987.38461271 997.41602067]
p_y_fitting=[0.82352941 1.01734566 1.16425948 1.26867752 1.33500644 1.36765288
 1.37102349 1.34952494 1.30756386 1.24954691 1.17988074 1.102972
 1.02322734 0.94505342 0.87230964 0.80630259 0.74759511 0.69674995
 0.65432985 0.62089756 0.59701581 0.58324736 0.58015495 0.58830132
 0.60824922 0.64056139 0.68580058 0.74452953 0.817311   0.90429171
 1.00351913 1.11238003 1.22826094 1.3485484  1.47062892 1.59188904
 1.70971529 1.8214942  1.92461229 2.01645838 2.09497511 2.15937611
 2.20905264 2.24339597 2.26179735 2.26364805 2.2483393  2.21526239
 2.16380856 2.09336907 2.00333517 1.89309814 1.76334852 1.62156183
 1.4774211  1.34061053 1.22081431 1.12771666 1.07100176 1.06035382
 1.10545705 1.21599565 1.40165381 1.67211574 2.0328927  2.44915953
 2.86348715 3.2220649  3.49969791 3.68402939 3.76276343 3.727153
 3.59084783 3.37621079 3.10562427 2.80147064 2.4861323  2.18199162
 1.911431   1.69683281 1.56057944 1.52505329 1.60679089 1.78651515
 2.03139262 2.30856431 2.58517125 2.82835444 3.00618723 3.11908596
 3.20735475 3.31364157 3.43372146 3.44525248 3.20886718 2.76224003
 2.44235765 2.28769339 2.20920946 2.11764706]
a_x_fitting=[  1.72265289  11.75406085  21.78546881  31.81687678  41.84828474
  51.87969271  61.91110067  71.94250864  81.9739166   92.00532456
 102.03673253 112.06814049 122.09954846 132.13095642 142.16236438
 152.19377235 162.22518031 172.25658828 182.28799624 192.31940421
 202.35081217 212.38222013 222.4136281  232.44503606 242.47644403
 252.50785199 262.53925996 272.57066792 282.60207588 292.63348385
 302.66489181 312.69629978 322.72770774 332.7591157  342.79052367
 352.82193163 362.8533396  372.88474756 382.91615553 392.94756349
 402.97897145 413.01037942 423.04178738 433.07319535 443.10460331
 453.13601128 463.16741924 473.1988272  483.23023517 493.26164313
 503.2930511  513.32445906 523.35586703 533.38727499 543.41868295
 553.45009092 563.48149888 573.51290685 583.54431481 593.57572277
 603.60713074 613.6385387  623.66994667 633.70135463 643.7327626
 653.76417056 663.79557852 673.82698649 683.85839445 693.88980242
 703.92121038 713.95261835 723.98402631 734.01543427 744.04684224
 754.0782502  764.10965817 774.14106613 784.17247409 794.20388206
 804.23529002 814.26669799 824.29810595 834.32951392 844.36092188
 854.39232984 864.42373781 874.45514577 884.48655374 894.5179617
 904.54936967 914.58077763 924.61218559 934.64359356 944.67500152
 954.70640949 964.73781745 974.76922542 984.80063338 994.83204134]
a_y_fitting=[-6.84210526 -6.20011698 -5.95578991 -6.01325053 -6.27662526 -6.65004058
 -7.03762292 -7.34349873 -7.47179448 -7.3266366  -6.81215155 -5.86390749
 -4.85519173 -4.17643689 -3.87069567 -3.82622736 -3.89042405 -3.9115014
 -3.83152677 -3.77151165 -3.87256988 -4.24438106 -4.78018068 -5.28207462
 -5.58339606 -5.68661609 -5.65065338 -5.53446587 -5.39701152 -5.29642844
 -5.23730653 -5.13862803 -4.91169758 -4.46781984 -3.75178245 -3.07256733
 -2.77440767 -2.5647998  -2.20164027 -1.80507683 -1.57111565 -2.01589513
 -2.59144721 -2.94774897 -3.23584074 -3.5926523  -4.00628934 -4.37490889
 -4.58379977 -4.51004024 -4.04752786 -3.31750731 -2.60343247 -2.16602438
 -1.90804037 -1.57705189 -1.24378521 -1.04397619 -1.11336068 -1.58767435
 -2.4916858  -3.42217042 -3.87849548 -3.66683804 -3.04779802 -2.3186959
 -1.76551683 -1.48462661 -1.41545924 -1.49272437 -1.65113164 -1.82539586
 -1.96423891 -2.06088901 -2.11739397 -2.13580158 -2.11815964 -2.06651595
 -1.9829183  -1.86941449 -1.72818366 -1.56356316 -1.38165633 -1.18861839
 -0.9906046  -0.79377017 -0.60427036 -0.4282604  -0.27189553 -0.14133097
 -0.0427093   0.0210029   0.05418182  0.06223825  0.05019557  0.01396435
 -0.05977174 -0.18473927 -0.37466479 -0.64327485]
d_x_fitting=[  6.0292851   16.01719173  26.00509836  35.99300499  45.98091161
  55.96881824  65.95672487  75.9446315   85.93253813  95.92044476
 105.90835139 115.89625802 125.88416464 135.87207127 145.8599779
 155.84788453 165.83579116 175.82369779 185.81160442 195.79951104
 205.78741767 215.7753243  225.76323093 235.75113756 245.73904419
 255.72695082 265.71485745 275.70276407 285.6906707  295.67857733
 305.66648396 315.65439059 325.64229722 335.63020385 345.61811048
 355.6060171  365.59392373 375.58183036 385.56973699 395.55764362
 405.54555025 415.53345688 425.52136351 435.50927013 445.49717676
 455.48508339 465.47299002 475.46089665 485.44880328 495.43670991
 505.42461654 515.41252316 525.40042979 535.38833642 545.37624305
 555.36414968 565.35205631 575.33996294 585.32786957 595.31577619
 605.30368282 615.29158945 625.27949608 635.26740271 645.25530934
 655.24321597 665.2311226  675.21902922 685.20693585 695.19484248
 705.18274911 715.17065574 725.15856237 735.146469   745.13437563
 755.12228225 765.11018888 775.09809551 785.08600214 795.07390877
 805.0618154  815.04972203 825.03762866 835.02553528 845.01344191
 855.00134854 864.98925517 874.9771618  884.96506843 894.95297506
 904.94088169 914.92878831 924.91669494 934.90460157 944.8925082
 954.88041483 964.86832146 974.85622809 984.84413471 994.83204134]
d_y_fitting=[ 0.52631579  0.60430703  0.67874654  0.74846083  0.81227638  0.86901968
  0.91751722  0.95659548  0.98508095  1.00180013  1.00557951  0.99524556
  0.96962479  0.92754367  0.8678287   0.78930637  0.69080316  0.57114557
  0.4297353   0.27266807  0.11036165 -0.04669401 -0.1880096  -0.30410119
 -0.38850883 -0.43533884 -0.43869757 -0.39269133 -0.29142645 -0.12900926
  0.10043261  0.39500025  0.73349115  1.09175643  1.44564719  1.77101458
  2.0437097   2.23958367  2.33448763  2.30427268  2.12478996  1.77893798
  1.31581826  0.82079782  0.3796149   0.07800772 -0.02224881  0.01024752
  0.06290716  0.09553269  0.26037294  0.69800855  1.31231689  1.92665696
  2.37018904  2.58816972  2.63234465  2.55840175  2.42202894  2.2789141
  2.17433019  2.11359606  2.09245106  2.10663458  2.15188599  2.22394466
  2.31854996  2.43144127  2.55835796  2.6950394   2.83722497  2.98090134
  3.1238647   3.26471512  3.40205633  3.53449207  3.66062606  3.77906204
  3.88840372  3.98725485  4.07421914  4.14790033  4.20726468  4.25302957
  4.28644038  4.3087426   4.32118173  4.32500325  4.32145265  4.31177543
  4.29721708  4.27902308  4.25843892  4.23671011  4.21508212  4.19480045
  4.1771106   4.16325804  4.15448827  4.15204678]