
p_x=[0.8613264427217916, 115.41774332472008, 158.48406546080966, 231.69681309216193, 292.85099052540914, 395.3488372093023, 437.55383290267014, 452.1963824289406, 518.5185185185185, 569.3367786391043, 726.959517657192, 996.5546942291128]
p_y=[0.8235294117647065, 0.7058823529411757, 2.5882352941176467, 3.0588235294117645, 3.4117647058823533, 3.4117647058823533, 3.4117647058823533, 3.764705882352941, 4.23529411764706, 4.117647058823529, 4.117647058823529, 4.588235294117648]
a_x=[6.029285099052541, 71.4900947459087, 114.55641688199827, 155.03875968992247, 225.6675279931094, 273.90180878552974, 331.61068044788976, 365.2024117140396, 420.3273040482343, 488.3720930232558, 529.7157622739019, 565.0301464254953, 599.4832041343669, 641.6881998277347, 716.6236003445306, 799.3109388458226, 837.2093023255815, 857.0198105081827, 881.1369509043928, 897.5021533161068, 917.312661498708, 925.0645994832042, 995.693367786391]
a_y=[-6.140350877192983, -6.140350877192983, -5.906432748538011, -4.853801169590643, -4.152046783625732, -3.9181286549707615, -3.099415204678362, -3.2163742690058488, -3.2163742690058488, -3.450292397660819, -3.5672514619883025, -2.0467836257309955, -3.6842105263157894, -3.5672514619883025, -2.0467836257309955, -3.2163742690058488, -1.6959064327485365, -1.6959064327485365, -1.8128654970760234, -1.6959064327485365, -1.3450292397660828, -1.2280701754385959, -0.8771929824561404]
d_x=[3.4453057708871664, 68.04478897502153, 157.62273901808786, 220.49956933677865, 350.55986218776917, 641.6881998277347, 713.1782945736435, 754.5219638242894, 795.0043066322137, 813.0921619293713, 835.4866494401379, 856.1584840654608, 892.334194659776, 910.4220499569336, 916.4513350559862, 944.0137812230836, 996.5546942291128]
d_y=[1.6959064327485383, 1.8128654970760234, 2.9824561403508776, 3.450292397660819, 3.2163742690058488, 4.035087719298246, 5.7894736842105265, 5.2046783625731, 4.269005847953217, 4.035087719298246, 4.853801169590644, 4.853801169590644, 4.970760233918129, 5.087719298245615, 5.555555555555555, 5.7894736842105265, 5.906432748538012]
p_x_fitting=[8.61326443e-01 1.09188352e+01 2.09763440e+01 3.10338527e+01
 4.10913615e+01 5.11488703e+01 6.12063790e+01 7.12638878e+01
 8.13213966e+01 9.13789053e+01 1.01436414e+02 1.11493923e+02
 1.21551432e+02 1.31608940e+02 1.41666449e+02 1.51723958e+02
 1.61781467e+02 1.71838975e+02 1.81896484e+02 1.91953993e+02
 2.02011502e+02 2.12069011e+02 2.22126519e+02 2.32184028e+02
 2.42241537e+02 2.52299046e+02 2.62356554e+02 2.72414063e+02
 2.82471572e+02 2.92529081e+02 3.02586589e+02 3.12644098e+02
 3.22701607e+02 3.32759116e+02 3.42816624e+02 3.52874133e+02
 3.62931642e+02 3.72989151e+02 3.83046660e+02 3.93104168e+02
 4.03161677e+02 4.13219186e+02 4.23276695e+02 4.33334203e+02
 4.43391712e+02 4.53449221e+02 4.63506730e+02 4.73564238e+02
 4.83621747e+02 4.93679256e+02 5.03736765e+02 5.13794273e+02
 5.23851782e+02 5.33909291e+02 5.43966800e+02 5.54024309e+02
 5.64081817e+02 5.74139326e+02 5.84196835e+02 5.94254344e+02
 6.04311852e+02 6.14369361e+02 6.24426870e+02 6.34484379e+02
 6.44541887e+02 6.54599396e+02 6.64656905e+02 6.74714414e+02
 6.84771922e+02 6.94829431e+02 7.04886940e+02 7.14944449e+02
 7.25001958e+02 7.35059466e+02 7.45116975e+02 7.55174484e+02
 7.65231993e+02 7.75289501e+02 7.85347010e+02 7.95404519e+02
 8.05462028e+02 8.15519536e+02 8.25577045e+02 8.35634554e+02
 8.45692063e+02 8.55749572e+02 8.65807080e+02 8.75864589e+02
 8.85922098e+02 8.95979607e+02 9.06037115e+02 9.16094624e+02
 9.26152133e+02 9.36209642e+02 9.46267150e+02 9.56324659e+02
 9.66382168e+02 9.76439677e+02 9.86497185e+02 9.96554694e+02]
p_y_fitting=[ 8.23529412e-01 -1.11474342e-01 -7.91320312e-01 -1.24066210e+00
 -1.48415331e+00 -1.54644754e+00 -1.45219840e+00 -1.22605948e+00
 -8.92684382e-01 -4.76726716e-01 -2.84007872e-03  5.04321927e-01
  1.02010570e+00  1.51985764e+00  1.97892415e+00  2.37265161e+00
  2.67664146e+00  2.88241737e+00  3.00654663e+00  3.06779396e+00
  3.08492405e+00  3.07670161e+00  3.06189135e+00  3.05925747e+00
  3.08266838e+00  3.12905184e+00  3.19167404e+00  3.26380118e+00
  3.33869945e+00  3.40963505e+00  3.47079814e+00  3.52044750e+00
  3.55796146e+00  3.58271835e+00  3.59409654e+00  3.59147438e+00
  3.57423022e+00  3.54174240e+00  3.49338929e+00  3.42854923e+00
  3.34966553e+00  3.28359890e+00  3.26888514e+00  3.34413273e+00
  3.54176514e+00  3.79414797e+00  3.99070848e+00  4.12417517e+00
  4.20539023e+00  4.24519586e+00  4.25443426e+00  4.24394764e+00
  4.22434380e+00  4.20153513e+00  4.17709525e+00  4.15243489e+00
  4.12896478e+00  4.10806768e+00  4.09041015e+00  4.07589924e+00
  4.06440538e+00  4.05579899e+00  4.04995051e+00  4.04673037e+00
  4.04600901e+00  4.04765684e+00  4.05154431e+00  4.05754184e+00
  4.06551987e+00  4.07534882e+00  4.08689913e+00  4.10004123e+00
  4.11464555e+00  4.13058251e+00  4.14772256e+00  4.16593611e+00
  4.18509361e+00  4.20506548e+00  4.22572216e+00  4.24693407e+00
  4.26857165e+00  4.29050532e+00  4.31260553e+00  4.33474269e+00
  4.35678724e+00  4.37860961e+00  4.40008023e+00  4.42106954e+00
  4.44144796e+00  4.46108592e+00  4.47985386e+00  4.49762220e+00
  4.51426138e+00  4.52964183e+00  4.54363398e+00  4.55610826e+00
  4.56693510e+00  4.57598493e+00  4.58312819e+00  4.58823529e+00]
a_x_fitting=[  6.0292851   16.02589199  26.02249889  36.01910579  46.01571268
  56.01231958  66.00892647  76.00553337  86.00214027  95.99874716
 105.99535406 115.99196095 125.98856785 135.98517474 145.98178164
 155.97838854 165.97499543 175.97160233 185.96820922 195.96481612
 205.96142302 215.95802991 225.95463681 235.9512437  245.9478506
 255.94445749 265.94106439 275.93767129 285.93427818 295.93088508
 305.92749197 315.92409887 325.92070577 335.91731266 345.91391956
 355.91052645 365.90713335 375.90374024 385.90034714 395.89695404
 405.89356093 415.89016783 425.88677472 435.88338162 445.87998852
 455.87659541 465.87320231 475.8698092  485.8664161  495.86302299
 505.85962989 515.85623679 525.85284368 535.84945058 545.84605747
 555.84266437 565.83927127 575.83587816 585.83248506 595.82909195
 605.82569885 615.82230574 625.81891264 635.81551954 645.81212643
 655.80873333 665.80534022 675.80194712 685.79855402 695.79516091
 705.79176781 715.7883747  725.7849816  735.78158849 745.77819539
 755.77480229 765.77140918 775.76801608 785.76462297 795.76122987
 805.75783677 815.75444366 825.75105056 835.74765745 845.74426435
 855.74087124 865.73747814 875.73408504 885.73069193 895.72729883
 905.72390572 915.72051262 925.71711952 935.71372641 945.71033331
 955.7069402  965.7035471  975.70015399 985.69676089 995.69336779]
a_y_fitting=[-6.14035088 -6.03800921 -5.99419827 -5.99464487 -6.02507587 -6.07121809
 -6.11879838 -6.15354355 -6.16118046 -6.12743593 -6.0380368  -5.87873384
 -5.64726822 -5.37277681 -5.08947206 -4.83156069 -4.62425117 -4.46554028
 -4.34830078 -4.26540547 -4.20972712 -4.17413851 -4.15151241 -4.13394048
 -4.11064773 -4.07020169 -4.00116989 -3.89216702 -3.7413569  -3.56799168
 -3.39414359 -3.24188482 -3.13328758 -3.08971694 -3.1094605  -3.16315646
 -3.21981422 -3.25564155 -3.27017564 -3.26767142 -3.25238377 -3.2285676
 -3.20061803 -3.17544089 -3.16211045 -3.16977224 -3.2075718  -3.28465467
 -3.4101664  -3.58614106 -3.75258176 -3.81749495 -3.68862093 -3.28672468
 -2.71735296 -2.22330001 -2.05056979 -2.3410998  -2.90980212 -3.5075169
 -3.89851625 -4.02298229 -3.94473642 -3.73016867 -3.44514626 -3.1366402
 -2.82787003 -2.54054553 -2.29637649 -2.11707267 -2.02434385 -2.0398998
 -2.17713476 -2.40666246 -2.68537781 -2.97016942 -3.21792592 -3.38553592
 -3.42988803 -3.30787088 -2.98430421 -2.52388612 -2.05959669 -1.72573993
 -1.62715082 -1.68489465 -1.76335784 -1.80947437 -1.80054467 -1.71892201
 -1.56017779 -1.37281859 -1.21954626 -1.11147569 -1.03908539 -0.99279978
 -0.9630433  -0.94024039 -0.91481547 -0.87719298]
d_x_fitting=[  3.44530577  13.47671374  23.5081217   33.53952966  43.57093763
  53.60234559  63.63375356  73.66516152  83.69656948  93.72797745
 103.75938541 113.79079338 123.82220134 133.85360931 143.88501727
 153.91642523 163.9478332  173.97924116 184.01064913 194.04205709
 204.07346506 214.10487302 224.13628098 234.16768895 244.19909691
 254.23050488 264.26191284 274.2933208  284.32472877 294.35613673
 304.3875447  314.41895266 324.45036063 334.48176859 344.51317655
 354.54458452 364.57599248 374.60740045 384.63880841 394.67021638
 404.70162434 414.7330323  424.76444027 434.79584823 444.8272562
 454.85866416 464.89007213 474.92148009 484.95288805 494.98429602
 505.01570398 515.04711195 525.07851991 535.10992787 545.14133584
 555.1727438  565.20415177 575.23555973 585.2669677  595.29837566
 605.32978362 615.36119159 625.39259955 635.42400752 645.45541548
 655.48682345 665.51823141 675.54963937 685.58104734 695.6124553
 705.64386327 715.67527123 725.7066792  735.73808716 745.76949512
 755.80090309 765.83231105 775.86371902 785.89512698 795.92653494
 805.95794291 815.98935087 826.02075884 836.0521668  846.08357477
 856.11498273 866.14639069 876.17779866 886.20920662 896.24061459
 906.27202255 916.30343052 926.33483848 936.36624644 946.39765441
 956.42906237 966.46047034 976.4918783  986.52328626 996.55469423]
d_y_fitting=[1.69590643 1.62764629 1.59644223 1.59872539 1.63092694 1.68947803
 1.77080981 1.87135343 1.98754005 2.11580083 2.25256691 2.39426945
 2.5373396  2.67820852 2.81330736 2.93906728 3.05209619 3.15135185
 3.23746089 3.31108551 3.37288791 3.42353028 3.46367199 3.49383323
 3.51433458 3.52548121 3.52757828 3.52093096 3.50584443 3.48262385
 3.45157439 3.41300121 3.3672095  3.3145044  3.25519111 3.18958522
 3.11841534 3.04295047 2.96449611 2.88435779 2.80384101 2.72425128
 2.64689412 2.57307504 2.50409956 2.44127318 2.38590143 2.3392898
 2.30274382 2.27756899 2.26507084 2.26655487 2.28332659 2.31669152
 2.36795517 2.43842306 2.52940069 2.64219358 2.77810724 2.93844718
 3.12451892 3.33762797 3.57907985 3.85018005 4.15204221 4.47711716
 4.8058528  5.11781472 5.39256849 5.60967971 5.74871396 5.78936136
 5.726544   5.58485498 5.39230873 5.17690785 4.95849794 4.73455099
 4.498737   4.24476379 4.02956972 4.09967795 4.50119077 4.8663867
 4.92188119 4.85395236 4.88231709 4.96909726 5.01117278 4.9133231
 4.90752831 5.54437459 6.01146809 6.00422103 5.69954037 5.27433468
 4.90551251 4.76998242 5.04465298 5.90643275]