
p_x=[1.7226528854435832, 72.35142118863048, 141.25753660637383, 239.44875107665806, 266.14987080103356, 386.73557278208443, 453.91903531438413, 683.0318690783807, 797.588285960379, 915.5900086132644, 999.1386735572783]
p_y=[1.0588235294117645, 0.9411764705882355, 1.1764705882352935, 2.235294117647059, 2.0, 1.4117647058823533, 1.1764705882352935, 2.0, 1.1764705882352935, 1.1764705882352935, 1.1764705882352935]
a_x=[0.8613264427217916, 70.62876830318692, 148.14814814814815, 247.20068906115418, 367.786391042205, 444.4444444444444, 540.0516795865633, 614.1257536606374, 646.8561584840654, 683.0318690783807, 779.5004306632214, 899.2248062015505, 996.5546942291128]
a_y=[-6.725146198830409, -6.842105263157894, -6.842105263157894, -5.321637426900585, -6.491228070175438, -6.725146198830409, -6.374269005847953, -5.906432748538011, -4.853801169590643, -4.502923976608187, -5.555555555555555, -5.555555555555555, -5.906432748538011]
d_x=[3.4453057708871664, 147.28682170542638, 466.838931955211, 763.1352282515073, 999.1386735572783]
d_y=[1.1111111111111107, 1.1111111111111107, 1.3450292397660828, 1.461988304093568, 1.1111111111111107]
p_x_fitting=[  1.72265289  11.79756219  21.87247148  31.94738078  42.02229008
  52.09719938  62.17210868  72.24701798  82.32192728  92.39683658
 102.47174588 112.54665518 122.62156448 132.69647378 142.77138308
 152.84629238 162.92120168 172.99611098 183.07102028 193.14592958
 203.22083888 213.29574818 223.37065748 233.44556678 243.52047608
 253.59538538 263.67029468 273.74520398 283.82011328 293.89502258
 303.96993188 314.04484118 324.11975048 334.19465978 344.26956908
 354.34447838 364.41938768 374.49429697 384.56920627 394.64411557
 404.71902487 414.79393417 424.86884347 434.94375277 445.01866207
 455.09357137 465.16848067 475.24338997 485.31829927 495.39320857
 505.46811787 515.54302717 525.61793647 535.69284577 545.76775507
 555.84266437 565.91757367 575.99248297 586.06739227 596.14230157
 606.21721087 616.29212017 626.36702947 636.44193877 646.51684807
 656.59175737 666.66666667 676.74157597 686.81648527 696.89139457
 706.96630387 717.04121317 727.11612246 737.19103176 747.26594106
 757.34085036 767.41575966 777.49066896 787.56557826 797.64048756
 807.71539686 817.79030616 827.86521546 837.94012476 848.01503406
 858.08994336 868.16485266 878.23976196 888.31467126 898.38958056
 908.46448986 918.53939916 928.61430846 938.68921776 948.76412706
 958.83903636 968.91394566 978.98885496 989.06376426 999.13867356]
p_y_fitting=[1.05882353 1.06174956 1.05267847 1.03486699 1.01157187 0.98604983
 0.96155763 0.94135199 0.92868966 0.92682736 0.93902185 0.96852985
 1.01860811 1.09251336 1.19349521 1.3216357  1.46887972 1.62588368
 1.78330395 1.93179694 2.06201902 2.16462659 2.23027604 2.24962375
 2.21374907 2.12977789 2.0254551  1.92767558 1.844385   1.77387585
 1.71436386 1.66406479 1.62119438 1.58396839 1.55060256 1.51931264
 1.48831438 1.45582353 1.42005584 1.37961018 1.33605773 1.29235898
 1.2514823  1.21639605 1.19006861 1.17546719 1.17455857 1.18647719
 1.20985972 1.24334285 1.28556326 1.33515763 1.39076265 1.45101501
 1.51455138 1.58000845 1.64602291 1.71123143 1.77427071 1.83377742
 1.88838825 1.93673988 1.97746899 2.00921228 2.03060642 2.04028809
 2.03689399 2.01906079 1.98546096 1.93638104 1.8743434  1.8020347
 1.72214159 1.63735071 1.55034872 1.46382226 1.380458   1.30294258
 1.23396264 1.17620485 1.13167862 1.09972621 1.07903338 1.06828588
 1.06616949 1.07136994 1.08257301 1.09846445 1.11773002 1.13905547
 1.16112657 1.18262907 1.20224874 1.21867132 1.23058258 1.23666828
 1.23561417 1.22610601 1.20682957 1.17647059]
a_x_fitting=[8.61326443e-01 1.09188352e+01 2.09763440e+01 3.10338527e+01
 4.10913615e+01 5.11488703e+01 6.12063790e+01 7.12638878e+01
 8.13213966e+01 9.13789053e+01 1.01436414e+02 1.11493923e+02
 1.21551432e+02 1.31608940e+02 1.41666449e+02 1.51723958e+02
 1.61781467e+02 1.71838975e+02 1.81896484e+02 1.91953993e+02
 2.02011502e+02 2.12069011e+02 2.22126519e+02 2.32184028e+02
 2.42241537e+02 2.52299046e+02 2.62356554e+02 2.72414063e+02
 2.82471572e+02 2.92529081e+02 3.02586589e+02 3.12644098e+02
 3.22701607e+02 3.32759116e+02 3.42816624e+02 3.52874133e+02
 3.62931642e+02 3.72989151e+02 3.83046660e+02 3.93104168e+02
 4.03161677e+02 4.13219186e+02 4.23276695e+02 4.33334203e+02
 4.43391712e+02 4.53449221e+02 4.63506730e+02 4.73564238e+02
 4.83621747e+02 4.93679256e+02 5.03736765e+02 5.13794273e+02
 5.23851782e+02 5.33909291e+02 5.43966800e+02 5.54024309e+02
 5.64081817e+02 5.74139326e+02 5.84196835e+02 5.94254344e+02
 6.04311852e+02 6.14369361e+02 6.24426870e+02 6.34484379e+02
 6.44541887e+02 6.54599396e+02 6.64656905e+02 6.74714414e+02
 6.84771922e+02 6.94829431e+02 7.04886940e+02 7.14944449e+02
 7.25001958e+02 7.35059466e+02 7.45116975e+02 7.55174484e+02
 7.65231993e+02 7.75289501e+02 7.85347010e+02 7.95404519e+02
 8.05462028e+02 8.15519536e+02 8.25577045e+02 8.35634554e+02
 8.45692063e+02 8.55749572e+02 8.65807080e+02 8.75864589e+02
 8.85922098e+02 8.95979607e+02 9.06037115e+02 9.16094624e+02
 9.26152133e+02 9.36209642e+02 9.46267150e+02 9.56324659e+02
 9.66382168e+02 9.76439677e+02 9.86497185e+02 9.96554694e+02]
a_y_fitting=[-6.7251462  -6.68018211 -6.66441437 -6.6727574  -6.70012559 -6.74143335
 -6.7915951  -6.84552523 -6.89813816 -6.94434829 -6.97907002 -6.99721776
 -6.99370593 -6.96344891 -6.90136114 -6.8024637  -6.66726488 -6.50428971
 -6.32269877 -6.13165261 -5.94031183 -5.757837   -5.59338868 -5.45612745
 -5.35521389 -5.29947719 -5.29036718 -5.32208626 -5.38853192 -5.48360163
 -5.60119285 -5.73520305 -5.8795297  -6.02807028 -6.17472225 -6.31338309
 -6.43795025 -6.54249504 -6.62477948 -6.6860935  -6.72786824 -6.75153483
 -6.7585244  -6.7502681  -6.72819704 -6.69397645 -6.65055582 -6.60132278
 -6.54966538 -6.49897162 -6.45262953 -6.41402714 -6.38655246 -6.37359352
 -6.37834837 -6.39613929 -6.41176455 -6.40928878 -6.37277662 -6.28629269
 -6.13390164 -5.89966827 -5.58198641 -5.2325513  -4.91544932 -4.68841863
 -4.55746482 -4.50337856 -4.5067917  -4.55161334 -4.62964264 -4.73384215
 -4.85717441 -4.99260194 -5.13308729 -5.27159298 -5.40108156 -5.51451557
 -5.60517416 -5.67144365 -5.71583958 -5.74099583 -5.74954627 -5.74412476
 -5.72736518 -5.70190138 -5.67036725 -5.63539665 -5.59962344 -5.5656815
 -5.53620469 -5.51382689 -5.50118195 -5.50090376 -5.51562617 -5.54798306
 -5.60060829 -5.67613574 -5.77719927 -5.90643275]
d_x_fitting=[  3.44530577  13.50281454  23.5603233   33.61783207  43.67534083
  53.7328496   63.79035836  73.84786713  83.9053759   93.96288466
 104.02039343 114.07790219 124.13541096 134.19291972 144.25042849
 154.30793725 164.36544602 174.42295478 184.48046355 194.53797232
 204.59548108 214.65298985 224.71049861 234.76800738 244.82551614
 254.88302491 264.94053367 274.99804244 285.05555121 295.11305997
 305.17056874 315.2280775  325.28558627 335.34309503 345.4006038
 355.45811256 365.51562133 375.5731301  385.63063886 395.68814763
 405.74565639 415.80316516 425.86067392 435.91818269 445.97569145
 456.03320022 466.09070898 476.14821775 486.20572652 496.26323528
 506.32074405 516.37825281 526.43576158 536.49327034 546.55077911
 556.60828787 566.66579664 576.72330541 586.78081417 596.83832294
 606.8958317  616.95334047 627.01084923 637.068358   647.12586676
 657.18337553 667.2408843  677.29839306 687.35590183 697.41341059
 707.47091936 717.52842812 727.58593689 737.64344565 747.70095442
 757.75846318 767.81597195 777.87348072 787.93098948 797.98849825
 808.04600701 818.10351578 828.16102454 838.21853331 848.27604207
 858.33355084 868.39105961 878.44856837 888.50607714 898.5635859
 908.62109467 918.67860343 928.7361122  938.79362096 948.85112973
 958.9086385  968.96614726 979.02365603 989.08116479 999.13867356]
d_y_fitting=[1.11111111 1.1074083  1.10432695 1.10185128 1.09996549 1.09865381
 1.09790045 1.09768963 1.09800557 1.09883247 1.10015456 1.10195605
 1.10422116 1.10693411 1.1100791  1.11364036 1.1176021  1.12194854
 1.1266639  1.13173238 1.13713821 1.14286561 1.14889878 1.15522195
 1.16181932 1.16867513 1.17577357 1.18309888 1.19063525 1.19836692
 1.2062781  1.214353   1.22257583 1.23093083 1.23940219 1.24797414
 1.25663089 1.26535666 1.27413566 1.28295212 1.29179024 1.30063425
 1.30946835 1.31827677 1.32704372 1.33575342 1.34439008 1.35293699
 1.36137284 1.36967487 1.37782031 1.3857864  1.39355038 1.40108948
 1.40838095 1.41540202 1.42212994 1.42854193 1.43461524 1.44032711
 1.44565477 1.45057546 1.45506643 1.4591049  1.46266811 1.46573331
 1.46827774 1.47027862 1.47171321 1.47255873 1.47279242 1.47239153
 1.47133329 1.46959494 1.46715371 1.46398686 1.4600716  1.45538519
 1.44990486 1.44360785 1.43647139 1.42847273 1.41958909 1.40979774
 1.39907588 1.38740078 1.37474966 1.36109977 1.34642833 1.3307126
 1.3139298  1.29605718 1.27707197 1.25695142 1.23567275 1.21321321
 1.18955004 1.16466048 1.13852175 1.11111111]