
p_x=[0.0, 74.07407407407408, 193.79844961240312, 239.44875107665806, 297.15762273901805, 373.81567614125754, 534.8837209302325, 742.4633936261843, 871.6623600344531, 994.8320413436692]
p_y=[1.882352941176471, 3.5294117647058822, 3.0588235294117645, 4.588235294117648, 4.117647058823529, 6.235294117647059, 4.470588235294118, 5.0588235294117645, 4.0, 0.117647058823529]
a_x=[0.0, 23.25581395348837, 80.96468561584841, 186.04651162790697, 290.26701119724373, 398.7941429801895, 596.8992248062015, 703.7037037037037, 797.588285960379, 939.7071490094746, 996.5546942291128]
a_y=[1.3450292397660828, 4.152046783625732, 5.2046783625731, 3.5672514619883042, 5.7894736842105265, 5.7894736842105265, 3.0994152046783627, 4.853801169590644, 5.087719298245615, 2.7485380116959064, 0.29239766081871466]
d_x=[0.0, 24.978466838931958, 79.24203273040483, 130.92161929371233, 298.88027562446166, 398.7941429801895, 590.869939707149, 671.8346253229975, 727.8208440999139, 878.5529715762274, 995.693367786391]
d_y=[1.2280701754385976, 4.269005847953217, 4.385964912280702, 3.6842105263157894, 5.672514619883041, 5.43859649122807, 6.491228070175438, 6.959064327485381, 7.426900584795321, 3.8011695906432754, 0.7602339181286553]
p_x_fitting=[  0.          10.0488085   20.097617    30.1464255   40.19523399
  50.24404249  60.29285099  70.34165949  80.39046799  90.43927649
 100.48808498 110.53689348 120.58570198 130.63451048 140.68331898
 150.73212748 160.78093597 170.82974447 180.87855297 190.92736147
 200.97616997 211.02497847 221.07378697 231.12259546 241.17140396
 251.22021246 261.26902096 271.31782946 281.36663796 291.41544645
 301.46425495 311.51306345 321.56187195 331.61068045 341.65948895
 351.70829744 361.75710594 371.80591444 381.85472294 391.90353144
 401.95233994 412.00114844 422.04995693 432.09876543 442.14757393
 452.19638243 462.24519093 472.29399943 482.34280792 492.39161642
 502.44042492 512.48923342 522.53804192 532.58685042 542.63565891
 552.68446741 562.73327591 572.78208441 582.83089291 592.87970141
 602.92850991 612.9773184  623.0261269  633.0749354  643.1237439
 653.1725524  663.2213609  673.27016939 683.31897789 693.36778639
 703.41659489 713.46540339 723.51421189 733.56302038 743.61182888
 753.66063738 763.70944588 773.75825438 783.80706288 793.85587138
 803.90467987 813.95348837 824.00229687 834.05110537 844.09991387
 854.14872237 864.19753086 874.24633936 884.29514786 894.34395636
 904.39276486 914.44157336 924.49038185 934.53919035 944.58799885
 954.63680735 964.68561585 974.73442435 984.78323285 994.83204134]
p_y_fitting=[1.88235294 2.45192627 2.88894052 3.2067479  3.41870061 3.53815084
 3.57845079 3.55295267 3.47500868 3.35797101 3.21519186 3.06002345
 2.90581796 2.76592759 2.65370456 2.58250105 2.56566926 2.61656141
 2.74852968 2.97492628 3.30429769 3.69797901 4.09050866 4.41611749
 4.60914012 4.6366082  4.54462734 4.39102048 4.2336106  4.13022063
 4.13752093 4.274103   4.51266736 4.8231824  5.17561655 5.53993819
 5.88611575 6.18411761 6.40710693 6.551858   6.6257277  6.63612283
 6.59045017 6.49611654 6.36052872 6.19109352 5.99521771 5.78030812
 5.55377152 5.32301472 5.09544451 4.87846769 4.67949105 4.5059214
 4.36440814 4.25545958 4.17660348 4.1253479  4.0992009  4.09567053
 4.11226485 4.14649191 4.19585978 4.25787651 4.33005016 4.40988879
 4.49490045 4.58259319 4.67047509 4.75605419 4.83683856 4.91033624
 4.9740553  5.02550379 5.06219036 5.08216502 5.0850207  5.07062339
 5.03883908 4.98953378 4.92257347 4.83782415 4.7351518  4.61442242
 4.47550201 4.31825656 4.14255206 3.94825451 3.73522989 3.50334421
 3.25246345 2.9824536  2.69318067 2.38451064 2.05630951 1.70844326
 1.3407779  0.95317942 0.54551381 0.11764706]
a_x_fitting=[  0.          10.06620903  20.13241807  30.1986271   40.26483613
  50.33104516  60.3972542   70.46346323  80.52967226  90.59588129
 100.66209033 110.72829936 120.79450839 130.86071742 140.92692646
 150.99313549 161.05934452 171.12555355 181.19176259 191.25797162
 201.32418065 211.39038968 221.45659872 231.52280775 241.58901678
 251.65522582 261.72143485 271.78764388 281.85385291 291.92006195
 301.98627098 312.05248001 322.11868904 332.18489808 342.25110711
 352.31731614 362.38352517 372.44973421 382.51594324 392.58215227
 402.6483613  412.71457034 422.78077937 432.8469884  442.91319744
 452.97940647 463.0456155  473.11182453 483.17803357 493.2442426
 503.31045163 513.37666066 523.4428697  533.50907873 543.57528776
 553.64149679 563.70770583 573.77391486 583.84012389 593.90633292
 603.97254196 614.03875099 624.10496002 634.17116905 644.23737809
 654.30358712 664.36979615 674.43600519 684.50221422 694.56842325
 704.63463228 714.70084132 724.76705035 734.83325938 744.89946841
 754.96567745 765.03188648 775.09809551 785.16430454 795.23051358
 805.29672261 815.36293164 825.42914067 835.49534971 845.56155874
 855.62776777 865.69397681 875.76018584 885.82639487 895.8926039
 905.95881294 916.02502197 926.091231   936.15744003 946.22364907
 956.2898581  966.35606713 976.42227616 986.4884852  996.55469423]
a_y_fitting=[1.34502924 2.80355555 3.88530406 4.63935907 5.11480486 5.36072572
 5.42620594 5.3603298  5.21218159 5.0251239  4.8164608  4.59608188
 4.37387619 4.1597328  3.96354077 3.79518916 3.66456704 3.58156347
 3.55606752 3.59748171 3.70489733 3.86756022 4.0743229  4.31403788
 4.5755577  4.84773487 5.11942193 5.3794714  5.61673579 5.82007752
 5.98183825 6.10294814 6.18563921 6.23214349 6.24469301 6.22551978
 6.17685584 6.10093322 5.99998392 5.87623999 5.73194137 5.56966965
 5.39247069 5.20342355 5.00560724 4.80210083 4.59598335 4.39033383
 4.18823133 3.99275489 3.80698354 3.63399632 3.47687228 3.33869046
 3.2225299  3.13146964 3.06858873 3.03696619 3.03968109 3.07981244
 3.15987176 3.27656592 3.42320209 3.59304445 3.77935717 3.9754044
 4.17445034 4.36975914 4.55459498 4.72222203 4.86590565 4.98086453
 5.06825077 5.1303389  5.16940345 5.18771894 5.18755991 5.17120087
 5.14091637 5.09898092 5.0473769  4.98567344 4.9122499  4.82547731
 4.72372669 4.60536906 4.46877545 4.31231686 4.13436433 3.93328886
 3.70746149 3.45525323 3.17503511 2.86517814 2.52405334 2.15003173
 1.74148434 1.29678219 0.81429629 0.29239766]
d_x_fitting=[  0.          10.05750877  20.11501753  30.1725263   40.23003506
  50.28754383  60.34505259  70.40256136  80.46007012  90.51757889
 100.57508766 110.63259642 120.69010519 130.74761395 140.80512272
 150.86263148 160.92014025 170.97764901 181.03515778 191.09266654
 201.15017531 211.20768408 221.26519284 231.32270161 241.38021037
 251.43771914 261.4952279  271.55273667 281.61024543 291.6677542
 301.72526297 311.78277173 321.8402805  331.89778926 341.95529803
 352.01280679 362.07031556 372.12782432 382.18533309 392.24284186
 402.30035062 412.35785939 422.41536815 432.47287692 442.53038568
 452.58789445 462.64540321 472.70291198 482.76042074 492.81792951
 502.87543828 512.93294704 522.99045581 533.04796457 543.10547334
 553.1629821  563.22049087 573.27799963 583.3355084  593.39301717
 603.45052593 613.5080347  623.56554346 633.62305223 643.68056099
 653.73806976 663.79557852 673.85308729 683.91059606 693.96810482
 704.02561359 714.08312235 724.14063112 734.19813988 744.25564865
 754.31315741 764.37066618 774.42817494 784.48568371 794.54319248
 804.60070124 814.65821001 824.71571877 834.77322754 844.8307363
 854.88824507 864.94575383 875.0032626  885.06077137 895.11828013
 905.1757889  915.23329766 925.29080643 935.34831519 945.40582396
 955.46333272 965.52084149 975.57835026 985.63585902 995.69336779]
d_y_fitting=[1.22807018 2.81257496 3.89899149 4.56587227 4.8917698  4.95523659
 4.83482513 4.60908792 4.35655423 4.13741144 3.96059764 3.82616907
 3.73418192 3.68469243 3.67703745 3.70752322 3.77165794 3.86494979
 3.98290698 4.12103771 4.27485018 4.43985257 4.61155309 4.78545995
 4.95708132 5.12192542 5.27550044 5.41331458 5.53087603 5.62369299
 5.68730916 5.72043645 5.72741192 5.71315084 5.68256849 5.64058013
 5.59210104 5.5420465  5.49533176 5.45687212 5.43153904 5.42184426
 5.42678786 5.4450843  5.47544801 5.51659347 5.56723512 5.62608741
 5.69186479 5.76328172 5.83905266 5.91789205 5.99851434 6.079634
 6.15996546 6.2382232  6.31312164 6.38337526 6.4476985  6.50481794
 6.55491441 6.6009864  6.64635523 6.69434221 6.74826863 6.8114558
 6.88722503 6.97887632 7.08523086 7.19513647 7.2960945  7.37560631
 7.42117322 7.4209795  7.37216591 7.27817472 7.14257945 6.96895359
 6.76087067 6.5219042  6.25562767 5.96561462 5.65543853 5.32867294
 4.98889134 4.63966724 4.28457416 3.92718561 3.5710751  3.21981613
 2.87698222 2.54614689 2.23088363 1.93476596 1.66136739 1.41426143
 1.1970216  1.01322139 0.86643433 0.76023392]