
p_x=[5.167958656330749, 85.27131782945736, 192.0757967269595, 396.2101636520241, 603.7898363479759, 799.3109388458226, 906.1154177433248, 996.5546942291128]
p_y=[0.35294117647058876, 2.235294117647059, 3.647058823529412, 3.764705882352941, 4.117647058823529, 4.352941176470589, 3.0588235294117645, 0.35294117647058876]
a_x=[4.3066322136089585, 41.343669250645995, 90.43927648578811, 199.82773471145566, 401.3781223083548, 534.0223944875107, 652.885443583118, 701.9810508182601, 751.937984496124, 831.1800172265289, 901.8087855297158, 994.8320413436692]
a_y=[0.29239766081871466, 2.1637426900584797, 2.6315789473684212, 4.035087719298246, 4.853801169590644, 5.555555555555555, 6.257309941520468, 6.257309941520468, 4.970760233918129, 3.6842105263157894, 2.8654970760233924, 0.7602339181286553]
d_x=[4.3066322136089585, 194.6597760551249, 393.62618432385875, 599.4832041343669, 799.3109388458226, 996.5546942291128]
d_y=[0.7602339181286553, 3.8011695906432754, 4.970760233918129, 4.970760233918129, 4.152046783625732, 0.8771929824561404]
p_x_fitting=[  5.16795866  15.18196609  25.19597352  35.20998095  45.22398838
  55.23799581  65.25200324  75.26601067  85.2800181   95.29402553
 105.30803296 115.32204039 125.33604782 135.35005525 145.36406268
 155.37807011 165.39207754 175.40608497 185.4200924  195.43409983
 205.44810726 215.46211469 225.47612212 235.49012955 245.50413698
 255.51814441 265.53215184 275.54615927 285.5601667  295.57417413
 305.58818156 315.60218899 325.61619642 335.63020385 345.64421128
 355.65821871 365.67222614 375.68623357 385.700241   395.71424843
 405.72825586 415.74226329 425.75627072 435.77027815 445.78428558
 455.79829301 465.81230044 475.82630787 485.8403153  495.85432273
 505.86833016 515.88233759 525.89634502 535.91035245 545.92435988
 555.93836731 565.95237474 575.96638217 585.9803896  595.99439703
 606.00840446 616.02241189 626.03641932 636.05042675 646.06443418
 656.07844161 666.09244904 676.10645647 686.1204639  696.13447133
 706.14847876 716.16248619 726.17649362 736.19050105 746.20450848
 756.21851591 766.23252334 776.24653077 786.2605382  796.27454563
 806.28855306 816.30256049 826.31656792 836.33057535 846.34458278
 856.35859021 866.37259764 876.38660507 886.4006125  896.41461993
 906.42862736 916.44263479 926.45664222 936.47064965 946.48465708
 956.49866451 966.51267194 976.52667937 986.5406868  996.55469423]
p_y_fitting=[0.35294118 0.6260153  0.88838378 1.14000528 1.38083845 1.61084193
 1.82997437 2.03819442 2.23546074 2.42173196 2.59696674 2.76112373
 2.91416157 3.05603892 3.18671442 3.30614672 3.41429447 3.51111632
 3.59657092 3.67062173 3.73351685 3.78594317 3.82862505 3.86228687
 3.88765298 3.90544774 3.91639553 3.92122071 3.92064764 3.91540069
 3.90620422 3.89378259 3.87886017 3.86216133 3.84441042 3.82633182
 3.80864988 3.79208898 3.77737347 3.76522772 3.75625838 3.7505257
 3.7479315  3.74837759 3.75176578 3.75799789 3.76697574 3.77860112
 3.79277585 3.80940175 3.82838062 3.84961427 3.87300453 3.89845319
 3.92586208 3.955133   3.98616776 4.01886817 4.05313606 4.08887322
 4.12598057 4.16421045 4.20300317 4.24175961 4.27988067 4.31676725
 4.35182026 4.38444059 4.41402913 4.4399868  4.46171449 4.47861309
 4.49008351 4.49552664 4.49434339 4.48593465 4.46970133 4.44504431
 4.41136451 4.36806282 4.31453102 4.25006575 4.173907   4.08529403
 3.98346609 3.86766243 3.73712229 3.59108494 3.42878962 3.24947559
 3.05238209 2.83674838 2.60181371 2.34681733 2.07099849 1.77359644
 1.45385043 1.11099971 0.74428355 0.35294118]
a_x_fitting=[  4.30663221  14.31193938  24.31724654  34.3225537   44.32786087
  54.33316803  64.33847519  74.34378235  84.34908952  94.35439668
 104.35970384 114.36501101 124.37031817 134.37562533 144.38093249
 154.38623966 164.39154682 174.39685398 184.40216115 194.40746831
 204.41277547 214.41808264 224.4233898  234.42869696 244.43400412
 254.43931129 264.44461845 274.44992561 284.45523278 294.46053994
 304.4658471  314.47115426 324.47646143 334.48176859 344.48707575
 354.49238292 364.49769008 374.50299724 384.5083044  394.51361157
 404.51891873 414.52422589 424.52953306 434.53484022 444.54014738
 454.54545455 464.55076171 474.55606887 484.56137603 494.5666832
 504.57199036 514.57729752 524.58260469 534.58791185 544.59321901
 554.59852617 564.60383334 574.6091405  584.61444766 594.61975483
 604.62506199 614.63036915 624.63567632 634.64098348 644.64629064
 654.6515978  664.65690497 674.66221213 684.66751929 694.67282646
 704.67813362 714.68344078 724.68874794 734.69405511 744.69936227
 754.70466943 764.7099766  774.71528376 784.72059092 794.72589809
 804.73120525 814.73651241 824.74181957 834.74712674 844.7524339
 854.75774106 864.76304823 874.76835539 884.77366255 894.77896971
 904.78427688 914.78958404 924.7948912  934.80019837 944.80550553
 954.81081269 964.81611985 974.82142702 984.82673418 994.83204134]
a_y_fitting=[0.29239766 1.02044141 1.56824066 1.96316724 2.23259296 2.40388965
 2.50442914 2.56158326 2.60272382 2.6549097  2.73238454 2.83235893
 2.95086551 3.08393688 3.22760569 3.37790455 3.53086608 3.68252291
 3.82890767 3.96605297 4.09007211 4.19935522 4.29483133 4.37756271
 4.44861167 4.50904049 4.55991148 4.60228692 4.6372291  4.66580033
 4.68906288 4.70807907 4.72391117 4.73762149 4.75027231 4.76292593
 4.77664464 4.79249074 4.81152652 4.83481427 4.86340785 4.89777658
 4.93743536 4.98181107 5.03033058 5.08242076 5.13750849 5.19502064
 5.25438407 5.31502568 5.37637232 5.43785087 5.49888821 5.55891124
 5.61753371 5.67500058 5.73168994 5.7879799  5.84424854 5.90087397
 5.95823428 6.01670758 6.07667196 6.13850551 6.20258635 6.26927512
 6.33383872 6.379402   6.38731925 6.3389448  6.21577699 6.01378615
 5.75558414 5.46664873 5.17245768 4.89838264 4.6597791  4.45390977
 4.27613663 4.12182166 3.98632683 3.86501413 3.75324554 3.64640313
 3.54089583 3.43462886 3.32562563 3.21190954 3.091504   2.96243241
 2.8227182  2.67038475 2.50345549 2.31995381 2.11790313 1.89532686
 1.65024839 1.38069114 1.08467851 0.76023392]
d_x_fitting=[  4.30663221  14.32933991  24.35204761  34.3747553   44.397463
  54.4201707   64.4428784   74.46558609  84.48829379  94.51100149
 104.53370918 114.55641688 124.57912458 134.60183228 144.62453997
 154.64724767 164.66995537 174.69266306 184.71537076 194.73807846
 204.76078616 214.78349385 224.80620155 234.82890925 244.85161694
 254.87432464 264.89703234 274.91974004 284.94244773 294.96515543
 304.98786313 315.01057082 325.03327852 335.05598622 345.07869392
 355.10140161 365.12410931 375.14681701 385.1695247  395.1922324
 405.2149401  415.2376478  425.26035549 435.28306319 445.30577089
 455.32847858 465.35118628 475.37389398 485.39660168 495.41930937
 505.44201707 515.46472477 525.48743246 535.51014016 545.53284786
 555.55555556 565.57826325 575.60097095 585.62367865 595.64638634
 605.66909404 615.69180174 625.71450944 635.73721713 645.75992483
 655.78263253 665.80534022 675.82804792 685.85075562 695.87346332
 705.89617101 715.91887871 725.94158641 735.9642941  745.9870018
 756.0097095  766.0324172  776.05512489 786.07783259 796.10054029
 806.12324798 816.14595568 826.16866338 836.19137108 846.21407877
 856.23678647 866.25949417 876.28220186 886.30490956 896.32761726
 906.35032495 916.37303265 926.39574035 936.41844805 946.44115574
 956.46386344 966.48657114 976.50927883 986.53198653 996.55469423]
d_y_fitting=[0.76023392 0.98063596 1.19366709 1.39944552 1.59808943 1.78971702
 1.97444647 2.15239597 2.32368372 2.4884279  2.64674672 2.79875835
 2.94458099 3.08433283 3.21813206 3.34609687 3.46834545 3.584996
 3.6961667  3.80197575 3.90254133 3.99798164 4.08841487 4.1739592
 4.25473284 4.33085396 4.40244077 4.46961144 4.53248418 4.59117718
 4.64580861 4.69649669 4.74335959 4.7865155  4.82608263 4.86217915
 4.89492326 4.92443315 4.95082701 4.97422303 4.99473599 5.01247211
 5.02753627 5.04003336 5.05006828 5.05774589 5.06317109 5.06644876
 5.06768379 5.06698107 5.06444547 5.0601819  5.05429522 5.04689033
 5.03807211 5.02794545 5.01661524 5.00418635 4.99076368 4.97645211
 4.96134139 4.9453096  4.92807905 4.90936848 4.8888966  4.86638212
 4.84154377 4.81410026 4.7837703  4.75027263 4.71332595 4.67264899
 4.62796046 4.57897907 4.52542356 4.46701263 4.40346501 4.33449941
 4.25983454 4.17918914 4.09228191 3.99883158 3.89855686 3.79117647
 3.67640912 3.55397354 3.42358845 3.28497256 3.13784459 2.98192326
 2.81692728 2.64257538 2.45858627 2.26467866 2.06057129 1.84598287
 1.6206321  1.38423772 1.13651844 0.87719298]