
p_x=[2.5839793281653747, 124.03100775193798, 349.69853574504737, 592.5925925925926, 796.7269595176572, 996.5546942291128]
p_y=[0.47058823529411775, 3.647058823529412, 5.0588235294117645, 4.470588235294118, 3.764705882352941, 0.5882352941176467]
a_x=[2.5839793281653747, 75.79672695951766, 172.26528854435833, 350.55986218776917, 592.5925925925926, 804.4788975021532, 993.9707149009474]
a_y=[0.1754385964912295, 2.7485380116959064, 4.269005847953217, 5.2046783625731, 5.43859649122807, 4.269005847953217, 0.6432748538011701]
d_x=[3.4453057708871664, 195.52110249784667, 401.3781223083548, 604.6511627906976, 803.6175710594315, 997.4160206718346]
d_y=[0.4093567251461998, 3.6842105263157894, 4.502923976608187, 4.269005847953217, 3.2163742690058488, 0.6432748538011701]
p_x_fitting=[  2.58397933  12.62408756  22.66419579  32.70430402  42.74441225
  52.78452048  62.82462872  72.86473695  82.90484518  92.94495341
 102.98506164 113.02516987 123.0652781  133.10538634 143.14549457
 153.1856028  163.22571103 173.26581926 183.30592749 193.34603572
 203.38614395 213.42625219 223.46636042 233.50646865 243.54657688
 253.58668511 263.62679334 273.66690157 283.70700981 293.74711804
 303.78722627 313.8273345  323.86744273 333.90755096 343.94765919
 353.98776742 364.02787566 374.06798389 384.10809212 394.14820035
 404.18830858 414.22841681 424.26852504 434.30863328 444.34874151
 454.38884974 464.42895797 474.4690662  484.50917443 494.54928266
 504.58939089 514.62949913 524.66960736 534.70971559 544.74982382
 554.78993205 564.83004028 574.87014851 584.91025674 594.95036498
 604.99047321 615.03058144 625.07068967 635.1107979  645.15090613
 655.19101436 665.2311226  675.27123083 685.31133906 695.35144729
 705.39155552 715.43166375 725.47177198 735.51188021 745.55198845
 755.59209668 765.63220491 775.67231314 785.71242137 795.7525296
 805.79263783 815.83274607 825.8728543  835.91296253 845.95307076
 855.99317899 866.03328722 876.07339545 886.11350368 896.15361192
 906.19372015 916.23382838 926.27393661 936.31404484 946.35415307
 956.3942613  966.43436954 976.47447777 986.514586   996.55469423]
p_y_fitting=[0.47058824 0.82583296 1.16283346 1.4820491  1.78393924 2.06896322
 2.33758042 2.59025018 2.82743186 3.04958481 3.2571684  3.45064198
 3.6304649  3.79709653 3.95099621 4.09262331 4.22243718 4.34089718
 4.44846266 4.54559299 4.63274751 4.71038558 4.77896657 4.83894982
 4.89079469 4.93496054 4.97190673 5.00209261 5.02597754 5.04402087
 5.05668197 5.06442018 5.06769486 5.06696538 5.06269108 5.05532768
 5.04520938 5.03252348 5.01744846 5.00016279 4.98084496 4.95967347
 4.93682678 4.91248338 4.88682177 4.86002041 4.8322578  4.80371242
 4.77456275 4.74498728 4.71516449 4.68527286 4.65549088 4.62599702
 4.59696979 4.56858765 4.54102909 4.5144726  4.48909666 4.46507854
 4.44242461 4.42079513 4.39980853 4.37908328 4.35823781 4.33689056
 4.31466    4.29116455 4.26602268 4.23885282 4.20927341 4.17690292
 4.14135977 4.10226242 4.05922932 4.01187891 3.95982963 3.90269993
 3.84010826 3.77167306 3.69701278 3.61574587 3.52749077 3.43186593
 3.32848979 3.21698079 3.0969574  2.96803804 2.82984117 2.68198524
 2.52408868 2.35576995 2.17664748 1.98633974 1.78446516 1.57064218
 1.34448926 1.10562485 0.85366737 0.58823529]
a_x_fitting=[  2.58397933  12.59798676  22.61199419  32.62600162  42.64000905
  52.65401648  62.66802391  72.68203134  82.69603877  92.7100462
 102.72405363 112.73806106 122.75206849 132.76607592 142.78008335
 152.79409078 162.80809821 172.82210564 182.83611307 192.8501205
 202.86412793 212.87813536 222.89214279 232.90615022 242.92015765
 252.93416508 262.94817251 272.96217994 282.97618737 292.9901948
 303.00420223 313.01820966 323.03221709 333.04622452 343.06023195
 353.07423938 363.08824681 373.10225424 383.11626167 393.1302691
 403.14427653 413.15828396 423.17229139 433.18629882 443.20030625
 453.21431368 463.22832111 473.24232854 483.25633597 493.2703434
 503.28435083 513.29835826 523.31236569 533.32637312 543.34038055
 553.35438798 563.36839541 573.38240284 583.39641027 593.4104177
 603.42442513 613.43843256 623.45243999 633.46644742 643.48045485
 653.49446228 663.50846971 673.52247714 683.53648457 693.550492
 703.56449943 713.57850686 723.59251429 733.60652172 743.62052915
 753.63453658 763.64854401 773.66255144 783.67655887 793.6905663
 803.70457373 813.71858116 823.73258859 833.74659602 843.76060345
 853.77461088 863.78861831 873.80262574 883.81663317 893.8306406
 903.84464803 913.85865546 923.87266289 933.88667032 943.90067775
 953.91468518 963.92869261 973.94270004 983.95670747 993.9707149 ]
a_y_fitting=[0.1754386  0.62988901 1.0486673  1.43357448 1.78641152 2.10897941
 2.40307913 2.67051168 2.91307803 3.13257918 3.3308161  3.5095898
 3.67070124 3.81595143 3.94714134 4.06607196 4.17454428 4.27435924
 4.36703172 4.45310756 4.53292765 4.60683288 4.67516414 4.7382623
 4.79646826 4.8501229  4.8995671  4.94514175 4.98718774 5.02604595
 5.06205726 5.09556256 5.12690273 5.15641867 5.18445125 5.21134029
 5.2372977  5.26228768 5.2862461  5.3091088  5.33081166 5.35129051
 5.37048122 5.38831965 5.40474166 5.41968309 5.43307981 5.44486768
 5.45498254 5.46336026 5.4699367  5.47464771 5.47742915 5.47821687
 5.47694673 5.47355459 5.4679763  5.46014773 5.45000472 5.43748313
 5.42248727 5.40482263 5.38427537 5.36063166 5.33367764 5.30319949
 5.26898337 5.23081543 5.18848184 5.14176876 5.09046236 5.03434878
 4.97321421 4.90684479 4.83502668 4.75754606 4.67418908 4.5847419
 4.48899068 4.38672159 4.27772079 4.16177443 4.03866869 3.90818971
 3.77012367 3.62425673 3.47037504 3.30826477 3.13771207 2.95850312
 2.77042407 2.57326108 2.36680032 2.15082794 1.92513012 1.689493
 1.44370275 1.18754554 0.92080752 0.64327485]
d_x_fitting=[  3.44530577  13.485414    23.52552223  33.56563046  43.6057387
  53.64584693  63.68595516  73.72606339  83.76617162  93.80627985
 103.84638808 113.88649632 123.92660455 133.96671278 144.00682101
 154.04692924 164.08703747 174.1271457  184.16725393 194.20736217
 204.2474704  214.28757863 224.32768686 234.36779509 244.40790332
 254.44801155 264.48811979 274.52822802 284.56833625 294.60844448
 304.64855271 314.68866094 324.72876917 334.7688774  344.80898564
 354.84909387 364.8892021  374.92931033 384.96941856 395.00952679
 405.04963502 415.08974326 425.12985149 435.16995972 445.21006795
 455.25017618 465.29028441 475.33039264 485.37050087 495.41060911
 505.45071734 515.49082557 525.5309338  535.57104203 545.61115026
 555.65125849 565.69136672 575.73147496 585.77158319 595.81169142
 605.85179965 615.89190788 625.93201611 635.97212434 646.01223258
 656.05234081 666.09244904 676.13255727 686.1726655  696.21277373
 706.25288196 716.29299019 726.33309843 736.37320666 746.41331489
 756.45342312 766.49353135 776.53363958 786.57374781 796.61385605
 806.65396428 816.69407251 826.73418074 836.77428897 846.8143972
 856.85450543 866.89461366 876.9347219  886.97483013 897.01493836
 907.05504659 917.09515482 927.13526305 937.17537128 947.21547952
 957.25558775 967.29569598 977.33580421 987.37591244 997.41602067]
d_y_fitting=[0.40935673 0.66936102 0.91815963 1.15599908 1.3831259  1.59978663
 1.80622778 2.00269589 2.18943749 2.3666991  2.53472725 2.69376848
 2.8440693  2.98587626 3.11943587 3.24499467 3.36279919 3.47309595
 3.57613148 3.67215231 3.76140496 3.84413598 3.92059189 3.9910192
 4.05566447 4.1147742  4.16859493 4.2173732  4.26135552 4.30078843
 4.33591845 4.36699212 4.39425596 4.4179565  4.43834026 4.45565379
 4.4701436  4.48205623 4.4916382  4.49913605 4.50479429 4.50876108
 4.51104752 4.51165424 4.51058187 4.50783106 4.50340244 4.49729664
 4.4895143  4.48005605 4.46892254 4.45611439 4.44163225 4.42547674
 4.40764851 4.38814819 4.36697641 4.34413381 4.31962102 4.29343869
 4.26558741 4.23603883 4.20468335 4.1713972  4.13605663 4.09853789
 4.05871722 4.01647086 3.97167507 3.92420608 3.87394015 3.82075351
 3.7645224  3.70512309 3.6424318  3.57632478 3.50667829 3.43336855
 3.35627183 3.27526435 3.19022238 3.10102215 3.0075399  2.90965189
 2.80723435 2.70016353 2.58831568 2.47156704 2.34979386 2.22287237
 2.09067883 1.95308948 1.80998056 1.66122832 1.50670901 1.34629886
 1.17987413 1.00731105 0.82848588 0.64327485]