
p_x=[3.4453057708871664, 48.23428079242033, 193.79844961240312, 397.0714900947459, 596.0378983634797, 802.7562446167096, 995.693367786391]
p_y=[0.35294117647058876, 1.764705882352942, 3.647058823529412, 3.1764705882352935, 3.2941176470588243, 3.0588235294117645, 0.5882352941176467]
a_x=[3.4453057708871664, 189.49181739879415, 397.0714900947459, 600.3445305770887, 801.0335917312663, 902.6701119724376, 994.8320413436692]
a_y=[0.4093567251461998, 4.152046783625732, 4.502923976608187, 3.9181286549707606, 4.269005847953217, 3.333333333333334, 0.4093567251461998]
d_x=[0.8613264427217916, 198.10508182601205, 384.151593453919, 594.3152454780361, 810.5081826012058, 925.0645994832042, 996.5546942291128]
d_y=[0.7602339181286553, 4.619883040935672, 4.970760233918129, 2.8654970760233924, 3.333333333333334, 2.6315789473684212, 0.6432748538011701]
p_x_fitting=[  3.44530577  13.46801347  23.49072117  33.51342886  43.53613656
  53.55884426  63.58155195  73.60425965  83.62696735  93.64967505
 103.67238274 113.69509044 123.71779814 133.74050583 143.76321353
 153.78592123 163.80862892 173.83133662 183.85404432 193.87675202
 203.89945971 213.92216741 223.94487511 233.9675828  243.9902905
 254.0129982  264.0357059  274.05841359 284.08112129 294.10382899
 304.12653668 314.14924438 324.17195208 334.19465978 344.21736747
 354.24007517 364.26278287 374.28549056 384.30819826 394.33090596
 404.35361366 414.37632135 424.39902905 434.42173675 444.44444444
 454.46715214 464.48985984 474.51256754 484.53527523 494.55798293
 504.58069063 514.60339832 524.62610602 534.64881372 544.67152142
 554.69422911 564.71693681 574.73964451 584.7623522  594.7850599
 604.8077676  614.8304753  624.85318299 634.87589069 644.89859839
 654.92130608 664.94401378 674.96672148 684.98942918 695.01213687
 705.03484457 715.05755227 725.08025996 735.10296766 745.12567536
 755.14838306 765.17109075 775.19379845 785.21650615 795.23921384
 805.26192154 815.28462924 825.30733694 835.33004463 845.35275233
 855.37546003 865.39816772 875.42087542 885.44358312 895.46629082
 905.48899851 915.51170621 925.53441391 935.5571216  945.5798293
 955.602537   965.6252447  975.64795239 985.67066009 995.69336779]
p_y_fitting=[0.35294118 0.71193544 1.045378   1.35413862 1.63908702 1.90109294
 2.14102613 2.35975633 2.55815327 2.73708669 2.89742634 3.04004196
 3.16580328 3.27558004 3.37024199 3.45065886 3.51770039 3.57223633
 3.61513642 3.64727038 3.66948428 3.68253155 3.68714306 3.68404965
 3.67398216 3.65767144 3.63584834 3.6092437  3.57858837 3.5446132
 3.50804903 3.46962671 3.43007708 3.390131   3.3505193  3.31197284
 3.27522246 3.24099901 3.21003333 3.18305627 3.160733   3.14311005
 3.12989432 3.12078923 3.11549818 3.11372458 3.11517184 3.11954338
 3.1265426  3.13587291 3.14723771 3.16034043 3.17488446 3.19057322
 3.20711012 3.22419856 3.24154195 3.25884372 3.27580725 3.29213596
 3.30753928 3.32176167 3.33456033 3.34569244 3.3549152  3.36198581
 3.36666147 3.36869937 3.3678567  3.36389066 3.35655845 3.34561727
 3.3308243  3.31193675 3.28871182 3.26090669 3.22827856 3.19058463
 3.1475821  3.09902816 3.04468001 2.98429484 2.91762984 2.84444223
 2.76448918 2.67752791 2.58331559 2.48160944 2.37216664 2.25474439
 2.12909988 1.99499032 1.8521729  1.70040482 1.53944326 1.36904543
 1.18896852 0.99896973 0.79880626 0.58823529]
a_x_fitting=[  3.44530577  13.4593132   23.47332063  33.48732806  43.50133549
  53.51534292  63.52935035  73.54335778  83.55736521  93.57137264
 103.58538007 113.5993875  123.61339493 133.62740236 143.64140979
 153.65541722 163.66942465 173.68343208 183.69743951 193.71144694
 203.72545437 213.7394618  223.75346923 233.76747666 243.78148409
 253.79549152 263.80949895 273.82350638 283.83751381 293.85152124
 303.86552867 313.8795361  323.89354353 333.90755096 343.92155839
 353.93556582 363.94957325 373.96358068 383.97758811 393.99159554
 404.00560297 414.0196104  424.03361783 434.04762526 444.06163269
 454.07564012 464.08964755 474.10365498 484.11766241 494.13166984
 504.14567727 514.1596847  524.17369213 534.18769956 544.20170699
 554.21571442 564.22972185 574.24372928 584.25773671 594.27174414
 604.28575157 614.299759   624.31376643 634.32777386 644.34178129
 654.35578872 664.36979615 674.38380358 684.39781101 694.41181844
 704.42582587 714.4398333  724.45384073 734.46784816 744.48185559
 754.49586302 764.50987045 774.52387788 784.53788531 794.55189274
 804.56590017 814.5799076  824.59391503 834.60792246 844.62192989
 854.63593732 864.64994475 874.66395218 884.67795961 894.69196704
 904.70597447 914.7199819  924.73398933 934.74799676 944.76200419
 954.77601162 964.79001905 974.80402648 984.81803391 994.83204134]
a_y_fitting=[0.40935673 0.73213903 1.03920599 1.3309034  1.60757707 1.86957281
 2.11723641 2.35091368 2.57095041 2.77769242 2.9714855  3.15267546
 3.3216081  3.47862922 3.62408463 3.75832012 3.8816815  3.99451458
 4.09716515 4.18997902 4.27330199 4.34747986 4.41285843 4.46978352
 4.51860091 4.55965642 4.59329585 4.61986499 4.63970965 4.65317564
 4.66060875 4.66235479 4.65875956 4.65016887 4.63692851 4.61938429
 4.59788201 4.57276748 4.54438649 4.51308485 4.47921314 4.44317247
 4.40539444 4.36631104 4.32635426 4.28595609 4.24554854 4.20556359
 4.16643325 4.12858949 4.09246433 4.05848976 4.02709776 3.99872034
 3.97378949 3.95273721 3.93599548 3.92399631 3.91717169 3.91595361
 3.92076192 3.9315259  3.94752665 3.96800083 3.99218515 4.01931625
 4.04863084 4.07936557 4.11075714 4.14204221 4.17245746 4.20123957
 4.22762521 4.25085107 4.27015382 4.28477013 4.29393668 4.29689016
 4.29286723 4.28110457 4.2608338  4.2310214  4.19024356 4.13704523
 4.06997134 3.98756685 3.88837669 3.77094579 3.63381911 3.47554159
 3.29465815 3.08971375 2.85925333 2.60182182 2.31596417 2.00022532
 1.65315021 1.27328378 0.85917097 0.40935673]
d_x_fitting=[8.61326443e-01 1.09188352e+01 2.09763440e+01 3.10338527e+01
 4.10913615e+01 5.11488703e+01 6.12063790e+01 7.12638878e+01
 8.13213966e+01 9.13789053e+01 1.01436414e+02 1.11493923e+02
 1.21551432e+02 1.31608940e+02 1.41666449e+02 1.51723958e+02
 1.61781467e+02 1.71838975e+02 1.81896484e+02 1.91953993e+02
 2.02011502e+02 2.12069011e+02 2.22126519e+02 2.32184028e+02
 2.42241537e+02 2.52299046e+02 2.62356554e+02 2.72414063e+02
 2.82471572e+02 2.92529081e+02 3.02586589e+02 3.12644098e+02
 3.22701607e+02 3.32759116e+02 3.42816624e+02 3.52874133e+02
 3.62931642e+02 3.72989151e+02 3.83046660e+02 3.93104168e+02
 4.03161677e+02 4.13219186e+02 4.23276695e+02 4.33334203e+02
 4.43391712e+02 4.53449221e+02 4.63506730e+02 4.73564238e+02
 4.83621747e+02 4.93679256e+02 5.03736765e+02 5.13794273e+02
 5.23851782e+02 5.33909291e+02 5.43966800e+02 5.54024309e+02
 5.64081817e+02 5.74139326e+02 5.84196835e+02 5.94254344e+02
 6.04311852e+02 6.14369361e+02 6.24426870e+02 6.34484379e+02
 6.44541887e+02 6.54599396e+02 6.64656905e+02 6.74714414e+02
 6.84771922e+02 6.94829431e+02 7.04886940e+02 7.14944449e+02
 7.25001958e+02 7.35059466e+02 7.45116975e+02 7.55174484e+02
 7.65231993e+02 7.75289501e+02 7.85347010e+02 7.95404519e+02
 8.05462028e+02 8.15519536e+02 8.25577045e+02 8.35634554e+02
 8.45692063e+02 8.55749572e+02 8.65807080e+02 8.75864589e+02
 8.85922098e+02 8.95979607e+02 9.06037115e+02 9.16094624e+02
 9.26152133e+02 9.36209642e+02 9.46267150e+02 9.56324659e+02
 9.66382168e+02 9.76439677e+02 9.86497185e+02 9.96554694e+02]
d_y_fitting=[0.76023392 1.03739138 1.30624542 1.56673961 1.81881751 2.06242269
 2.2974987  2.52398912 2.74183751 2.95098743 3.15138245 3.34296613
 3.52568204 3.69947375 3.86428481 4.02005879 4.16673926 4.30426978
 4.43259391 4.55165523 4.66139729 4.76176365 4.8526979  4.93414358
 5.00604427 5.06834352 5.1209849  5.16391199 5.19706833 5.22039751
 5.23384307 5.23734859 5.23085763 5.21431375 5.18766053 5.15084152
 5.10380029 5.0464804  4.97882542 4.90091779 4.81361409 4.71803904
 4.61531764 4.50657486 4.39293571 4.27552515 4.15546819 4.0338898
 3.91191498 3.79066872 3.67127599 3.5548618  3.44255112 3.33546894
 3.23474025 3.14149003 3.05684329 2.98192499 2.91786013 2.8657737
 2.82645037 2.79928865 2.78333411 2.77763236 2.78122899 2.79316958
 2.81249974 2.83826506 2.86951113 2.90528354 2.94462789 2.98658976
 3.03021476 3.07454848 3.1186365  3.16152443 3.20225785 3.23988236
 3.27344355 3.30198701 3.32455834 3.34018934 3.34759182 3.34515618
 3.33125874 3.30427582 3.26258373 3.20455878 3.12857729 3.03301556
 2.91624993 2.77665669 2.61261217 2.42249267 2.20467451 1.95753401
 1.67944748 1.36879124 1.02394159 0.64327485]