
p_x=[0.0, 27.56244616709733, 107.66580534022395, 194.6597760551249, 391.90353143841514, 596.0378983634797, 796.7269595176572, 999.1386735572783]
p_y=[0.35294117647058876, 2.4705882352941178, 3.2941176470588243, 3.0588235294117645, 3.88235294117647, 4.23529411764706, 4.23529411764706, 0.35294117647058876]
a_x=[0.0, 26.701119724375538, 107.66580534022395, 196.38242894056847, 312.66149870801036, 473.7295434969854, 602.928509905254, 777.7777777777778, 996.5546942291128]
a_y=[0.4093567251461998, 2.6315789473684212, 3.5672514619883042, 2.9824561403508776, 3.5672514619883042, 2.9824561403508776, 4.619883040935672, 4.619883040935672, 0.6432748538011701]
d_x=[2.5839793281653747, 199.82773471145566, 402.2394487510766, 601.2058570198105, 901.8087855297158, 995.693367786391]
d_y=[0.4093567251461998, 3.2163742690058488, 4.502923976608187, 4.152046783625732, 3.2163742690058488, 0.6432748538011701]
p_x_fitting=[  0.          10.09230983  20.18461967  30.2769295   40.36923934
  50.46154917  60.553859    70.64616884  80.73847867  90.83078851
 100.92309834 111.01540817 121.10771801 131.20002784 141.29233767
 151.38464751 161.47695734 171.56926718 181.66157701 191.75388684
 201.84619668 211.93850651 222.03081635 232.12312618 242.21543601
 252.30774585 262.40005568 272.49236552 282.58467535 292.67698518
 302.76929502 312.86160485 322.95391469 333.04622452 343.13853435
 353.23084419 363.32315402 373.41546385 383.50777369 393.60008352
 403.69239336 413.78470319 423.87701302 433.96932286 444.06163269
 454.15394253 464.24625236 474.33856219 484.43087203 494.52318186
 504.6154917  514.70780153 524.80011136 534.8924212  544.98473103
 555.07704087 565.1693507  575.26166053 585.35397037 595.4462802
 605.53859003 615.63089987 625.7232097  635.81551954 645.90782937
 656.0001392  666.09244904 676.18475887 686.27706871 696.36937854
 706.46168837 716.55399821 726.64630804 736.73861788 746.83092771
 756.92323754 767.01554738 777.10785721 787.20016705 797.29247688
 807.38478671 817.47709655 827.56940638 837.66171621 847.75402605
 857.84633588 867.93864572 878.03095555 888.12326538 898.21557522
 908.30788505 918.40019489 928.49250472 938.58481455 948.67712439
 958.76943422 968.86174406 978.95405389 989.04636372 999.13867356]
p_y_fitting=[0.35294118 1.30029807 2.04347946 2.60506202 3.00762241 3.27373727
 3.42598328 3.48693708 3.47917534 3.42527471 3.34781185 3.26922057
 3.20327482 3.15027411 3.10935278 3.07964521 3.06028576 3.05040879
 3.04914867 3.05563974 3.06903564 3.08868059 3.11402764 3.14453114
 3.17964542 3.21882481 3.26152366 3.30719629 3.35529705 3.40528026
 3.45660027 3.50871141 3.56106802 3.61312443 3.66433497 3.71415399
 3.76203582 3.80743479 3.84980524 3.88860219 3.92350343 3.95473074
 3.98258732 4.00737638 4.02940113 4.04896479 4.06637057 4.08192167
 4.0959213  4.10867269 4.12047903 4.13164354 4.14246943 4.15325991
 4.16431818 4.17594747 4.18845099 4.20213193 4.21729352 4.23423896
 4.25314705 4.27360303 4.29501533 4.31679235 4.3383425  4.35907417
 4.37839576 4.39571568 4.41044233 4.42198411 4.42974941 4.43314665
 4.43158422 4.42447052 4.41121395 4.39122292 4.36390582 4.32867106
 4.28492703 4.23208215 4.16954481 4.0967234  4.01302634 3.91786202
 3.81063884 3.69076521 3.55764953 3.41070019 3.2493256  3.07293416
 2.88093427 2.67273433 2.44774274 2.20536791 1.94501823 1.6661021
 1.36802793 1.05020412 0.71203907 0.35294118]
a_x_fitting=[  0.          10.06620903  20.13241807  30.1986271   40.26483613
  50.33104516  60.3972542   70.46346323  80.52967226  90.59588129
 100.66209033 110.72829936 120.79450839 130.86071742 140.92692646
 150.99313549 161.05934452 171.12555355 181.19176259 191.25797162
 201.32418065 211.39038968 221.45659872 231.52280775 241.58901678
 251.65522582 261.72143485 271.78764388 281.85385291 291.92006195
 301.98627098 312.05248001 322.11868904 332.18489808 342.25110711
 352.31731614 362.38352517 372.44973421 382.51594324 392.58215227
 402.6483613  412.71457034 422.78077937 432.8469884  442.91319744
 452.97940647 463.0456155  473.11182453 483.17803357 493.2442426
 503.31045163 513.37666066 523.4428697  533.50907873 543.57528776
 553.64149679 563.70770583 573.77391486 583.84012389 593.90633292
 603.97254196 614.03875099 624.10496002 634.17116905 644.23737809
 654.30358712 664.36979615 674.43600519 684.50221422 694.56842325
 704.63463228 714.70084132 724.76705035 734.83325938 744.89946841
 754.96567745 765.03188648 775.09809551 785.16430454 795.23051358
 805.29672261 815.36293164 825.42914067 835.49534971 845.56155874
 855.62776777 865.69397681 875.76018584 885.82639487 895.8926039
 905.95881294 916.02502197 926.091231   936.15744003 946.22364907
 956.2898581  966.35606713 976.42227616 986.4884852  996.55469423]
a_y_fitting=[0.40935673 1.41763017 2.21474074 2.82279675 3.26390654 3.56017843
 3.73372076 3.80664186 3.80105007 3.7390537  3.64276109 3.53418725
 3.42836752 3.32864057 3.23722877 3.15635449 3.08824011 3.03510798
 2.99918047 2.98267996 2.98770854 3.01348062 3.05625371 3.11215122
 3.17729657 3.24781316 3.31982441 3.38945373 3.45282453 3.50606022
 3.54528421 3.56661991 3.56714655 3.54852925 3.51380683 3.46601838
 3.40820299 3.34339974 3.27464771 3.204986   3.13745367 3.07508983
 3.02093355 2.97802393 2.94940003 2.93810095 2.94716578 2.9796336
 3.0376722  3.1192581  3.2211091  3.33994275 3.47247659 3.61542817
 3.76551506 3.91945478 4.0739649  4.22576296 4.37156651 4.5080931
 4.63206096 4.74099431 4.83478643 4.91376368 4.97825239 5.02857891
 5.06506958 5.08805075 5.09784876 5.09478996 5.07920069 5.05140729
 5.01173612 4.9605135  4.89806579 4.82471934 4.74080048 4.64663556
 4.54255092 4.42887291 4.30592788 4.17404216 4.03354211 3.88475405
 3.72800435 3.56361934 3.39192537 3.21324879 3.02791593 2.83625313
 2.63858676 2.43524314 2.22654863 2.01282957 1.79441229 1.57162316
 1.3447885  1.11423467 0.880288   0.64327485]
d_x_fitting=[  2.58397933  12.61538729  22.64679526  32.67820322  42.70961119
  52.74101915  62.77242711  72.80383508  82.83524304  92.86665101
 102.89805897 112.92946693 122.9608749  132.99228286 143.02369083
 153.05509879 163.08650676 173.11791472 183.14932268 193.18073065
 203.21213861 213.24354658 223.27495454 233.30636251 243.33777047
 253.36917843 263.4005864  273.43199436 283.46340233 293.49481029
 303.52621825 313.55762622 323.58903418 333.62044215 343.65185011
 353.68325808 363.71466604 373.746074   383.77748197 393.80888993
 403.8402979  413.87170586 423.90311383 433.93452179 443.96592975
 453.99733772 464.02874568 474.06015365 484.09156161 494.12296958
 504.15437754 514.1857855  524.21719347 534.24860143 544.2800094
 554.31141736 564.34282532 574.37423329 584.40564125 594.43704922
 604.46845718 614.49986515 624.53127311 634.56268107 644.59408904
 654.625497   664.65690497 674.68831293 684.7197209  694.75112886
 704.78253682 714.81394479 724.84535275 734.87676072 744.90816868
 754.93957665 764.97098461 775.00239257 785.03380054 795.0652085
 805.09661647 815.12802443 825.15943239 835.19084036 845.22224832
 855.25365629 865.28506425 875.31647222 885.34788018 895.37928814
 905.41069611 915.44210407 925.47351204 935.50492    945.53632797
 955.56773593 965.59914389 975.63055186 985.66195982 995.69336779]
d_y_fitting=[0.40935673 0.57343451 0.73599212 0.89689973 1.05602748 1.21324553
 1.36842403 1.52143313 1.67214299 1.82042375 1.96614558 2.10917862
 2.24939304 2.38665897 2.52084658 2.65182602 2.77946744 2.903641
 3.02421684 3.14106512 3.254056   3.36305963 3.46794615 3.56858573
 3.66484852 3.75660467 3.84372433 3.92607765 4.0035348  4.07596592
 4.14324116 4.20523069 4.26180464 4.31283318 4.35818646 4.39773464
 4.43134785 4.45889627 4.48025004 4.49527931 4.50385475 4.50604141
 4.50239054 4.49352817 4.48008035 4.46267309 4.44193245 4.41848445
 4.39295513 4.36597051 4.33815665 4.31013956 4.28254528 4.25599985
 4.2311293  4.20855967 4.18891699 4.1728273  4.16091662 4.153811
 4.15212834 4.15596973 4.16461762 4.17728196 4.1931727  4.21149979
 4.23147318 4.2523028  4.27319862 4.29337057 4.31202861 4.32838269
 4.34164274 4.35101873 4.35572059 4.35495828 4.34794175 4.33388093
 4.31198578 4.28146625 4.24153228 4.19139383 4.13026083 4.05734325
 3.97185102 3.87299409 3.75998242 3.63202595 3.48833462 3.32811839
 3.1505872  2.95495101 2.74041975 2.50620338 2.25151184 1.97555509
 1.67754306 1.35668572 1.012193   0.64327485]