
p_x=[2.5839793281653747, 43.927648578811365, 105.08182601205857, 185.18518518518516, 267.01119724375536, 395.3488372093023, 602.0671834625323, 807.0628768303187, 915.5900086132644, 994.8320413436692]
p_y=[0.35294117647058876, 3.2941176470588243, 4.9411764705882355, 4.588235294117648, 3.0588235294117645, 4.470588235294118, 4.23529411764706, 4.352941176470589, 3.2941176470588243, 0.117647058823529]
a_x=[1.7226528854435832, 65.46080964685616, 165.37467700258398, 262.70456503014645, 330.74935400516796, 403.1007751937984, 477.1748492678725, 506.4599483204134, 559.0008613264428, 632.213608957795, 710.594315245478, 802.7562446167096, 906.1154177433248, 961.2403100775194, 996.5546942291128]
a_y=[0.058479532163742576, 3.333333333333334, 5.321637426900585, 3.450292397660819, 4.152046783625732, 5.43859649122807, 2.7485380116959064, 1.578947368421053, 4.152046783625732, 4.970760233918129, 4.619883040935672, 5.321637426900585, 3.8011695906432754, 1.9298245614035086, 0.29239766081871466]
d_x=[0.0, 16.36520241171404, 60.29285099052541, 141.25753660637383, 230.83548664944016, 284.2377260981912, 349.69853574504737, 461.6709732988803, 510.76658053402235, 597.7605512489233, 763.9965546942291, 871.6623600344531, 995.693367786391]
d_y=[0.526315789473685, 2.6315789473684212, 5.321637426900585, 4.736842105263158, 5.2046783625731, 4.269005847953217, 5.43859649122807, 2.6315789473684212, 4.502923976608187, 5.906432748538012, 5.906432748538012, 4.736842105263158, 0.29239766081871466]
p_x_fitting=[  2.58397933  12.60668703  22.62939472  32.65210242  42.67481012
  52.69751781  62.72022551  72.74293321  82.76564091  92.7883486
 102.8110563  112.833764   122.85647169 132.87917939 142.90188709
 152.92459479 162.94730248 172.97001018 182.99271788 193.01542557
 203.03813327 213.06084097 223.08354866 233.10625636 243.12896406
 253.15167176 263.17437945 273.19708715 283.21979485 293.24250254
 303.26521024 313.28791794 323.31062564 333.33333333 343.35604103
 353.37874873 363.40145642 373.42416412 383.44687182 393.46957952
 403.49228721 413.51499491 423.53770261 433.5604103  443.583118
 453.6058257  463.6285334  473.65124109 483.67394879 493.69665649
 503.71936418 513.74207188 523.76477958 533.78748728 543.81019497
 553.83290267 563.85561037 573.87831806 583.90102576 593.92373346
 603.94644116 613.96914885 623.99185655 634.01456425 644.03727194
 654.05997964 664.08268734 674.10539504 684.12810273 694.15081043
 704.17351813 714.19622582 724.21893352 734.24164122 744.26434892
 754.28705661 764.30976431 774.33247201 784.3551797  794.3778874
 804.4005951  814.4233028  824.44601049 834.46871819 844.49142589
 854.51413358 864.53684128 874.55954898 884.58225668 894.60496437
 904.62767207 914.65037977 924.67308746 934.69579516 944.71850286
 954.74121056 964.76391825 974.78662595 984.80933365 994.83204134]
p_y_fitting=[0.35294118 1.24436833 2.0152686  2.67459468 3.23129926 3.69433503
 4.07265468 4.37521091 4.6109564  4.78884385 4.91782595 5.00622802
 5.05732184 5.07194007 5.05089965 4.99501746 4.90511042 4.78199545
 4.62648945 4.44019674 4.2309047  4.00932094 3.78617032 3.57217773
 3.37806805 3.21456614 3.0923969  3.02161818 3.00295629 3.03027223
 3.09726781 3.19764484 3.32510517 3.4733506  3.63608295 3.80700405
 3.97981572 4.14821978 4.30591804 4.44661234 4.56471311 4.65966271
 4.73308096 4.7865964  4.82183756 4.84043296 4.84401114 4.83420062
 4.81262995 4.78092764 4.74072223 4.69364224 4.64131622 4.58537269
 4.52744018 4.46914722 4.41212234 4.35799407 4.30839094 4.26494149
 4.22927159 4.20234547 4.18359826 4.17224979 4.16751988 4.16862835
 4.17479501 4.18523969 4.1991822  4.21584236 4.23443999 4.25419492
 4.27432696 4.29405592 4.31260164 4.32918392 4.34302259 4.35333746
 4.35934836 4.3602751  4.35533751 4.34363541 4.32316805 4.29134321
 4.24556301 4.18322953 4.1017449  3.99851121 3.87093058 3.71640509
 3.53233687 3.31612802 3.06518064 2.77689684 2.44867872 2.07792838
 1.66204795 1.19843951 0.68450518 0.11764706]
a_x_fitting=[  1.72265289  11.77146138  21.82026988  31.86907838  41.91788688
  51.96669538  62.01550388  72.06431237  82.11312087  92.16192937
 102.21073787 112.25954637 122.30835487 132.35716336 142.40597186
 152.45478036 162.50358886 172.55239736 182.60120586 192.65001436
 202.69882285 212.74763135 222.79643985 232.84524835 242.89405685
 252.94286535 262.99167384 273.04048234 283.08929084 293.13809934
 303.18690784 313.23571634 323.28452483 333.33333333 343.38214183
 353.43095033 363.47975883 373.52856733 383.57737583 393.62618432
 403.67499282 413.72380132 423.77260982 433.82141832 443.87022682
 453.91903531 463.96784381 474.01665231 484.06546081 494.11426931
 504.16307781 514.2118863  524.2606948  534.3095033  544.3583118
 554.4071203  564.4559288  574.5047373  584.55354579 594.60235429
 604.65116279 614.69997129 624.74877979 634.79758829 644.84639678
 654.89520528 664.94401378 674.99282228 685.04163078 695.09043928
 705.13924777 715.18805627 725.23686477 735.28567327 745.33448177
 755.38329027 765.43209877 775.48090726 785.52971576 795.57852426
 805.62733276 815.67614126 825.72494976 835.77375825 845.82256675
 855.87137525 865.92018375 875.96899225 886.01780075 896.06660924
 906.11541774 916.16422624 926.21303474 936.26184324 946.31065174
 956.35946024 966.40826873 976.45707723 986.50588573 996.55469423]
a_y_fitting=[0.05847953 0.6329954  1.19056778 1.72784884 2.24149075 2.72814567
 3.18446579 3.60710326 3.99271025 4.33793893 4.63944147 4.89387004
 5.09787681 5.24811394 5.34123361 5.37388797 5.34272921 5.24546816
 5.09021615 4.89098766 4.66186495 4.4169303  4.17026595 3.93595417
 3.72807721 3.56071733 3.44795672 3.40026024 3.41481105 3.48574474
 3.6071969  3.77330311 3.97819898 4.21598116 4.47635398 4.74065667
 4.98929006 5.20265496 5.36115221 5.44518264 5.43514806 5.31763223
 5.10006332 4.79425822 4.4120338  3.96520695 3.46559456 2.92501349
 2.36229304 1.87239389 1.59695095 1.65915577 2.02718083 2.593961
 3.25193385 3.89353693 4.41471855 4.777981   5.00533714 5.12089632
 5.14876789 5.11306122 5.03788565 4.94729247 4.85878035 4.77736863
 4.70667675 4.65032412 4.61193019 4.59511437 4.60349609 4.64052017
 4.70467481 4.78890499 4.88586328 4.98820223 5.08857441 5.17963239
 5.25402872 5.30441597 5.32348162 5.30695409 5.25591952 5.17200941
 5.05685527 4.91208858 4.73934086 4.5402436  4.3164283  4.06952646
 3.80116959 3.51244422 3.202257   2.86896965 2.51094386 2.12654132
 1.71412373 1.27205279 0.7986902  0.29239766]
d_x_fitting=[  0.          10.05750877  20.11501753  30.1725263   40.23003506
  50.28754383  60.34505259  70.40256136  80.46007012  90.51757889
 100.57508766 110.63259642 120.69010519 130.74761395 140.80512272
 150.86263148 160.92014025 170.97764901 181.03515778 191.09266654
 201.15017531 211.20768408 221.26519284 231.32270161 241.38021037
 251.43771914 261.4952279  271.55273667 281.61024543 291.6677542
 301.72526297 311.78277173 321.8402805  331.89778926 341.95529803
 352.01280679 362.07031556 372.12782432 382.18533309 392.24284186
 402.30035062 412.35785939 422.41536815 432.47287692 442.53038568
 452.58789445 462.64540321 472.70291198 482.76042074 492.81792951
 502.87543828 512.93294704 522.99045581 533.04796457 543.10547334
 553.1629821  563.22049087 573.27799963 583.3355084  593.39301717
 603.45052593 613.5080347  623.56554346 633.62305223 643.68056099
 653.73806976 663.79557852 673.85308729 683.91059606 693.96810482
 704.02561359 714.08312235 724.14063112 734.19813988 744.25564865
 754.31315741 764.37066618 774.42817494 784.48568371 794.54319248
 804.60070124 814.65821001 824.71571877 834.77322754 844.8307363
 854.88824507 864.94575383 875.0032626  885.06077137 895.11828013
 905.1757889  915.23329766 925.29080643 935.34831519 945.40582396
 955.46333272 965.52084149 975.57835026 985.63585902 995.69336779]
d_y_fitting=[0.52631579 1.90246295 3.01880025 3.89716329 4.55938771 5.02730913
 5.32276315 5.46885477 5.49368793 5.42659703 5.29691645 5.13398059
 4.96712383 4.82568056 4.73898518 4.72901646 4.78407446 4.88282597
 5.00393701 5.12607361 5.22790177 5.28808753 5.28529689 5.19819722
 5.0190641  4.78726043 4.55232666 4.36380322 4.27123056 4.31751276
 4.48557365 4.72648704 4.99103323 5.22999251 5.3941452  5.43443534
 5.32616639 5.09461933 4.77120795 4.38734607 3.97444746 3.56392594
 3.18719531 2.87566935 2.66076188 2.57388668 2.64644442 2.89082331
 3.2624011  3.7059146  4.16610059 4.58780313 4.93470618 5.21075783
 5.42509005 5.58683478 5.70512395 5.78908951 5.84786341 5.89057758
 5.92608103 5.9583564  5.98728787 6.01263164 6.0341439  6.05158087
 6.06469874 6.07325372 6.077002   6.07569979 6.06910329 6.05696871
 6.03905223 6.01511007 5.98489842 5.94817349 5.90469147 5.85400905
 5.79496899 5.72625447 5.64654864 5.55453467 5.44889573 5.32831497
 5.19147556 5.03706067 4.86375346 4.67023708 4.45519471 4.21730951
 3.95526464 3.66774327 3.35342855 3.01100365 2.63915174 2.23655597
 1.80189952 1.33386554 0.8311372  0.29239766]