
p_x=[1.7226528854435832, 31.869078380706288, 57.70887166236004, 93.88458225667529, 187.76916451335057, 398.7941429801895, 597.7605512489233, 754.5219638242894, 879.4142980189492, 995.693367786391]
p_y=[0.117647058823529, 3.2941176470588243, 4.23529411764706, 4.470588235294118, 4.470588235294118, 4.352941176470589, 4.705882352941177, 4.23529411764706, 3.1764705882352935, 0.0]
a_x=[0.8613264427217916, 37.03703703703704, 68.90611541774334, 117.14039621016366, 197.24375538329025, 400.5167958656331, 613.2644272179157, 803.6175710594315, 900.0861326442722, 997.4160206718346]
a_y=[-0.058479532163742576, 2.9824561403508776, 3.9181286549707606, 4.853801169590644, 5.555555555555555, 3.5672514619883042, 3.9181286549707606, 3.8011695906432754, 2.7485380116959064, 0.29239766081871466]
d_x=[0.0, 32.73040482342808, 66.32213608957795, 105.08182601205857, 204.1343669250646, 399.6554694229113, 598.6218776916451, 796.7269595176572, 897.5021533161068, 996.5546942291128]
d_y=[0.526315789473685, 4.269005847953217, 5.555555555555555, 5.2046783625731, 5.321637426900585, 5.672514619883041, 5.906432748538012, 4.152046783625732, 3.2163742690058488, 0.4093567251461998]
p_x_fitting=[  1.72265289  11.76276112  21.80286935  31.84297758  41.88308581
  51.92319404  61.96330227  72.0034105   82.04351874  92.08362697
 102.1237352  112.16384343 122.20395166 132.24405989 142.28416812
 152.32427636 162.36438459 172.40449282 182.44460105 192.48470928
 202.52481751 212.56492574 222.60503397 232.64514221 242.68525044
 252.72535867 262.7654669  272.80557513 282.84568336 292.88579159
 302.92589983 312.96600806 323.00611629 333.04622452 343.08633275
 353.12644098 363.16654921 373.20665744 383.24676568 393.28687391
 403.32698214 413.36709037 423.4071986  433.44730683 443.48741506
 453.52752329 463.56763153 473.60773976 483.64784799 493.68795622
 503.72806445 513.76817268 523.80828091 533.84838915 543.88849738
 553.92860561 563.96871384 574.00882207 584.0489303  594.08903853
 604.12914676 614.169255   624.20936323 634.24947146 644.28957969
 654.32968792 664.36979615 674.40990438 684.45001262 694.49012085
 704.53022908 714.57033731 724.61044554 734.65055377 744.690662
 754.73077023 764.77087847 774.8109867  784.85109493 794.89120316
 804.93131139 814.97141962 825.01152785 835.05163609 845.09174432
 855.13185255 865.17196078 875.21206901 885.25217724 895.29228547
 905.3323937  915.37250194 925.41261017 935.4527184  945.49282663
 955.53293486 965.57304309 975.61315132 985.65325956 995.69336779]
p_y_fitting=[0.11764706 1.51005941 2.54960262 3.29252394 3.79507059 4.1134898
 4.30364692 4.40844909 4.454988   4.46939483 4.47539235 4.48003685
 4.48333609 4.48527268 4.48582922 4.48498831 4.48273258 4.47904462
 4.47390704 4.46730663 4.45934168 4.45023114 4.44020001 4.42947328
 4.41827592 4.40683292 4.39536927 4.38410996 4.37327998 4.3631043
 4.35380792 4.34561582 4.33875299 4.33344441 4.32991508 4.32838997
 4.32909408 4.33225239 4.33808988 4.34683155 4.35869273 4.37360683
 4.39118722 4.41103001 4.43273126 4.45588708 4.48009354 4.50494673
 4.53004273 4.55497764 4.57934754 4.60274851 4.62477664 4.64502802
 4.66309873 4.67858486 4.69108249 4.70018772 4.70549662 4.70660529
 4.70313723 4.69507548 4.6826558  4.66611925 4.64570685 4.62165966
 4.59421872 4.56362506 4.53011972 4.49394375 4.45533819 4.41454408
 4.37180246 4.32735436 4.28144084 4.23430293 4.18592362 4.13531616
 4.081266   4.0225586  3.95797942 3.88631393 3.80634758 3.71686584
 3.61665416 3.504498   3.37918284 3.23949412 3.08421731 2.91213786
 2.72204125 2.51271292 2.28293834 2.03150298 1.75719229 1.45879172
 1.13508675 0.78486283 0.40690543 0.        ]
a_x_fitting=[8.61326443e-01 1.09275355e+01 2.09937445e+01 3.10599535e+01
 4.11261626e+01 5.11923716e+01 6.12585806e+01 7.13247897e+01
 8.13909987e+01 9.14572077e+01 1.01523417e+02 1.11589626e+02
 1.21655835e+02 1.31722044e+02 1.41788253e+02 1.51854462e+02
 1.61920671e+02 1.71986880e+02 1.82053089e+02 1.92119298e+02
 2.02185507e+02 2.12251716e+02 2.22317925e+02 2.32384134e+02
 2.42450343e+02 2.52516552e+02 2.62582761e+02 2.72648970e+02
 2.82715179e+02 2.92781388e+02 3.02847597e+02 3.12913806e+02
 3.22980015e+02 3.33046225e+02 3.43112434e+02 3.53178643e+02
 3.63244852e+02 3.73311061e+02 3.83377270e+02 3.93443479e+02
 4.03509688e+02 4.13575897e+02 4.23642106e+02 4.33708315e+02
 4.43774524e+02 4.53840733e+02 4.63906942e+02 4.73973151e+02
 4.84039360e+02 4.94105569e+02 5.04171778e+02 5.14237987e+02
 5.24304196e+02 5.34370405e+02 5.44436614e+02 5.54502823e+02
 5.64569032e+02 5.74635241e+02 5.84701450e+02 5.94767659e+02
 6.04833868e+02 6.14900077e+02 6.24966286e+02 6.35032495e+02
 6.45098705e+02 6.55164914e+02 6.65231123e+02 6.75297332e+02
 6.85363541e+02 6.95429750e+02 7.05495959e+02 7.15562168e+02
 7.25628377e+02 7.35694586e+02 7.45760795e+02 7.55827004e+02
 7.65893213e+02 7.75959422e+02 7.86025631e+02 7.96091840e+02
 8.06158049e+02 8.16224258e+02 8.26290467e+02 8.36356676e+02
 8.46422885e+02 8.56489094e+02 8.66555303e+02 8.76621512e+02
 8.86687721e+02 8.96753930e+02 9.06820139e+02 9.16886348e+02
 9.26952557e+02 9.37018766e+02 9.47084976e+02 9.57151185e+02
 9.67217394e+02 9.77283603e+02 9.87349812e+02 9.97416021e+02]
a_y_fitting=[-0.05847953  1.12051112  2.01693628  2.67961036  3.15734775  3.49896283
  3.75327     3.96896287  4.17860543  4.38258607  4.57747505  4.75984264
  4.92630145  5.07472166  5.20441167  5.31475858  5.40514952  5.4749716
  5.52361194  5.55045764  5.55494467  5.53768166  5.50047801  5.44519758
  5.37370424  5.28786185  5.18953427  5.08058537  4.962879    4.83827903
  4.70864933  4.57585375  4.44175617  4.30822043  4.17711041  4.05028996
  3.92962296  3.81697325  3.71420472  3.62318121  3.54575451  3.48282119
  3.43364688  3.39733777  3.37300002  3.35973983  3.35666337  3.36287681
  3.37748634  3.39959813  3.42831836  3.46275321  3.50200886  3.54519149
  3.59140726  3.63976238  3.689363    3.7393153   3.78872548  3.8366997
  3.88234414  3.92476551  3.9632594   3.99759004  4.02759304  4.05310405
  4.0739587   4.08999261  4.10104142  4.10694077  4.10752628  4.10263359
  4.09209833  4.07575612  4.05344261  4.02499343  3.9902442   3.94903057
  3.90118815  3.84655259  3.78495775  3.71602936  3.63899152  3.55302256
  3.45730079  3.35100455  3.23331215  3.10340191  2.96045217  2.80364123
  2.63214744  2.4451491   2.24182454  2.02135209  1.78291006  1.52567679
  1.24883059  0.95154979  0.6330127   0.29239766]
d_x_fitting=[  0.          10.06620903  20.13241807  30.1986271   40.26483613
  50.33104516  60.3972542   70.46346323  80.52967226  90.59588129
 100.66209033 110.72829936 120.79450839 130.86071742 140.92692646
 150.99313549 161.05934452 171.12555355 181.19176259 191.25797162
 201.32418065 211.39038968 221.45659872 231.52280775 241.58901678
 251.65522582 261.72143485 271.78764388 281.85385291 291.92006195
 301.98627098 312.05248001 322.11868904 332.18489808 342.25110711
 352.31731614 362.38352517 372.44973421 382.51594324 392.58215227
 402.6483613  412.71457034 422.78077937 432.8469884  442.91319744
 452.97940647 463.0456155  473.11182453 483.17803357 493.2442426
 503.31045163 513.37666066 523.4428697  533.50907873 543.57528776
 553.64149679 563.70770583 573.77391486 583.84012389 593.90633292
 603.97254196 614.03875099 624.10496002 634.17116905 644.23737809
 654.30358712 664.36979615 674.43600519 684.50221422 694.56842325
 704.63463228 714.70084132 724.76705035 734.83325938 744.89946841
 754.96567745 765.03188648 775.09809551 785.16430454 795.23051358
 805.29672261 815.36293164 825.42914067 835.49534971 845.56155874
 855.62776777 865.69397681 875.76018584 885.82639487 895.8926039
 905.95881294 916.02502197 926.091231   936.15744003 946.22364907
 956.2898581  966.35606713 976.42227616 986.4884852  996.55469423]
d_y_fitting=[0.52631579 1.98631972 3.16247551 4.07735641 4.75353568 5.21358658
 5.48008237 5.57595412 5.53714882 5.41602206 5.26597717 5.13867683
 5.05523707 5.0107211  4.99935734 5.0153742  5.05300009 5.10646342
 5.16999262 5.23781609 5.30416225 5.36366217 5.41481456 5.45827477
 5.49472151 5.5248335  5.54928946 5.56876811 5.58394818 5.59550838
 5.60412744 5.61048407 5.61525699 5.61912494 5.62276661 5.62686075
 5.63208606 5.63912127 5.64864509 5.66133626 5.67786726 5.69841878
 5.72233175 5.74886502 5.77727743 5.8068278  5.83677499 5.86637783
 5.89489516 5.92158581 5.94570863 5.96652245 5.98328612 5.99525846
 6.00169832 6.00186454 5.99501596 5.98041141 5.95730973 5.92496977
 5.88269001 5.83055898 5.76939276 5.70003461 5.62332778 5.5401155
 5.45124103 5.35754761 5.25987848 5.1590769  5.05598611 4.95144934
 4.84630986 4.74141091 4.63759572 4.53570755 4.43658965 4.34108526
 4.25003762 4.16428998 4.08433446 4.00845689 3.9340881  3.8586571
 3.77959288 3.69432442 3.60028072 3.49489077 3.37558357 3.23978809
 3.08493334 2.90844831 2.70776198 2.48030335 2.2235014  1.93478514
 1.61158355 1.25132563 0.85144035 0.40935673]