
p_x=[1.7226528854435832, 82.68733850129199, 186.04651162790697, 399.6554694229113, 603.7898363479759, 801.894918173988, 906.9767441860464, 996.5546942291128]
p_y=[0.5882352941176467, 2.9411764705882346, 4.0, 4.705882352941177, 4.588235294117648, 4.470588235294118, 3.2941176470588243, 0.7058823529411757]
a_x=[3.4453057708871664, 93.88458225667529, 195.52110249784667, 402.2394487510766, 603.7898363479759, 799.3109388458226, 903.5314384151594, 994.8320413436692]
a_y=[0.1754385964912295, 2.514619883040936, 3.333333333333334, 2.8654970760233924, 3.333333333333334, 3.2163742690058488, 1.9298245614035086, -0.058479532163742576]
d_x=[3.4453057708871664, 82.68733850129199, 195.52110249784667, 401.3781223083548, 599.4832041343669, 686.4771748492678, 799.3109388458226, 894.9181739879414, 996.5546942291128]
d_y=[0.526315789473685, 3.450292397660819, 4.269005847953217, 3.0994152046783627, 4.152046783625732, 4.853801169590644, 4.853801169590644, 3.6842105263157894, 0.6432748538011701]
p_x_fitting=[  1.72265289  11.77146138  21.82026988  31.86907838  41.91788688
  51.96669538  62.01550388  72.06431237  82.11312087  92.16192937
 102.21073787 112.25954637 122.30835487 132.35716336 142.40597186
 152.45478036 162.50358886 172.55239736 182.60120586 192.65001436
 202.69882285 212.74763135 222.79643985 232.84524835 242.89405685
 252.94286535 262.99167384 273.04048234 283.08929084 293.13809934
 303.18690784 313.23571634 323.28452483 333.33333333 343.38214183
 353.43095033 363.47975883 373.52856733 383.57737583 393.62618432
 403.67499282 413.72380132 423.77260982 433.82141832 443.87022682
 453.91903531 463.96784381 474.01665231 484.06546081 494.11426931
 504.16307781 514.2118863  524.2606948  534.3095033  544.3583118
 554.4071203  564.4559288  574.5047373  584.55354579 594.60235429
 604.65116279 614.69997129 624.74877979 634.79758829 644.84639678
 654.89520528 664.94401378 674.99282228 685.04163078 695.09043928
 705.13924777 715.18805627 725.23686477 735.28567327 745.33448177
 755.38329027 765.43209877 775.48090726 785.52971576 795.57852426
 805.62733276 815.67614126 825.72494976 835.77375825 845.82256675
 855.87137525 865.92018375 875.96899225 886.01780075 896.06660924
 906.11541774 916.16422624 926.21303474 936.26184324 946.31065174
 956.35946024 966.40826873 976.45707723 986.50588573 996.55469423]
p_y_fitting=[0.58823529 0.99273946 1.36143707 1.69627548 1.99920202 2.27216401
 2.51710878 2.73598368 2.93073603 3.10331317 3.25566243 3.38973114
 3.50746663 3.61081624 3.7017273  3.78214714 3.8540231  3.9193025
 3.97993269 4.0377668  4.09352438 4.14717479 4.19867401 4.24797802
 4.29504281 4.33982435 4.38227863 4.42236164 4.46002935 4.49523775
 4.52794282 4.55810055 4.58566691 4.61059789 4.63284947 4.65237764
 4.66913838 4.68308766 4.69418148 4.70237582 4.70763013 4.71003921
 4.70987366 4.70741579 4.70294796 4.69675249 4.68911172 4.68030798
 4.67062362 4.66034096 4.64974234 4.63911011 4.62872658 4.61887411
 4.60983502 4.60189165 4.59532633 4.59042141 4.58745921 4.58672208
 4.58849225 4.59287321 4.59941449 4.60755867 4.61674831 4.62642598
 4.63603424 4.64501568 4.65281286 4.65886835 4.66262471 4.66352452
 4.66101035 4.65452477 4.64351034 4.62740964 4.60566523 4.57771968
 4.54301557 4.50099546 4.45109798 4.39257885 4.32443763 4.24565473
 4.15521057 4.05208558 3.93526017 3.80371475 3.65642976 3.4923856
 3.31056271 3.10994148 2.88950236 2.64822575 2.38509207 2.09908174
 1.78917519 1.45435283 1.09359508 0.70588235]
a_x_fitting=[  3.44530577  13.4593132   23.47332063  33.48732806  43.50133549
  53.51534292  63.52935035  73.54335778  83.55736521  93.57137264
 103.58538007 113.5993875  123.61339493 133.62740236 143.64140979
 153.65541722 163.66942465 173.68343208 183.69743951 193.71144694
 203.72545437 213.7394618  223.75346923 233.76747666 243.78148409
 253.79549152 263.80949895 273.82350638 283.83751381 293.85152124
 303.86552867 313.8795361  323.89354353 333.90755096 343.92155839
 353.93556582 363.94957325 373.96358068 383.97758811 393.99159554
 404.00560297 414.0196104  424.03361783 434.04762526 444.06163269
 454.07564012 464.08964755 474.10365498 484.11766241 494.13166984
 504.14567727 514.1596847  524.17369213 534.18769956 544.20170699
 554.21571442 564.22972185 574.24372928 584.25773671 594.27174414
 604.28575157 614.299759   624.31376643 634.32777386 644.34178129
 654.35578872 664.36979615 674.38380358 684.39781101 694.41181844
 704.42582587 714.4398333  724.45384073 734.46784816 744.48185559
 754.49586302 764.50987045 774.52387788 784.53788531 794.55189274
 804.56590017 814.5799076  824.59391503 834.60792246 844.62192989
 854.63593732 864.64994475 874.66395218 884.67795961 894.69196704
 904.70597447 914.7199819  924.73398933 934.74799676 944.76200419
 954.77601162 964.79001905 974.80402648 984.81803391 994.83204134]
a_y_fitting=[ 0.1754386   0.53314669  0.86396234  1.16887274  1.44886509  1.70492656
  1.93804437  2.1492057   2.33939774  2.50960769  2.66082273  2.79403008
  2.91021691  3.01037042  3.0954778   3.16652624  3.22450295  3.27039511
  3.30518991  3.32987456  3.34541199  3.35259675  3.35215184  3.34480003
  3.33126407  3.31226674  3.28853078  3.26077896  3.22973404  3.19611877
  3.16065593  3.12406826  3.08707853  3.05040949  3.01478392  2.98092456
  2.94955418  2.92139553  2.89717139  2.8776045   2.86341664  2.85503871
  2.85220805  2.85456079  2.86173304  2.87336096  2.88908066  2.90852827
  2.93133994  2.95715178  2.98559994  3.01632054  3.04894971  3.08312359
  3.1184783   3.15464998  3.19127476  3.22798876  3.26442813  3.30022899
  3.33502747  3.36844772  3.40007256  3.4294759   3.45623168  3.47991379
  3.50009616  3.51635271  3.52825736  3.53538401  3.5373066   3.53359903
  3.52383523  3.5075891   3.48443458  3.45394556  3.41569599  3.36925976
  3.3142108   3.25012302  3.17658059  3.09337791  3.0005065   2.89796547
  2.78575394  2.66387102  2.53231584  2.39108751  2.24018514  2.07960786
  1.90935479  1.72942503  1.5398177   1.34053193  1.13156683  0.91292151
  0.6845951   0.44658671  0.19889546 -0.05847953]
d_x_fitting=[  3.44530577  13.47671374  23.5081217   33.53952966  43.57093763
  53.60234559  63.63375356  73.66516152  83.69656948  93.72797745
 103.75938541 113.79079338 123.82220134 133.85360931 143.88501727
 153.91642523 163.9478332  173.97924116 184.01064913 194.04205709
 204.07346506 214.10487302 224.13628098 234.16768895 244.19909691
 254.23050488 264.26191284 274.2933208  284.32472877 294.35613673
 304.3875447  314.41895266 324.45036063 334.48176859 344.51317655
 354.54458452 364.57599248 374.60740045 384.63880841 394.67021638
 404.70162434 414.7330323  424.76444027 434.79584823 444.8272562
 454.85866416 464.89007213 474.92148009 484.95288805 494.98429602
 505.01570398 515.04711195 525.07851991 535.10992787 545.14133584
 555.1727438  565.20415177 575.23555973 585.2669677  595.29837566
 605.32978362 615.36119159 625.39259955 635.42400752 645.45541548
 655.48682345 665.51823141 675.54963937 685.58104734 695.6124553
 705.64386327 715.67527123 725.7066792  735.73808716 745.76949512
 755.80090309 765.83231105 775.86371902 785.89512698 795.92653494
 805.95794291 815.98935087 826.02075884 836.0521668  846.08357477
 856.11498273 866.14639069 876.17779866 886.20920662 896.24061459
 906.27202255 916.30343052 926.33483848 936.36624644 946.39765441
 956.42906237 966.46047034 976.4918783  986.52328626 996.55469423]
d_y_fitting=[0.52631579 1.04751942 1.52079903 1.94825845 2.33200151 2.67413203
 2.97675386 3.24197081 3.47188672 3.66860542 3.83423074 3.97086651
 4.08061656 4.16558471 4.22787481 4.26959067 4.29283613 4.29971502
 4.29233116 4.2727884  4.24307535 4.20445952 4.15792992 4.10447501
 4.0450832  3.98074293 3.91244264 3.84117076 3.76791572 3.69366596
 3.61940992 3.54613602 3.47483269 3.40648838 3.34209152 3.28263054
 3.22909387 3.18246995 3.14374721 3.11391408 3.09394998 3.08428488
 3.08449252 3.09407242 3.11252414 3.1393472  3.17404115 3.21610551
 3.26503984 3.32034366 3.38151651 3.44805794 3.51946747 3.59524465
 3.67488901 3.75790009 3.84377743 3.93202056 4.02212902 4.11360235
 4.20591915 4.29822229 4.38938431 4.47827004 4.56374434 4.64467204
 4.71991799 4.78834703 4.84882401 4.900335   4.94250074 4.97514901
 4.9981077  5.0112047  5.01426789 5.00712516 4.9896044  4.96153351
 4.92274035 4.87305284 4.8122727  4.73989324 4.6552066  4.55750146
 4.44606652 4.32019047 4.17916199 4.02226978 3.84880252 3.65804891
 3.44929763 3.22183737 2.97495682 2.70794468 2.42008963 2.11068035
 1.77900555 1.42435391 1.04601411 0.64327485]