
p_x=[3.4453057708871664, 58.57019810508183, 151.5934539190353, 401.3781223083548, 596.0378983634797, 806.2015503875969, 912.1447028423772, 993.1093884582257]
p_y=[0.23529411764705976, 3.5294117647058822, 5.176470588235294, 4.9411764705882355, 5.176470588235294, 4.705882352941177, 2.8235294117647056, 0.5882352941176467]
a_x=[2.5839793281653747, 42.20499569336779, 100.7751937984496, 173.9879414298019, 287.6830318690784, 377.2609819121447, 510.76658053402235, 608.0964685615849, 712.3169681309216, 800.1722652885444, 887.1662360034453, 946.5977605512489, 998.2773471145564]
a_y=[0.4093567251461998, 3.0994152046783627, 4.502923976608187, 5.087719298245615, 4.269005847953217, 6.374269005847953, 6.023391812865498, 5.7894736842105265, 6.491228070175438, 6.959064327485381, 6.374269005847953, 4.269005847953217, 0.29239766081871466]
d_x=[2.5839793281653747, 59.43152454780361, 118.86304909560722, 204.9956933677864, 400.5167958656331, 628.7683031869078, 801.0335917312663, 915.5900086132644, 995.693367786391]
d_y=[0.526315789473685, 3.9181286549707606, 5.672514619883041, 5.672514619883041, 5.321637426900585, 5.087719298245615, 4.619883040935672, 3.2163742690058488, 0.6432748538011701]
p_x_fitting=[  3.44530577  13.44191267  23.43851956  33.43512646  43.43173335
  53.42834025  63.42494715  73.42155404  83.41816094  93.41476783
 103.41137473 113.40798163 123.40458852 133.40119542 143.39780231
 153.39440921 163.3910161  173.387623   183.3842299  193.38083679
 203.37744369 213.37405058 223.37065748 233.36726438 243.36387127
 253.36047817 263.35708506 273.35369196 283.35029885 293.34690575
 303.34351265 313.34011954 323.33672644 333.33333333 343.32994023
 353.32654712 363.32315402 373.31976092 383.31636781 393.31297471
 403.3095816  413.3061885  423.3027954  433.29940229 443.29600919
 453.29261608 463.28922298 473.28582987 483.28243677 493.27904367
 503.27565056 513.27225746 523.26886435 533.26547125 543.26207815
 553.25868504 563.25529194 573.25189883 583.24850573 593.24511262
 603.24171952 613.23832642 623.23493331 633.23154021 643.2281471
 653.224754   663.2213609  673.21796779 683.21457469 693.21118158
 703.20778848 713.20439537 723.20100227 733.19760917 743.19421606
 753.19082296 763.18742985 773.18403675 783.18064365 793.17725054
 803.17385744 813.17046433 823.16707123 833.16367812 843.16028502
 853.15689192 863.15349881 873.15010571 883.1467126  893.1433195
 903.1399264  913.13653329 923.13314019 933.12974708 943.12635398
 953.12296087 963.11956777 973.11617467 983.11278156 993.10938846]
p_y_fitting=[0.23529412 1.02234966 1.71842537 2.32944863 2.86134685 3.32004741
 3.7114777  4.04156511 4.31623703 4.54142086 4.72304397 4.86703377
 4.97931764 5.06582298 5.13247716 5.18520233 5.22846146 5.263275
 5.29016712 5.30966201 5.32228386 5.32855686 5.32900519 5.32415304
 5.31452461 5.30064407 5.28303561 5.26222342 5.23873169 5.2130846
 5.18580635 5.15742112 5.12845309 5.09942646 5.0708654  5.04329412
 5.01723679 4.9932176  4.97176074 4.9533904  4.93862988 4.92779658
 4.92073973 4.9172438  4.91709328 4.92007263 4.92596634 4.93455889
 4.94563474 4.95897838 4.97437428 4.99160692 5.01046078 5.03072033
 5.05217005 5.07459442 5.09777792 5.12150501 5.14556019 5.16972792
 5.1937682  5.21720579 5.23943416 5.25984537 5.27783149 5.29278457
 5.30409668 5.31115988 5.31336622 5.31010777 5.30077659 5.28476474
 5.26146428 5.23026727 5.19056576 5.14175183 5.08321753 5.01435492
 4.93455607 4.84321303 4.73971786 4.62351095 4.49453668 4.35303903
 4.19926598 4.03346548 3.8558855  3.66677399 3.46637892 3.25494825
 3.03272995 2.79997197 2.55692228 2.30382884 2.04093961 1.76850255
 1.48676563 1.1959768  0.89638404 0.58823529]
a_x_fitting=[  2.58397933  12.64148809  22.69899686  32.75650562  42.81401439
  52.87152316  62.92903192  72.98654069  83.04404945  93.10155822
 103.15906698 113.21657575 123.27408451 133.33159328 143.38910205
 153.44661081 163.50411958 173.56162834 183.61913711 193.67664587
 203.73415464 213.7916634  223.84917217 233.90668094 243.9641897
 254.02169847 264.07920723 274.136716   284.19422476 294.25173353
 304.30924229 314.36675106 324.42425982 334.48176859 344.53927736
 354.59678612 364.65429489 374.71180365 384.76931242 394.82682118
 404.88432995 414.94183871 424.99934748 435.05685625 445.11436501
 455.17187378 465.22938254 475.28689131 485.34440007 495.40190884
 505.4594176  515.51692637 525.57443514 535.6319439  545.68945267
 555.74696143 565.8044702  575.86197896 585.91948773 595.97699649
 606.03450526 616.09201402 626.14952279 636.20703156 646.26454032
 656.32204909 666.37955785 676.43706662 686.49457538 696.55208415
 706.60959291 716.66710168 726.72461045 736.78211921 746.83962798
 756.89713674 766.95464551 777.01215427 787.06966304 797.1271718
 807.18468057 817.24218934 827.2996981  837.35720687 847.41471563
 857.4722244  867.52973316 877.58724193 887.64475069 897.70225946
 907.75976822 917.81727699 927.87478576 937.93229452 947.98980329
 958.04731205 968.10482082 978.16232958 988.21983835 998.27734711]
a_y_fitting=[0.40935673 1.29874004 2.03653109 2.63985061 3.12581933 3.511558
 3.81418735 4.05082812 4.23860103 4.39462684 4.53597479 4.67260194
 4.80014997 4.91254343 5.00370689 5.06756492 5.09804209 5.08906295
 5.03694657 4.94889019 4.83517861 4.70609686 4.57192993 4.44296285
 4.32948062 4.24176825 4.19011077 4.18479317 4.23610047 4.35319266
 4.5314866  4.75720637 5.01640751 5.29514554 5.57947599 5.8554544
 6.10913629 6.32657719 6.49515049 6.61383322 6.68763408 6.72161331
 6.72083117 6.69034794 6.63522386 6.5605192  6.47129422 6.37260917
 6.26952432 6.16709993 6.07039625 5.98438076 5.9115813  5.85190341
 5.80512319 5.77101677 5.74936028 5.73992983 5.74250153 5.75685152
 5.78275591 5.81989412 5.86721933 5.92335459 5.9869213  6.05654084
 6.13083461 6.20842401 6.28793042 6.36797526 6.4471799  6.52417355
 6.59783749 6.66735373 6.73192186 6.7907415  6.84301224 6.88793368
 6.92470543 6.9525271  6.97044198 6.97586396 6.96523849 6.9349982
 6.88157575 6.80140376 6.69091489 6.54654176 6.36471698 6.14137865
 5.87074944 5.54668025 5.16302201 4.71362563 4.19234203 3.59302211
 2.9095168  2.13567701 1.26535366 0.29239766]
d_x_fitting=[  2.58397933  12.61538729  22.64679526  32.67820322  42.70961119
  52.74101915  62.77242711  72.80383508  82.83524304  92.86665101
 102.89805897 112.92946693 122.9608749  132.99228286 143.02369083
 153.05509879 163.08650676 173.11791472 183.14932268 193.18073065
 203.21213861 213.24354658 223.27495454 233.30636251 243.33777047
 253.36917843 263.4005864  273.43199436 283.46340233 293.49481029
 303.52621825 313.55762622 323.58903418 333.62044215 343.65185011
 353.68325808 363.71466604 373.746074   383.77748197 393.80888993
 403.8402979  413.87170586 423.90311383 433.93452179 443.96592975
 453.99733772 464.02874568 474.06015365 484.09156161 494.12296958
 504.15437754 514.1857855  524.21719347 534.24860143 544.2800094
 554.31141736 564.34282532 574.37423329 584.40564125 594.43704922
 604.46845718 614.49986515 624.53127311 634.56268107 644.59408904
 654.625497   664.65690497 674.68831293 684.7197209  694.75112886
 704.78253682 714.81394479 724.84535275 734.87676072 744.90816868
 754.93957665 764.97098461 775.00239257 785.03380054 795.0652085
 805.09661647 815.12802443 825.15943239 835.19084036 845.22224832
 855.25365629 865.28506425 875.31647222 885.34788018 895.37928814
 905.41069611 915.44210407 925.47351204 935.50492    945.53632797
 955.56773593 965.59914389 975.63055186 985.66195982 995.69336779]
d_y_fitting=[0.52631579 1.24616847 1.91408973 2.53002797 3.09393159 3.60574897
 4.06542851 4.47291862 4.82816769 5.13112411 5.38173628 5.57995259
 5.7258     5.82221138 5.87581106 5.89346184 5.88202656 5.84836803
 5.79934906 5.74183248 5.6826811  5.62808658 5.57961924 5.53690365
 5.49955761 5.46719892 5.43944536 5.41591475 5.39622486 5.37999349
 5.36683845 5.35637752 5.3482285  5.34200918 5.33733736 5.33383084
 5.33110741 5.32878486 5.32648099 5.3238136  5.32040312 5.31603101
 5.31072968 5.30455327 5.29755591 5.28979176 5.28131496 5.27217965
 5.26243998 5.25215008 5.2413641  5.23013618 5.21852048 5.20657112
 5.19434226 5.18188804 5.1692626  5.15652008 5.14371463 5.13090039
 5.1181315  5.10546212 5.09294637 5.08062563 5.06833198 5.05572667
 5.04246595 5.02820607 5.01260326 4.99531378 4.97599387 4.95429978
 4.92988775 4.90241404 4.87153489 4.83690654 4.79818524 4.75502724
 4.70708879 4.65402613 4.59548328 4.53064298 4.4580966  4.37639676
 4.28409609 4.17974723 4.0619028  3.92911543 3.77993775 3.6129224
 3.42662199 3.21958916 2.99037653 2.73753675 2.45962243 2.15518621
 1.82278071 1.46095856 1.0682724  0.64327485]