
p_x=[0.0, 186.04651162790697, 391.90353143841514, 594.3152454780361, 790.6976744186046, 996.5546942291128]
p_y=[0.23529411764705976, 4.9411764705882355, 7.176470588235294, 6.0, 4.117647058823529, 0.47058823529411775]
a_x=[1.7226528854435832, 86.99397071490095, 193.79844961240312, 394.4875107665805, 598.6218776916451, 800.1722652885444, 897.5021533161068, 995.693367786391]
a_y=[0.6432748538011701, 3.5672514619883042, 5.7894736842105265, 6.608187134502924, 5.321637426900585, 4.269005847953217, 2.7485380116959064, 0.7602339181286553]
d_x=[2.5839793281653747, 89.57795004306632, 198.96640826873386, 395.3488372093023, 595.176571920758, 796.7269595176572, 893.1955211024979, 997.4160206718346]
d_y=[0.526315789473685, 3.450292397660819, 4.853801169590644, 5.2046783625731, 4.502923976608187, 3.5672514619883042, 2.8654970760233924, 0.4093567251461998]
p_x_fitting=[  0.          10.06620903  20.13241807  30.1986271   40.26483613
  50.33104516  60.3972542   70.46346323  80.52967226  90.59588129
 100.66209033 110.72829936 120.79450839 130.86071742 140.92692646
 150.99313549 161.05934452 171.12555355 181.19176259 191.25797162
 201.32418065 211.39038968 221.45659872 231.52280775 241.58901678
 251.65522582 261.72143485 271.78764388 281.85385291 291.92006195
 301.98627098 312.05248001 322.11868904 332.18489808 342.25110711
 352.31731614 362.38352517 372.44973421 382.51594324 392.58215227
 402.6483613  412.71457034 422.78077937 432.8469884  442.91319744
 452.97940647 463.0456155  473.11182453 483.17803357 493.2442426
 503.31045163 513.37666066 523.4428697  533.50907873 543.57528776
 553.64149679 563.70770583 573.77391486 583.84012389 593.90633292
 603.97254196 614.03875099 624.10496002 634.17116905 644.23737809
 654.30358712 664.36979615 674.43600519 684.50221422 694.56842325
 704.63463228 714.70084132 724.76705035 734.83325938 744.89946841
 754.96567745 765.03188648 775.09809551 785.16430454 795.23051358
 805.29672261 815.36293164 825.42914067 835.49534971 845.56155874
 855.62776777 865.69397681 875.76018584 885.82639487 895.8926039
 905.95881294 916.02502197 926.091231   936.15744003 946.22364907
 956.2898581  966.35606713 976.42227616 986.4884852  996.55469423]
p_y_fitting=[0.23529412 0.53671706 0.83370203 1.12608216 1.41369056 1.69636037
 1.97392471 2.24621669 2.51306946 2.77431612 3.02978981 3.27932364
 3.52275075 3.75990426 3.99061729 4.21472297 4.43205441 4.64244476
 4.84572712 5.04173462 5.23030039 5.41125756 5.58443924 5.74967856
 5.90680865 6.05566262 6.19607361 6.32787474 6.45089913 6.56497991
 6.66995019 6.76564312 6.8518918  6.92852937 6.99538894 7.05230365
 7.09910661 7.13563096 7.16170981 7.17717633 7.18201443 7.17670106
 7.16181381 7.13793028 7.10562806 7.06548473 7.01807789 6.96398513
 6.90378403 6.83805219 6.7673672  6.69230665 6.61344813 6.53136923
 6.44664754 6.35986066 6.27158616 6.18240165 6.09288471 6.00361294
 5.91504222 5.82707848 5.73947237 5.65197454 5.56433563 5.47630628
 5.38763714 5.29807884 5.20738204 5.11529737 5.02157547 4.92596699
 4.82822258 4.72809287 4.62532851 4.51968014 4.41089841 4.29873395
 4.18293741 4.06325944 3.93945067 3.81126175 3.67844332 3.54074602
 3.39792051 3.24971741 3.09588738 2.93618105 2.77034907 2.59814209
 2.41931074 2.23360566 2.04077751 1.84057692 1.63275454 1.41706101
 1.19324697 0.96106307 0.72025994 0.47058824]
a_x_fitting=[  1.72265289  11.76276112  21.80286935  31.84297758  41.88308581
  51.92319404  61.96330227  72.0034105   82.04351874  92.08362697
 102.1237352  112.16384343 122.20395166 132.24405989 142.28416812
 152.32427636 162.36438459 172.40449282 182.44460105 192.48470928
 202.52481751 212.56492574 222.60503397 232.64514221 242.68525044
 252.72535867 262.7654669  272.80557513 282.84568336 292.88579159
 302.92589983 312.96600806 323.00611629 333.04622452 343.08633275
 353.12644098 363.16654921 373.20665744 383.24676568 393.28687391
 403.32698214 413.36709037 423.4071986  433.44730683 443.48741506
 453.52752329 463.56763153 473.60773976 483.64784799 493.68795622
 503.72806445 513.76817268 523.80828091 533.84838915 543.88849738
 553.92860561 563.96871384 574.00882207 584.0489303  594.08903853
 604.12914676 614.169255   624.20936323 634.24947146 644.28957969
 654.32968792 664.36979615 674.40990438 684.45001262 694.49012085
 704.53022908 714.57033731 724.61044554 734.65055377 744.690662
 754.73077023 764.77087847 774.8109867  784.85109493 794.89120316
 804.93131139 814.97141962 825.01152785 835.05163609 845.09174432
 855.13185255 865.17196078 875.21206901 885.25217724 895.29228547
 905.3323937  915.37250194 925.41261017 935.4527184  945.49282663
 955.53293486 965.57304309 975.61315132 985.65325956 995.69336779]
a_y_fitting=[0.64327485 1.04554534 1.43186199 1.80244422 2.15751142 2.497283
 2.82197837 3.13181694 3.42701812 3.7078013  3.9743859  4.22699132
 4.46583698 4.69114226 4.90312659 5.10200937 5.28801001 5.4613479
 5.62224247 5.77091311 5.90758741 6.03254157 6.14606968 6.24846589
 6.34002432 6.42103909 6.49180434 6.55261419 6.60376277 6.6455442
 6.67825263 6.70218217 6.71762696 6.72488112 6.72423878 6.71599407
 6.70044111 6.67787404 6.64858699 6.61287408 6.57105914 6.52363662
 6.47116174 6.41418978 6.35327607 6.28897589 6.22184454 6.15243732
 6.08130953 6.00901647 5.93611344 5.86315573 5.79069866 5.7192975
 5.64950757 5.58188416 5.51698258 5.45535811 5.39756606 5.34416173
 5.29566228 5.25187932 5.21200289 5.17520174 5.14064462 5.10750031
 5.07493756 5.04212512 5.00823177 4.97242625 4.93387734 4.89175378
 4.84522433 4.79345777 4.73562284 4.6708883  4.59842292 4.51739546
 4.42697467 4.32632932 4.21465519 4.09185263 3.95857605 3.81551675
 3.66336605 3.50281528 3.33455574 3.15927876 2.97767566 2.79043774
 2.59825633 2.40182275 2.20182831 1.99896434 1.79392214 1.58739303
 1.38006834 1.17263938 0.96579747 0.76023392]
d_x_fitting=[  2.58397933  12.63278783  22.68159633  32.73040482  42.77921332
  52.82802182  62.87683032  72.92563882  82.97444732  93.02325581
 103.07206431 113.12087281 123.16968131 133.21848981 143.26729831
 153.3161068  163.3649153  173.4137238  183.4625323  193.5113408
 203.5601493  213.6089578  223.65776629 233.70657479 243.75538329
 253.80419179 263.85300029 273.90180879 283.95061728 293.99942578
 304.04823428 314.09704278 324.14585128 334.19465978 344.24346827
 354.29227677 364.34108527 374.38989377 384.43870227 394.48751077
 404.53631927 414.58512776 424.63393626 434.68274476 444.73155326
 454.78036176 464.82917026 474.87797875 484.92678725 494.97559575
 505.02440425 515.07321275 525.12202125 535.17082974 545.21963824
 555.26844674 565.31725524 575.36606374 585.41487224 595.46368073
 605.51248923 615.56129773 625.61010623 635.65891473 645.70772323
 655.75653173 665.80534022 675.85414872 685.90295722 695.95176572
 706.00057422 716.04938272 726.09819121 736.14699971 746.19580821
 756.24461671 766.29342521 776.34223371 786.3910422  796.4398507
 806.4886592  816.5374677  826.5862762  836.6350847  846.6838932
 856.73270169 866.78151019 876.83031869 886.87912719 896.92793569
 906.97674419 917.02555268 927.07436118 937.12316968 947.17197818
 957.22078668 967.26959518 977.31840367 987.36721217 997.41602067]
d_y_fitting=[0.52631579 0.98145865 1.40260446 1.79125635 2.14891746 2.47709095
 2.77727995 3.05098761 3.29971707 3.52497148 3.72825397 3.9110677
 4.0749158  4.22130142 4.3517277  4.46769779 4.57071483 4.66228196
 4.74390233 4.81707907 4.88329438 4.9434355  4.99772429 5.04634756
 5.08949207 5.12734462 5.16009197 5.18792093 5.21101826 5.22957076
 5.24376519 5.25378836 5.25982703 5.26206799 5.26069803 5.25590392
 5.24787245 5.2367904  5.22284456 5.2062217  5.18709916 5.16560538
 5.14185298 5.11595461 5.08802289 5.05817047 5.02650997 4.99315403
 4.95821528 4.92180636 4.8840399  4.84502853 4.80488488 4.7637216
 4.72165131 4.67878664 4.63524024 4.59112473 4.54655275 4.50163692
 4.45647148 4.41108303 4.36548267 4.3196815  4.27369062 4.22752112
 4.18118411 4.13469068 4.08805194 4.04127897 3.99438289 3.94737478
 3.90026575 3.8530669  3.80578932 3.75844411 3.71104237 3.6635952
 3.6161137  3.56860897 3.52083647 3.47143753 3.41875009 3.36111206
 3.29686133 3.22433582 3.14187345 3.04781212 2.94048974 2.81824422
 2.67941348 2.52233542 2.34534795 2.14678898 1.92499643 1.6783082
 1.40506221 1.10359636 0.77224856 0.40935673]