
p_x=[0.0, 30.146425495262704, 94.74590869939708, 188.63049095607235, 397.0714900947459, 498.7080103359173, 591.7312661498709, 665.8053402239449, 838.0706287683032, 995.693367786391]
p_y=[1.5294117647058822, 4.352941176470589, 5.647058823529411, 5.411764705882353, 6.235294117647059, 6.117647058823529, 1.2941176470588225, 3.647058823529412, 5.294117647058823, 0.35294117647058876]
a_x=[0.8613264427217916, 34.45305770887167, 97.32988802756245, 198.10508182601205, 400.5167958656331, 583.9793281653747, 670.1119724375538, 851.8518518518518, 995.693367786391]
a_y=[1.6959064327485383, 4.970760233918129, 6.140350877192983, 5.7894736842105265, 4.502923976608187, 0.7602339181286553, 4.385964912280702, 5.7894736842105265, 0.4093567251461998]
d_x=[0.8613264427217916, 35.31438415159346, 96.46856158484066, 198.10508182601205, 590.869939707149, 842.3772609819122, 997.4160206718346]
d_y=[1.6959064327485383, 4.736842105263158, 6.023391812865498, 5.7894736842105265, 4.736842105263158, 4.619883040935672, 1.1111111111111107]
p_x_fitting=[  0.          10.05750877  20.11501753  30.1725263   40.23003506
  50.28754383  60.34505259  70.40256136  80.46007012  90.51757889
 100.57508766 110.63259642 120.69010519 130.74761395 140.80512272
 150.86263148 160.92014025 170.97764901 181.03515778 191.09266654
 201.15017531 211.20768408 221.26519284 231.32270161 241.38021037
 251.43771914 261.4952279  271.55273667 281.61024543 291.6677542
 301.72526297 311.78277173 321.8402805  331.89778926 341.95529803
 352.01280679 362.07031556 372.12782432 382.18533309 392.24284186
 402.30035062 412.35785939 422.41536815 432.47287692 442.53038568
 452.58789445 462.64540321 472.70291198 482.76042074 492.81792951
 502.87543828 512.93294704 522.99045581 533.04796457 543.10547334
 553.1629821  563.22049087 573.27799963 583.3355084  593.39301717
 603.45052593 613.5080347  623.56554346 633.62305223 643.68056099
 653.73806976 663.79557852 673.85308729 683.91059606 693.96810482
 704.02561359 714.08312235 724.14063112 734.19813988 744.25564865
 754.31315741 764.37066618 774.42817494 784.48568371 794.54319248
 804.60070124 814.65821001 824.71571877 834.77322754 844.8307363
 854.88824507 864.94575383 875.0032626  885.06077137 895.11828013
 905.1757889  915.23329766 925.29080643 935.34831519 945.40582396
 955.46333272 965.52084149 975.57835026 985.63585902 995.69336779]
p_y_fitting=[1.52941176 2.70923926 3.64133521 4.35453358 4.87766834 5.23957345
 5.46908287 5.59503057 5.64625051 5.65157666 5.63893076 5.62141705
 5.60010483 5.57571522 5.54896935 5.52058834 5.49129332 5.46180542
 5.43284575 5.40513534 5.37938139 5.35626392 5.33645976 5.32064575
 5.30949872 5.3036955  5.30391293 5.31082785 5.32511708 5.34745746
 5.37852583 5.41899901 5.46955385 5.53086718 5.60361582 5.68847662
 5.78612641 5.89724203 6.0225003  6.16257806 6.31779666 6.48101751
 6.6380194  6.77430117 6.87536168 6.92669979 6.91381433 6.82220418
 6.63736817 6.34480516 5.9306087  5.40214417 4.7933864  4.13998923
 3.47760651 2.84189206 2.26849974 1.79308338 1.45129683 1.27874183
 1.29295585 1.46701289 1.76726833 2.16007753 2.61179588 3.08877873
 3.55738146 3.9869537  4.36896227 4.70478218 4.99583504 5.2435425
 5.44932618 5.61460771 5.74080874 5.82935088 5.88165578 5.89914506
 5.88324035 5.8353633  5.75693552 5.64937865 5.51411433 5.35256418
 5.16614984 4.95629293 4.7244151  4.47193797 4.20028317 3.91087234
 3.60512711 3.28446911 2.95031997 2.60410132 2.24723479 1.88114203
 1.50724465 1.1269643  0.74172259 0.35294118]
a_x_fitting=[8.61326443e-01 1.09101349e+01 2.09589434e+01 3.10077519e+01
 4.10565604e+01 5.11053689e+01 6.11541774e+01 7.12029859e+01
 8.12517944e+01 9.13006029e+01 1.01349411e+02 1.11398220e+02
 1.21447028e+02 1.31495837e+02 1.41544645e+02 1.51593454e+02
 1.61642262e+02 1.71691071e+02 1.81739879e+02 1.91788688e+02
 2.01837496e+02 2.11886305e+02 2.21935113e+02 2.31983922e+02
 2.42032730e+02 2.52081539e+02 2.62130347e+02 2.72179156e+02
 2.82227964e+02 2.92276773e+02 3.02325581e+02 3.12374390e+02
 3.22423198e+02 3.32472007e+02 3.42520815e+02 3.52569624e+02
 3.62618432e+02 3.72667241e+02 3.82716049e+02 3.92764858e+02
 4.02813666e+02 4.12862475e+02 4.22911283e+02 4.32960092e+02
 4.43008900e+02 4.53057709e+02 4.63106517e+02 4.73155326e+02
 4.83204134e+02 4.93252943e+02 5.03301751e+02 5.13350560e+02
 5.23399368e+02 5.33448177e+02 5.43496985e+02 5.53545794e+02
 5.63594602e+02 5.73643411e+02 5.83692219e+02 5.93741028e+02
 6.03789836e+02 6.13838645e+02 6.23887453e+02 6.33936262e+02
 6.43985070e+02 6.54033879e+02 6.64082687e+02 6.74131496e+02
 6.84180304e+02 6.94229113e+02 7.04277921e+02 7.14326730e+02
 7.24375538e+02 7.34424347e+02 7.44473155e+02 7.54521964e+02
 7.64570772e+02 7.74619581e+02 7.84668389e+02 7.94717198e+02
 8.04766006e+02 8.14814815e+02 8.24863623e+02 8.34912432e+02
 8.44961240e+02 8.55010049e+02 8.65058857e+02 8.75107666e+02
 8.85156474e+02 8.95205283e+02 9.05254091e+02 9.15302900e+02
 9.25351708e+02 9.35400517e+02 9.45449325e+02 9.55498134e+02
 9.65546942e+02 9.75595751e+02 9.85644559e+02 9.95693368e+02]
a_y_fitting=[1.69590643 2.96977282 3.97905625 4.75375702 5.32387544 5.7194118
 5.97036642 6.1067396  6.15853164 6.15574283 6.12807095 6.09345234
 6.05454483 6.01298519 5.97041017 5.92845653 5.88876103 5.85296043
 5.82269148 5.79959094 5.78526267 5.77978614 5.78110553 5.7870056
 5.79527109 5.80368675 5.81003732 5.81210755 5.80768219 5.79454599
 5.77048368 5.73328002 5.68071976 5.61058765 5.52066842 5.40874682
 5.27260761 5.11003553 4.91881533 4.69673175 4.44158746 4.15389545
 3.83975307 3.5059464  3.15926149 2.80648443 2.45440128 2.10979812
 1.779461   1.47017601 1.18872921 0.94190667 0.73649447 0.57927866
 0.47704533 0.43658053 0.46467035 0.56810085 0.7536581  1.02471677
 1.36978416 1.7733184  2.21977752 2.69361955 3.17930255 3.66128454
 4.12402357 4.55215368 4.9371508  5.27937878 5.57979542 5.83935856
 6.05902601 6.2397556  6.38250514 6.48823246 6.55789538 6.59245172
 6.5928593  6.56007594 6.49505947 6.3987677  6.27215846 6.11618956
 5.93181884 5.7200041  5.48170318 5.21787389 4.92947405 4.61746149
 4.28279403 3.92642948 3.54932567 3.15244043 2.73673157 2.30315691
 1.85267427 1.38624148 0.90481636 0.40935673]
d_x_fitting=[8.61326443e-01 1.09275355e+01 2.09937445e+01 3.10599535e+01
 4.11261626e+01 5.11923716e+01 6.12585806e+01 7.13247897e+01
 8.13909987e+01 9.14572077e+01 1.01523417e+02 1.11589626e+02
 1.21655835e+02 1.31722044e+02 1.41788253e+02 1.51854462e+02
 1.61920671e+02 1.71986880e+02 1.82053089e+02 1.92119298e+02
 2.02185507e+02 2.12251716e+02 2.22317925e+02 2.32384134e+02
 2.42450343e+02 2.52516552e+02 2.62582761e+02 2.72648970e+02
 2.82715179e+02 2.92781388e+02 3.02847597e+02 3.12913806e+02
 3.22980015e+02 3.33046225e+02 3.43112434e+02 3.53178643e+02
 3.63244852e+02 3.73311061e+02 3.83377270e+02 3.93443479e+02
 4.03509688e+02 4.13575897e+02 4.23642106e+02 4.33708315e+02
 4.43774524e+02 4.53840733e+02 4.63906942e+02 4.73973151e+02
 4.84039360e+02 4.94105569e+02 5.04171778e+02 5.14237987e+02
 5.24304196e+02 5.34370405e+02 5.44436614e+02 5.54502823e+02
 5.64569032e+02 5.74635241e+02 5.84701450e+02 5.94767659e+02
 6.04833868e+02 6.14900077e+02 6.24966286e+02 6.35032495e+02
 6.45098705e+02 6.55164914e+02 6.65231123e+02 6.75297332e+02
 6.85363541e+02 6.95429750e+02 7.05495959e+02 7.15562168e+02
 7.25628377e+02 7.35694586e+02 7.45760795e+02 7.55827004e+02
 7.65893213e+02 7.75959422e+02 7.86025631e+02 7.96091840e+02
 8.06158049e+02 8.16224258e+02 8.26290467e+02 8.36356676e+02
 8.46422885e+02 8.56489094e+02 8.66555303e+02 8.76621512e+02
 8.86687721e+02 8.96753930e+02 9.06820139e+02 9.16886348e+02
 9.26952557e+02 9.37018766e+02 9.47084976e+02 9.57151185e+02
 9.67217394e+02 9.77283603e+02 9.87349812e+02 9.97416021e+02]
d_y_fitting=[1.69590643 2.84290296 3.76460532 4.48605192 5.03228114 5.42833138
 5.69924102 5.87004846 5.9657921  6.01151031 6.03173833 6.03955507
 6.03664753 6.02421243 6.00344649 5.97554643 5.94170895 5.90313077
 5.86100862 5.8165392  5.77090714 5.7248416  5.67848835 5.63195497
 5.58534909 5.53877828 5.49235016 5.44617231 5.40035235 5.35499787
 5.31021647 5.26611576 5.22280332 5.18038676 5.13897368 5.09867168
 5.05958836 5.02183131 4.98550814 4.95072645 4.91759384 4.8862179
 4.85670624 4.82916645 4.80370614 4.7804329  4.75945434 4.74087805
 4.72481163 4.71136269 4.70063882 4.69274762 4.68779669 4.68589364
 4.68714605 4.69166154 4.69954769 4.71091212 4.72586241 4.74449856
 4.76660077 4.79151964 4.81857556 4.84708894 4.87638016 4.90576963
 4.93457775 4.96212491 4.98773151 5.01071795 5.03040463 5.04611195
 5.0571603  5.06287008 5.06256169 5.05555553 5.041172   5.01873149
 4.9875544  4.94696114 4.89627209 4.83480766 4.76188824 4.67683424
 4.57896604 4.46760406 4.34206868 4.20168031 4.04575934 3.87362617
 3.6846012  3.47800483 3.25315745 3.00937947 2.74599127 2.46231327
 2.15766585 1.83136942 1.48274438 1.11111111]