
p_x=[3.4453057708871664, 20.671834625322997, 53.402239448751075, 101.63652024117141, 218.77691645133507, 409.130060292851, 596.8992248062015, 788.975021533161, 996.5546942291128]
p_y=[0.23529411764705976, 2.9411764705882346, 4.588235294117648, 5.176470588235294, 4.23529411764706, 4.117647058823529, 6.8235294117647065, 5.176470588235294, 0.23529411764705976]
a_x=[4.3066322136089585, 192.9371231696813, 399.6554694229113, 596.0378983634797, 797.588285960379, 996.5546942291128]
a_y=[0.29239766081871466, 4.736842105263158, 7.192982456140351, 7.777777777777778, 5.43859649122807, 0.4093567251461998]
d_x=[0.8613264427217916, 16.36520241171404, 49.09560723514212, 87.85529715762273, 197.24375538329025, 404.82342807924203, 604.6511627906976, 801.894918173988, 993.1093884582257]
d_y=[0.1754385964912295, 2.9824561403508776, 5.087719298245615, 5.087719298245615, 4.502923976608187, 5.2046783625731, 4.736842105263158, 4.736842105263158, 0.29239766081871466]
p_x_fitting=[  3.44530577  13.47671374  23.5081217   33.53952966  43.57093763
  53.60234559  63.63375356  73.66516152  83.69656948  93.72797745
 103.75938541 113.79079338 123.82220134 133.85360931 143.88501727
 153.91642523 163.9478332  173.97924116 184.01064913 194.04205709
 204.07346506 214.10487302 224.13628098 234.16768895 244.19909691
 254.23050488 264.26191284 274.2933208  284.32472877 294.35613673
 304.3875447  314.41895266 324.45036063 334.48176859 344.51317655
 354.54458452 364.57599248 374.60740045 384.63880841 394.67021638
 404.70162434 414.7330323  424.76444027 434.79584823 444.8272562
 454.85866416 464.89007213 474.92148009 484.95288805 494.98429602
 505.01570398 515.04711195 525.07851991 535.10992787 545.14133584
 555.1727438  565.20415177 575.23555973 585.2669677  595.29837566
 605.32978362 615.36119159 625.39259955 635.42400752 645.45541548
 655.48682345 665.51823141 675.54963937 685.58104734 695.6124553
 705.64386327 715.67527123 725.7066792  735.73808716 745.76949512
 755.80090309 765.83231105 775.86371902 785.89512698 795.92653494
 805.95794291 815.98935087 826.02075884 836.0521668  846.08357477
 856.11498273 866.14639069 876.17779866 886.20920662 896.24061459
 906.27202255 916.30343052 926.33483848 936.36624644 946.39765441
 956.42906237 966.46047034 976.4918783  986.52328626 996.55469423]
p_y_fitting=[0.23529412 2.03463097 3.22412289 3.94963531 4.35703367 4.5921832
 4.77490525 4.92689426 5.04673825 5.13302526 5.18435174 5.20086053
 5.18603431 5.14379109 5.07804885 4.99272557 4.89173923 4.77900783
 4.65844935 4.53398177 4.40952308 4.28899127 4.1762112  4.07317474
 3.98019752 3.89753348 3.82543657 3.76416073 3.71395991 3.67508803
 3.64779905 3.63234691 3.62898554 3.6379689  3.65955092 3.69398554
 3.7415267  3.80242836 3.87694444 3.96532889 4.06783566 4.18465806
 4.31491485 4.45680254 4.60848772 4.76813696 4.93391686 5.10399399
 5.27653494 5.44970629 5.62167462 5.79060653 5.95466859 6.11202739
 6.2608495  6.39930152 6.52555003 6.63776161 6.73410284 6.81274032
 6.87208318 6.91211772 6.93346075 6.93673076 6.92254621 6.8915256
 6.84428739 6.78145007 6.70363211 6.61145199 6.50552819 6.38647918
 6.25492344 6.11147946 5.95676571 5.79140066 5.6160028  5.4311906
 5.23758255 5.03579711 4.82645276 4.610168   4.38756128 4.15925109
 3.92585591 3.68799422 3.44628449 3.2013452  2.95379484 2.70425186
 2.45333477 2.20166202 1.94985211 1.69852351 1.44829469 1.19978413
 0.95361032 0.71039173 0.47074684 0.23529412]
a_x_fitting=[  4.30663221  14.32933991  24.35204761  34.3747553   44.397463
  54.4201707   64.4428784   74.46558609  84.48829379  94.51100149
 104.53370918 114.55641688 124.57912458 134.60183228 144.62453997
 154.64724767 164.66995537 174.69266306 184.71537076 194.73807846
 204.76078616 214.78349385 224.80620155 234.82890925 244.85161694
 254.87432464 264.89703234 274.91974004 284.94244773 294.96515543
 304.98786313 315.01057082 325.03327852 335.05598622 345.07869392
 355.10140161 365.12410931 375.14681701 385.1695247  395.1922324
 405.2149401  415.2376478  425.26035549 435.28306319 445.30577089
 455.32847858 465.35118628 475.37389398 485.39660168 495.41930937
 505.44201707 515.46472477 525.48743246 535.51014016 545.53284786
 555.55555556 565.57826325 575.60097095 585.62367865 595.64638634
 605.66909404 615.69180174 625.71450944 635.73721713 645.75992483
 655.78263253 665.80534022 675.82804792 685.85075562 695.87346332
 705.89617101 715.91887871 725.94158641 735.9642941  745.9870018
 756.0097095  766.0324172  776.05512489 786.07783259 796.10054029
 806.12324798 816.14595568 826.16866338 836.19137108 846.21407877
 856.23678647 866.25949417 876.28220186 886.30490956 896.32761726
 906.35032495 916.37303265 926.39574035 936.41844805 946.44115574
 956.46386344 966.48657114 976.50927883 986.53198653 996.55469423]
a_y_fitting=[0.29239766 0.59802655 0.89504326 1.18359308 1.46382131 1.73587323
 1.99989416 2.25602937 2.50442415 2.74522382 2.97857365 3.20461894
 3.42350498 3.63537707 3.8403805  4.03866057 4.23036256 4.41563177
 4.59461349 4.76745303 4.93429566 5.09528669 5.2505714  5.40029509
 5.54460306 5.6836406  5.81755299 5.94648554 6.07058354 6.18999228
 6.30485705 6.41532315 6.52153587 6.6236405  6.72178234 6.81610668
 6.90675882 6.99388404 7.07762765 7.15813492 7.235539   7.3097537
 7.38050276 7.44750359 7.51047361 7.56913027 7.62319096 7.67237313
 7.71639419 7.75497157 7.78782269 7.81466498 7.83521585 7.84919274
 7.85631307 7.85629426 7.84885373 7.83370892 7.81057723 7.7791761
 7.73927734 7.69089737 7.63412135 7.56903446 7.49572186 7.41426873
 7.32476023 7.22728154 7.12191782 7.00875425 6.88787599 6.75936821
 6.62331609 6.47980479 6.32891949 6.17074535 6.00536754 5.83287124
 5.65334161 5.46686382 5.27352304 5.07340445 4.86659321 4.6531745
 4.43323347 4.20685531 3.97412518 3.73512826 3.4899497  3.23867469
 2.98138839 2.71817597 2.4491226  2.17431345 1.89383369 1.6077685
 1.31620303 1.01922247 0.71691198 0.40935673]
d_x_fitting=[8.61326443e-01 1.08840341e+01 2.09067418e+01 3.09294495e+01
 4.09521572e+01 5.09748649e+01 6.09975726e+01 7.10202803e+01
 8.10429880e+01 9.10656957e+01 1.01088403e+02 1.11111111e+02
 1.21133819e+02 1.31156527e+02 1.41179234e+02 1.51201942e+02
 1.61224650e+02 1.71247357e+02 1.81270065e+02 1.91292773e+02
 2.01315480e+02 2.11338188e+02 2.21360896e+02 2.31383603e+02
 2.41406311e+02 2.51429019e+02 2.61451727e+02 2.71474434e+02
 2.81497142e+02 2.91519850e+02 3.01542557e+02 3.11565265e+02
 3.21587973e+02 3.31610680e+02 3.41633388e+02 3.51656096e+02
 3.61678804e+02 3.71701511e+02 3.81724219e+02 3.91746927e+02
 4.01769634e+02 4.11792342e+02 4.21815050e+02 4.31837757e+02
 4.41860465e+02 4.51883173e+02 4.61905881e+02 4.71928588e+02
 4.81951296e+02 4.91974004e+02 5.01996711e+02 5.12019419e+02
 5.22042127e+02 5.32064834e+02 5.42087542e+02 5.52110250e+02
 5.62132957e+02 5.72155665e+02 5.82178373e+02 5.92201081e+02
 6.02223788e+02 6.12246496e+02 6.22269204e+02 6.32291911e+02
 6.42314619e+02 6.52337327e+02 6.62360034e+02 6.72382742e+02
 6.82405450e+02 6.92428158e+02 7.02450865e+02 7.12473573e+02
 7.22496281e+02 7.32518988e+02 7.42541696e+02 7.52564404e+02
 7.62587111e+02 7.72609819e+02 7.82632527e+02 7.92655235e+02
 8.02677942e+02 8.12700650e+02 8.22723358e+02 8.32746065e+02
 8.42768773e+02 8.52791481e+02 8.62814188e+02 8.72836896e+02
 8.82859604e+02 8.92882311e+02 9.02905019e+02 9.12927727e+02
 9.22950435e+02 9.32973142e+02 9.42995850e+02 9.53018558e+02
 9.63041265e+02 9.73063973e+02 9.83086681e+02 9.93109388e+02]
d_y_fitting=[0.1754386  2.16714875 3.53045744 4.39233719 4.87976053 5.11960266
 5.21440707 5.21048867 5.14624398 5.05986238 4.97585174 4.89676178
 4.82316265 4.7556245  4.69471746 4.64101168 4.59507731 4.55748448
 4.52880335 4.50960405 4.50044012 4.50124253 4.51114672 4.52923627
 4.55459473 4.5863057  4.62345274 4.66511942 4.71038932 4.75834601
 4.80807307 4.85865407 4.90917258 4.95871218 5.00635643 5.05118892
 5.09229321 5.12875289 5.15965152 5.18407267 5.20109992 5.20991192
 5.2106851  5.20419199 5.19121316 5.17252913 5.14892046 5.1211677
 5.09005138 5.05635207 5.0208503  4.98432662 4.94756157 4.91133571
 4.87642957 4.84362371 4.81369868 4.78743501 4.76561325 4.74901395
 4.73841766 4.73447758 4.73676701 4.744315   4.75614646 4.77128632
 4.78875948 4.80759085 4.82680534 4.84542787 4.86248334 4.87699667
 4.88799276 4.89449653 4.89553289 4.89012674 4.87730301 4.8560866
 4.82550242 4.78457539 4.7323304  4.66779239 4.58998625 4.49793689
 4.39066924 4.26720819 4.12657867 3.96780558 3.78991382 3.59192832
 3.37287399 3.13177573 2.86765845 2.57954708 2.26646651 1.92744166
 1.56149743 1.16765875 0.74495053 0.29239766]