
p_x=[1.7226528854435832, 49.956933677863915, 94.74590869939708, 148.14814814814815, 292.85099052540914, 577.0887166236004, 823.4280792420327, 997.4160206718346]
p_y=[0.23529411764705976, 4.0, 4.588235294117648, 4.705882352941177, 4.117647058823529, 4.23529411764706, 4.0, 0.35294117647058876]
a_x=[0.8613264427217916, 42.20499569336779, 86.99397071490095, 152.45478036175712, 392.76485788113695, 606.3738156761412, 800.1722652885444, 903.5314384151594, 994.8320413436692]
a_y=[0.29239766081871466, 3.2163742690058488, 5.087719298245615, 5.2046783625731, 4.385964912280702, 4.736842105263158, 5.321637426900585, 4.035087719298246, 0.4093567251461998]
d_x=[1.7226528854435832, 28.42377260981912, 86.99397071490095, 173.1266149870801, 400.5167958656331, 601.2058570198105, 802.7562446167096, 994.8320413436692]
d_y=[0.4093567251461998, 2.8654970760233924, 4.502923976608187, 4.502923976608187, 3.6842105263157894, 5.43859649122807, 5.2046783625731, 0.7602339181286553]
p_x_fitting=[  1.72265289  11.78016165  21.83767042  31.89517918  41.95268795
  52.01019671  62.06770548  72.12521424  82.18272301  92.24023178
 102.29774054 112.35524931 122.41275807 132.47026684 142.5277756
 152.58528437 162.64279313 172.7003019  182.75781066 192.81531943
 202.8728282  212.93033696 222.98784573 233.04535449 243.10286326
 253.16037202 263.21788079 273.27538955 283.33289832 293.39040709
 303.44791585 313.50542462 323.56293338 333.62044215 343.67795091
 353.73545968 363.79296844 373.85047721 383.90798598 393.96549474
 404.02300351 414.08051227 424.13802104 434.1955298  444.25303857
 454.31054733 464.3680561  474.42556486 484.48307363 494.5405824
 504.59809116 514.65559993 524.71310869 534.77061746 544.82812622
 554.88563499 564.94314375 575.00065252 585.05816129 595.11567005
 605.17317882 615.23068758 625.28819635 635.34570511 645.40321388
 655.46072264 665.51823141 675.57574018 685.63324894 695.69075771
 705.74826647 715.80577524 725.863284   735.92079277 745.97830153
 756.0358103  766.09331906 776.15082783 786.2083366  796.26584536
 806.32335413 816.38086289 826.43837166 836.49588042 846.55338919
 856.61089795 866.66840672 876.72591549 886.78342425 896.84093302
 906.89844178 916.95595055 927.01345931 937.07096808 947.12847684
 957.18598561 967.24349438 977.30100314 987.35851191 997.41602067]
p_y_fitting=[0.23529412 1.45039984 2.40992434 3.14494051 3.68652125 4.06573947
 4.31366806 4.46137993 4.53994797 4.58044509 4.61158879 4.64165491
 4.668419   4.68957058 4.70279916 4.70584374 4.69797069 4.68022734
 4.6537616  4.61972137 4.57925458 4.53350913 4.48363292 4.43077388
 4.37607992 4.32069894 4.26577885 4.21246757 4.161913   4.11526303
 4.07340999 4.03637554 4.00399609 3.97610801 3.95254772 3.93315161
 3.91775607 3.9061975  3.89831229 3.89393684 3.89290755 3.8950608
 3.90023301 3.90826056 3.91897985 3.93222727 3.94783923 3.96565211
 3.98550232 4.00722624 4.03066027 4.05564082 4.08200427 4.10958702
 4.13822548 4.16775602 4.19801505 4.22883897 4.26004022 4.29124985
 4.32201586 4.35188581 4.38040729 4.40712785 4.43159506 4.45335649
 4.47195971 4.48695229 4.49788179 4.50429578 4.50574183 4.50176751
 4.49192039 4.47574803 4.452798   4.42261787 4.3847552  4.33875758
 4.28417255 4.2205477  4.14743059 4.06436878 3.97090985 3.86660136
 3.75099088 3.62362598 3.48405422 3.33182319 3.16648043 2.98757352
 2.79465004 2.58725753 2.36494359 2.12725576 1.87374163 1.60394875
 1.3174247  1.01371704 0.69237334 0.35294118]
a_x_fitting=[8.61326443e-01 1.09014347e+01 2.09415429e+01 3.09816511e+01
 4.10217594e+01 5.10618676e+01 6.11019758e+01 7.11420841e+01
 8.11821923e+01 9.12223005e+01 1.01262409e+02 1.11302517e+02
 1.21342625e+02 1.31382733e+02 1.41422842e+02 1.51462950e+02
 1.61503058e+02 1.71543166e+02 1.81583275e+02 1.91623383e+02
 2.01663491e+02 2.11703599e+02 2.21743708e+02 2.31783816e+02
 2.41823924e+02 2.51864032e+02 2.61904140e+02 2.71944249e+02
 2.81984357e+02 2.92024465e+02 3.02064573e+02 3.12104682e+02
 3.22144790e+02 3.32184898e+02 3.42225006e+02 3.52265115e+02
 3.62305223e+02 3.72345331e+02 3.82385439e+02 3.92425547e+02
 4.02465656e+02 4.12505764e+02 4.22545872e+02 4.32585980e+02
 4.42626089e+02 4.52666197e+02 4.62706305e+02 4.72746413e+02
 4.82786522e+02 4.92826630e+02 5.02866738e+02 5.12906846e+02
 5.22946954e+02 5.32987063e+02 5.43027171e+02 5.53067279e+02
 5.63107387e+02 5.73147496e+02 5.83187604e+02 5.93227712e+02
 6.03267820e+02 6.13307929e+02 6.23348037e+02 6.33388145e+02
 6.43428253e+02 6.53468361e+02 6.63508470e+02 6.73548578e+02
 6.83588686e+02 6.93628794e+02 7.03668903e+02 7.13709011e+02
 7.23749119e+02 7.33789227e+02 7.43829336e+02 7.53869444e+02
 7.63909552e+02 7.73949660e+02 7.83989768e+02 7.94029877e+02
 8.04069985e+02 8.14110093e+02 8.24150201e+02 8.34190310e+02
 8.44230418e+02 8.54270526e+02 8.64310634e+02 8.74350743e+02
 8.84390851e+02 8.94430959e+02 9.04471067e+02 9.14511175e+02
 9.24551284e+02 9.34591392e+02 9.44631500e+02 9.54671608e+02
 9.64711717e+02 9.74751825e+02 9.84791933e+02 9.94832041e+02]
a_y_fitting=[0.29239766 1.08109225 1.82419143 2.51484274 3.14619371 3.71139186
 4.20358472 4.61591981 4.94154467 5.17388753 5.31604014 5.38296927
 5.39037063 5.3539399  5.28937278 5.21236496 5.13667935 5.06566345
 4.99917196 4.93705702 4.87917078 4.82536536 4.77549293 4.72940561
 4.68695555 4.64799489 4.61237578 4.57995035 4.55057074 4.52408911
 4.50035759 4.47922831 4.46055344 4.4441851  4.42997544 4.4177766
 4.40744072 4.39881995 4.39176642 4.38613228 4.38180774 4.37885154
 4.37736908 4.37746571 4.37924682 4.38281779 4.38828399 4.39575079
 4.40532358 4.41710773 4.43120861 4.44773161 4.4667821  4.48846546
 4.51288706 4.54015227 4.57036649 4.60363507 4.64006341 4.67975687
 4.72282083 4.76931118 4.81875582 4.87036318 4.92333728 4.97688212
 5.0302017  5.08250001 5.13298107 5.18084888 5.22530744 5.26556075
 5.30081281 5.33026763 5.35312921 5.36860156 5.37588866 5.37419454
 5.36272318 5.34067859 5.3072564  5.26130244 5.20119387 5.12527501
 5.03189022 4.91938383 4.78610019 4.63038362 4.45057847 4.24502908
 4.0120798  3.75007495 3.45735888 3.13227593 2.77317043 2.37838674
 1.94626918 1.4751621  0.96340983 0.40935673]
d_x_fitting=[  1.72265289  11.75406085  21.78546881  31.81687678  41.84828474
  51.87969271  61.91110067  71.94250864  81.9739166   92.00532456
 102.03673253 112.06814049 122.09954846 132.13095642 142.16236438
 152.19377235 162.22518031 172.25658828 182.28799624 192.31940421
 202.35081217 212.38222013 222.4136281  232.44503606 242.47644403
 252.50785199 262.53925996 272.57066792 282.60207588 292.63348385
 302.66489181 312.69629978 322.72770774 332.7591157  342.79052367
 352.82193163 362.8533396  372.88474756 382.91615553 392.94756349
 402.97897145 413.01037942 423.04178738 433.07319535 443.10460331
 453.13601128 463.16741924 473.1988272  483.23023517 493.26164313
 503.2930511  513.32445906 523.35586703 533.38727499 543.41868295
 553.45009092 563.48149888 573.51290685 583.54431481 593.57572277
 603.60713074 613.6385387  623.66994667 633.70135463 643.7327626
 653.76417056 663.79557852 673.82698649 683.85839445 693.88980242
 703.92121038 713.95261835 723.98402631 734.01543427 744.04684224
 754.0782502  764.10965817 774.14106613 784.17247409 794.20388206
 804.23529002 814.26669799 824.29810595 834.32951392 844.36092188
 854.39232984 864.42373781 874.45514577 884.48655374 894.5179617
 904.54936967 914.58077763 924.61218559 934.64359356 944.67500152
 954.70640949 964.73781745 974.76922542 984.80063338 994.83204134]
d_y_fitting=[0.40935673 1.51448461 2.39408327 3.07550032 3.58608341 3.95318017
 4.20413825 4.36630529 4.46702891 4.53312595 4.57917961 4.60752566
 4.61996627 4.61830361 4.60433985 4.57987716 4.54671773 4.50666371
 4.46138213 4.41183792 4.35876875 4.30291217 4.24500573 4.185787
 4.12599352 4.06636285 4.00763254 3.95054015 3.89582324 3.84421935
 3.79646604 3.75330087 3.71546139 3.68368515 3.65870972 3.64127263
 3.63211146 3.63196374 3.64156705 3.66165892 3.69297273 3.73571013
 3.78902721 3.85195807 3.92353682 4.00279754 4.08877435 4.18050135
 4.27701264 4.37734232 4.48052449 4.58559327 4.69158274 4.79752702
 4.9024602  5.00541639 5.10542969 5.2015342  5.29276403 5.37815327
 5.45673781 5.52779359 5.59107656 5.64639984 5.69357654 5.73241974
 5.76274257 5.78435813 5.79707951 5.80071983 5.79509218 5.78000968
 5.75528544 5.72073254 5.6761641  5.62139323 5.55623303 5.4804966
 5.39399704 5.29654747 5.18796099 5.0680507  4.93662971 4.79351112
 4.63850804 4.47143357 4.29210081 4.10032288 3.89591287 3.6786839
 3.44844906 3.20502146 2.94821421 2.6778404  2.39371316 2.09564557
 1.78345075 1.45694179 1.11593182 0.76023392]