
p_x=[1.7226528854435832, 189.49181739879415, 401.3781223083548, 590.0086132644273, 798.4496124031008, 997.4160206718346]
p_y=[0.35294117647058876, 3.5294117647058822, 4.470588235294118, 4.23529411764706, 2.8235294117647056, 0.47058823529411775]
a_x=[2.5839793281653747, 202.41171403962102, 406.54608096468564, 601.2058570198105, 801.894918173988, 995.693367786391]
a_y=[0.4093567251461998, 3.9181286549707606, 4.853801169590644, 4.269005847953217, 3.5672514619883042, 0.526315789473685]
d_x=[3.4453057708871664, 29.285099052540914, 58.57019810508183, 97.32988802756245, 200.6890611541774, 298.01894918173986, 403.1007751937984, 602.0671834625323, 801.894918173988, 906.1154177433248, 995.693367786391]
d_y=[0.6432748538011701, 3.9181286549707606, 4.970760233918129, 4.502923976608187, 5.672514619883041, 6.7251461988304095, 6.257309941520468, 4.502923976608187, 4.619883040935672, 3.333333333333334, 0.29239766081871466]
p_x_fitting=[  1.72265289  11.78016165  21.83767042  31.89517918  41.95268795
  52.01019671  62.06770548  72.12521424  82.18272301  92.24023178
 102.29774054 112.35524931 122.41275807 132.47026684 142.5277756
 152.58528437 162.64279313 172.7003019  182.75781066 192.81531943
 202.8728282  212.93033696 222.98784573 233.04535449 243.10286326
 253.16037202 263.21788079 273.27538955 283.33289832 293.39040709
 303.44791585 313.50542462 323.56293338 333.62044215 343.67795091
 353.73545968 363.79296844 373.85047721 383.90798598 393.96549474
 404.02300351 414.08051227 424.13802104 434.1955298  444.25303857
 454.31054733 464.3680561  474.42556486 484.48307363 494.5405824
 504.59809116 514.65559993 524.71310869 534.77061746 544.82812622
 554.88563499 564.94314375 575.00065252 585.05816129 595.11567005
 605.17317882 615.23068758 625.28819635 635.34570511 645.40321388
 655.46072264 665.51823141 675.57574018 685.63324894 695.69075771
 705.74826647 715.80577524 725.863284   735.92079277 745.97830153
 756.0358103  766.09331906 776.15082783 786.2083366  796.26584536
 806.32335413 816.38086289 826.43837166 836.49588042 846.55338919
 856.61089795 866.66840672 876.72591549 886.78342425 896.84093302
 906.89844178 916.95595055 927.01345931 937.07096808 947.12847684
 957.18598561 967.24349438 977.30100314 987.35851191 997.41602067]
p_y_fitting=[0.35294118 0.60396047 0.84460337 1.07508979 1.29563965 1.50647286
 1.70780932 1.89986894 2.08287164 2.25703733 2.42258592 2.57973732
 2.72871143 2.86972818 3.00300747 3.12876922 3.24723332 3.3586197
 3.46314827 3.56103893 3.6525116  3.73778618 3.81708259 3.89062075
 3.95862055 4.02130191 4.07888474 4.13158896 4.17963447 4.22324118
 4.26262901 4.29801786 4.32962765 4.35767828 4.38238968 4.40398174
 4.42267438 4.43868751 4.45224104 4.46355489 4.47284808 4.48024662
 4.48570208 4.48914686 4.49051336 4.48973398 4.48674111 4.48146717
 4.47384453 4.46380561 4.45128281 4.43620851 4.41851512 4.39813504
 4.37500066 4.34904439 4.32019862 4.28839575 4.25356818 4.21565045
 4.17462442 4.13051835 4.08336245 4.03318692 3.98002197 3.92389779
 3.86484459 3.80289257 3.73807194 3.6704129  3.59994565 3.5267004
 3.45070734 3.37199669 3.29059864 3.2065434  3.11986117 3.03058216
 2.93873656 2.84435458 2.74746643 2.6481023  2.54629241 2.44206695
 2.33545612 2.22649013 2.11519919 2.00161349 1.88576324 1.76767864
 1.6473899  1.52492722 1.4003208  1.27360084 1.14479755 1.01394113
 0.88106179 0.74618972 0.60935514 0.47058824]
a_x_fitting=[  2.58397933  12.61538729  22.64679526  32.67820322  42.70961119
  52.74101915  62.77242711  72.80383508  82.83524304  92.86665101
 102.89805897 112.92946693 122.9608749  132.99228286 143.02369083
 153.05509879 163.08650676 173.11791472 183.14932268 193.18073065
 203.21213861 213.24354658 223.27495454 233.30636251 243.33777047
 253.36917843 263.4005864  273.43199436 283.46340233 293.49481029
 303.52621825 313.55762622 323.58903418 333.62044215 343.65185011
 353.68325808 363.71466604 373.746074   383.77748197 393.80888993
 403.8402979  413.87170586 423.90311383 433.93452179 443.96592975
 453.99733772 464.02874568 474.06015365 484.09156161 494.12296958
 504.15437754 514.1857855  524.21719347 534.24860143 544.2800094
 554.31141736 564.34282532 574.37423329 584.40564125 594.43704922
 604.46845718 614.49986515 624.53127311 634.56268107 644.59408904
 654.625497   664.65690497 674.68831293 684.7197209  694.75112886
 704.78253682 714.81394479 724.84535275 734.87676072 744.90816868
 754.93957665 764.97098461 775.00239257 785.03380054 795.0652085
 805.09661647 815.12802443 825.15943239 835.19084036 845.22224832
 855.25365629 865.28506425 875.31647222 885.34788018 895.37928814
 905.41069611 915.44210407 925.47351204 935.50492    945.53632797
 955.56773593 965.59914389 975.63055186 985.66195982 995.69336779]
a_y_fitting=[0.40935673 0.65767222 0.89782683 1.12990955 1.35400936 1.57021525
 1.77861621 1.97930123 2.17235929 2.35787939 2.53595051 2.70666164
 2.87010178 3.0263599  3.17552499 3.31768605 3.45293207 3.58135202
 3.70303491 3.81806971 3.92654542 4.02855103 4.12417551 4.21350787
 4.29663709 4.37365216 4.44464206 4.50969579 4.56890233 4.62235067
 4.67012981 4.71232872 4.7490364  4.78034183 4.806334   4.82710191
 4.84273454 4.85332087 4.8589499  4.85971062 4.85569201 4.84700085
 4.8339093  4.81677945 4.79597426 4.77185669 4.74478971 4.71513629
 4.68325938 4.64952196 4.61428699 4.57791743 4.54077626 4.50322643
 4.46563091 4.42835267 4.39175468 4.35619989 4.32205127 4.2896718
 4.25941985 4.23136268 4.20510636 4.18021613 4.15625722 4.13279488
 4.10939434 4.08562083 4.06103959 4.03521586 4.00771487 3.97810186
 3.94594206 3.91080072 3.87224306 3.82983433 3.78313975 3.73172458
 3.67515403 3.61299335 3.54480778 3.47016255 3.38862289 3.29975405
 3.20312126 3.09828975 2.98482476 2.86229153 2.73025529 2.58828128
 2.43593474 2.2727809  2.098385   1.91231227 1.71412796 1.50339729
 1.2796855  1.04255783 0.79157951 0.52631579]
d_x_fitting=[  3.44530577  13.46801347  23.49072117  33.51342886  43.53613656
  53.55884426  63.58155195  73.60425965  83.62696735  93.64967505
 103.67238274 113.69509044 123.71779814 133.74050583 143.76321353
 153.78592123 163.80862892 173.83133662 183.85404432 193.87675202
 203.89945971 213.92216741 223.94487511 233.9675828  243.9902905
 254.0129982  264.0357059  274.05841359 284.08112129 294.10382899
 304.12653668 314.14924438 324.17195208 334.19465978 344.21736747
 354.24007517 364.26278287 374.28549056 384.30819826 394.33090596
 404.35361366 414.37632135 424.39902905 434.42173675 444.44444444
 454.46715214 464.48985984 474.51256754 484.53527523 494.55798293
 504.58069063 514.60339832 524.62610602 534.64881372 544.67152142
 554.69422911 564.71693681 574.73964451 584.7623522  594.7850599
 604.8077676  614.8304753  624.85318299 634.87589069 644.89859839
 654.92130608 664.94401378 674.96672148 684.98942918 695.01213687
 705.03484457 715.05755227 725.08025996 735.10296766 745.12567536
 755.14838306 765.17109075 775.19379845 785.21650615 795.23921384
 805.26192154 815.28462924 825.30733694 835.33004463 845.35275233
 855.37546003 865.39816772 875.42087542 885.44358312 895.46629082
 905.48899851 915.51170621 925.53441391 935.5571216  945.5798293
 955.602537   965.6252447  975.64795239 985.67066009 995.69336779]
d_y_fitting=[0.64327485 2.2457988  3.41563026 4.21290244 4.69774855 4.9303018
 4.97073447 4.88011754 4.72042066 4.55365258 4.43881713 4.39531801
 4.41460373 4.48753575 4.60497553 4.75778452 4.93682418 5.13295597
 5.33704134 5.53994175 5.73256821 5.9091036  6.06898207 6.21211116
 6.33839841 6.44775136 6.54007757 6.61528457 6.6732799  6.71397111
 6.73731362 6.74395309 6.73505361 6.71179188 6.67534458 6.62688842
 6.56760009 6.49865628 6.42123368 6.336509   6.24565881 6.14977997
 6.04974906 5.94640495 5.84058651 5.73313259 5.62488206 5.51667379
 5.40934663 5.30373946 5.20069114 5.10104053 5.0056265  4.91528791
 4.83086362 4.7531925  4.68311342 4.62146523 4.56908681 4.52681701
 4.4954877  4.47525141 4.46502318 4.46358671 4.46972568 4.48222375
 4.49986463 4.52143198 4.54570948 4.57148083 4.59752969 4.62263976
 4.64559471 4.66517822 4.68017397 4.68936564 4.69153693 4.68547149
 4.66995303 4.64376521 4.60569323 4.5546106  4.48952687 4.40946315
 4.31344056 4.20048021 4.06960323 3.91983074 3.75018385 3.55968368
 3.34735135 3.11220797 2.85327467 2.56957257 2.26012278 1.92394642
 1.56006461 1.16749847 0.74526911 0.29239766]