
p_x=[3.4453057708871664, 21.53316106804479, 96.46856158484066, 268.73385012919897, 432.3858742463393, 602.928509905254, 803.6175710594315, 994.8320413436692]
p_y=[-0.117647058823529, 2.3529411764705888, 6.117647058823529, 4.470588235294118, 4.0, 4.823529411764706, 4.352941176470589, 0.35294117647058876]
a_x=[2.5839793281653747, 18.08785529715762, 70.62876830318692, 157.62273901808786, 344.53057708871665, 592.5925925925926, 811.3695090439277, 995.693367786391]
a_y=[0.4093567251461998, 2.8654970760233924, 4.736842105263158, 3.8011695906432754, 3.5672514619883042, 4.853801169590644, 4.152046783625732, 0.29239766081871466]
d_x=[2.5839793281653747, 31.007751937984494, 120.58570198105082, 249.78466838931956, 598.6218776916451, 819.1214470284239, 993.9707149009474]
d_y=[0.4093567251461998, 3.333333333333334, 4.736842105263158, 4.853801169590644, 4.152046783625732, 4.035087719298246, 0.6432748538011701]
p_x_fitting=[  3.44530577  13.4593132   23.47332063  33.48732806  43.50133549
  53.51534292  63.52935035  73.54335778  83.55736521  93.57137264
 103.58538007 113.5993875  123.61339493 133.62740236 143.64140979
 153.65541722 163.66942465 173.68343208 183.69743951 193.71144694
 203.72545437 213.7394618  223.75346923 233.76747666 243.78148409
 253.79549152 263.80949895 273.82350638 283.83751381 293.85152124
 303.86552867 313.8795361  323.89354353 333.90755096 343.92155839
 353.93556582 363.94957325 373.96358068 383.97758811 393.99159554
 404.00560297 414.0196104  424.03361783 434.04762526 444.06163269
 454.07564012 464.08964755 474.10365498 484.11766241 494.13166984
 504.14567727 514.1596847  524.17369213 534.18769956 544.20170699
 554.21571442 564.22972185 574.24372928 584.25773671 594.27174414
 604.28575157 614.299759   624.31376643 634.32777386 644.34178129
 654.35578872 664.36979615 674.38380358 684.39781101 694.41181844
 704.42582587 714.4398333  724.45384073 734.46784816 744.48185559
 754.49586302 764.50987045 774.52387788 784.53788531 794.55189274
 804.56590017 814.5799076  824.59391503 834.60792246 844.62192989
 854.63593732 864.64994475 874.66395218 884.67795961 894.69196704
 904.70597447 914.7199819  924.73398933 934.74799676 944.76200419
 954.77601162 964.79001905 974.80402648 984.81803391 994.83204134]
p_y_fitting=[-0.11764706  1.35377117  2.56979933  3.55608832  4.33828901  4.9420523
  5.39302905  5.71687016  5.93922651  6.08574897  6.18075808  6.23534139
  6.25300199  6.23715321  6.19120838  6.11858082  6.02268386  5.90693084
  5.77473509  5.62950992  5.47466868  5.31362469  5.14979128  4.98658178
  4.82740952  4.67568783  4.53483003  4.40815888  4.2969924   4.20068657
  4.11851535  4.04975268  3.99367253  3.94954883  3.91665555  3.89426663
  3.88165602  3.87809769  3.88286557  3.89523363  3.9144758   3.93986606
  3.97067834  4.00618678  4.04572859  4.08879593  4.13490431  4.18356925
  4.23430624  4.28663081  4.34005846  4.39410471  4.44828508  4.50211506
  4.55511018  4.60678594  4.65665786  4.70424145  4.74905222  4.79060568
  4.82841744  4.86205484  4.89122394  4.91565377  4.93507337  4.94921178
  4.95779804  4.96056118  4.95723024  4.94753427  4.9312023   4.90796336
  4.8775465   4.83968076  4.79409517  4.74051876  4.67868059  4.60830968
  4.52913507  4.44088581  4.34329093  4.23607947  4.11898046  3.99172295
  3.85403597  3.70564856  3.54628977  3.37568862  3.19357415  2.99967541
  2.79372143  2.57544125  2.34456391  2.10081844  1.84393389  1.57363929
  1.28966368  0.9917361   0.67958559  0.35294118]
a_x_fitting=[  2.58397933  12.61538729  22.64679526  32.67820322  42.70961119
  52.74101915  62.77242711  72.80383508  82.83524304  92.86665101
 102.89805897 112.92946693 122.9608749  132.99228286 143.02369083
 153.05509879 163.08650676 173.11791472 183.14932268 193.18073065
 203.21213861 213.24354658 223.27495454 233.30636251 243.33777047
 253.36917843 263.4005864  273.43199436 283.46340233 293.49481029
 303.52621825 313.55762622 323.58903418 333.62044215 343.65185011
 353.68325808 363.71466604 373.746074   383.77748197 393.80888993
 403.8402979  413.87170586 423.90311383 433.93452179 443.96592975
 453.99733772 464.02874568 474.06015365 484.09156161 494.12296958
 504.15437754 514.1857855  524.21719347 534.24860143 544.2800094
 554.31141736 564.34282532 574.37423329 584.40564125 594.43704922
 604.46845718 614.49986515 624.53127311 634.56268107 644.59408904
 654.625497   664.65690497 674.68831293 684.7197209  694.75112886
 704.78253682 714.81394479 724.84535275 734.87676072 744.90816868
 754.93957665 764.97098461 775.00239257 785.03380054 795.0652085
 805.09661647 815.12802443 825.15943239 835.19084036 845.22224832
 855.25365629 865.28506425 875.31647222 885.34788018 895.37928814
 905.41069611 915.44210407 925.47351204 935.50492    945.53632797
 955.56773593 965.59914389 975.63055186 985.66195982 995.69336779]
a_y_fitting=[0.40935673 2.14324229 3.3597847  4.14575247 4.58791411 4.77303811
 4.78789297 4.71910517 4.62876407 4.52672697 4.41615764 4.30021986
 4.18207741 4.06489406 3.95183359 3.84605976 3.75063844 3.6667935
 3.59410961 3.53211418 3.48033463 3.43829841 3.40553294 3.38156565
 3.36592396 3.3581353  3.35772711 3.3642268  3.37716182 3.39605958
 3.42044752 3.44985306 3.48380363 3.52182666 3.56344958 3.60822279
 3.65581636 3.7059392  3.75830022 3.81260835 3.86857251 3.92590162
 3.9843046  4.04349038 4.10316788 4.16304602 4.22283373 4.28223992
 4.34097352 4.39874345 4.45525863 4.51022799 4.56336044 4.61436492
 4.66295033 4.70882561 4.75169968 4.79128145 4.82727986 4.85940389
 4.8873793  4.9109711  4.92994984 4.9440861  4.95315043 4.9569134
 4.95514559 4.94761756 4.93409988 4.91436311 4.88817782 4.85531458
 4.81554395 4.76863651 4.71436282 4.65249344 4.58279894 4.5050499
 4.41901687 4.32447043 4.22118114 4.10891957 3.98745629 3.85656185
 3.71600684 3.56556182 3.40499734 3.23408399 3.05259233 2.86029293
 2.65695634 2.44235315 2.21625391 1.97842919 1.72864957 1.46668561
 1.19230786 0.90528691 0.60539332 0.29239766]
d_x_fitting=[  2.58397933  12.59798676  22.61199419  32.62600162  42.64000905
  52.65401648  62.66802391  72.68203134  82.69603877  92.7100462
 102.72405363 112.73806106 122.75206849 132.76607592 142.78008335
 152.79409078 162.80809821 172.82210564 182.83611307 192.8501205
 202.86412793 212.87813536 222.89214279 232.90615022 242.92015765
 252.93416508 262.94817251 272.96217994 282.97618737 292.9901948
 303.00420223 313.01820966 323.03221709 333.04622452 343.06023195
 353.07423938 363.08824681 373.10225424 383.11626167 393.1302691
 403.14427653 413.15828396 423.17229139 433.18629882 443.20030625
 453.21431368 463.22832111 473.24232854 483.25633597 493.2703434
 503.28435083 513.29835826 523.31236569 533.32637312 543.34038055
 553.35438798 563.36839541 573.38240284 583.39641027 593.4104177
 603.42442513 613.43843256 623.45243999 633.46644742 643.48045485
 653.49446228 663.50846971 673.52247714 683.53648457 693.550492
 703.56449943 713.57850686 723.59251429 733.60652172 743.62052915
 753.63453658 763.64854401 773.66255144 783.67655887 793.6905663
 803.70457373 813.71858116 823.73258859 833.74659602 843.76060345
 853.77461088 863.78861831 873.80262574 883.81663317 893.8306406
 903.84464803 913.85865546 923.87266289 933.88667032 943.90067775
 953.91468518 963.92869261 973.94270004 983.95670747 993.9707149 ]
d_y_fitting=[0.40935673 1.65727288 2.66138402 3.44636515 4.03689126 4.45763732
 4.73327834 4.88848929 4.94794517 4.93632097 4.87829167 4.79853227
 4.72167233 4.66445058 4.62678546 4.60643647 4.60116309 4.60872482
 4.62688115 4.65339157 4.68601557 4.72251263 4.76064226 4.79816394
 4.83283717 4.86243475 4.88564933 4.90267298 4.91383576 4.91946774
 4.919899   4.91545959 4.9064796  4.89328909 4.87621813 4.8555968
 4.83175515 4.80502326 4.7757312  4.74420904 4.71078684 4.67579469
 4.63956264 4.60242076 4.56469914 4.52672783 4.4888369  4.45135643
 4.41461648 4.37894712 4.34467843 4.31214047 4.28166332 4.25357703
 4.22821168 4.20589735 4.1869641  4.17174199 4.16056111 4.15375151
 4.15162425 4.15400788 4.16022206 4.16956215 4.1813235  4.19480146
 4.2092914  4.22408867 4.23848861 4.2517866  4.26327797 4.2722581
 4.27802232 4.27986601 4.27708451 4.26897317 4.25482736 4.23394243
 4.20561373 4.16913661 4.12380645 4.06891858 4.00376836 3.92765115
 3.83986231 3.73969719 3.62645114 3.49941952 3.35789769 3.20118099
 3.02856479 2.83934444 2.6328153  2.40827271 2.16501204 1.90232864
 1.61951787 1.31587508 0.99069562 0.64327485]