
p_x=[1.7226528854435832, 129.19896640826872, 298.88027562446166, 527.1317829457365, 615.8484065460809, 758.8285960378984, 883.7209302325582, 998.2773471145564]
p_y=[0.0, 2.0, 1.5294117647058822, 1.6470588235294112, 3.764705882352941, 4.117647058823529, 3.1764705882352935, 0.117647058823529]
a_x=[0.8613264427217916, 122.3083548664944, 294.57364341085275, 518.5185185185185, 620.1550387596899, 755.3832902670113, 886.3049095607234, 999.1386735572783]
a_y=[-0.058479532163742576, 2.0467836257309946, 1.9298245614035086, 1.9298245614035086, 3.450292397660819, 5.7894736842105265, 5.2046783625731, 0.7602339181286553]
d_x=[0.0, 115.41774332472008, 289.40568475452193, 510.76658053402235, 619.2937123169681, 749.3540051679587, 882.8596037898363, 998.2773471145564]
d_y=[0.1754385964912295, 2.514619883040936, 2.7485380116959064, 2.6315789473684212, 3.6842105263157894, 5.906432748538012, 5.43859649122807, 0.9941520467836256]
p_x_fitting=[  1.72265289  11.78886192  21.85507095  31.92127998  41.98748902
  52.05369805  62.11990708  72.18611611  82.25232515  92.31853418
 102.38474321 112.45095224 122.51716128 132.58337031 142.64957934
 152.71578837 162.78199741 172.84820644 182.91441547 192.98062451
 203.04683354 213.11304257 223.1792516  233.24546064 243.31166967
 253.3778787  263.44408773 273.51029677 283.5765058  293.64271483
 303.70892386 313.7751329  323.84134193 333.90755096 343.97375999
 354.03996903 364.10617806 374.17238709 384.23859612 394.30480516
 404.37101419 414.43722322 424.50343226 434.56964129 444.63585032
 454.70205935 464.76826839 474.83447742 484.90068645 494.96689548
 505.03310452 515.09931355 525.16552258 535.23173161 545.29794065
 555.36414968 565.43035871 575.49656774 585.56277678 595.62898581
 605.69519484 615.76140388 625.82761291 635.89382194 645.96003097
 656.02624001 666.09244904 676.15865807 686.2248671  696.29107614
 706.35728517 716.4234942  726.48970323 736.55591227 746.6221213
 756.68833033 766.75453936 776.8207484  786.88695743 796.95316646
 807.01937549 817.08558453 827.15179356 837.21800259 847.28421163
 857.35042066 867.41662969 877.48283872 887.54904776 897.61525679
 907.68146582 917.74767485 927.81388389 937.88009292 947.94630195
 958.01251098 968.07872002 978.14492905 988.21113808 998.27734711]
p_y_fitting=[0.         0.26692581 0.51288195 0.7385099  0.94445113 1.1313471
 1.29983929 1.45056916 1.58417819 1.70130784 1.80259959 1.8886949
 1.96023525 2.01786211 2.06221694 2.09394121 2.1136764  2.12206398
 2.11974541 2.10736216 2.08555571 2.05496753 2.01623908 1.97001183
 1.91692727 1.85762684 1.79275203 1.72294431 1.64884514 1.571096
 1.49035152 1.40760044 1.32418371 1.24145912 1.16078445 1.08351748
 1.01101599 0.94463777 0.88574061 0.83568227 0.79582055 0.76751322
 0.75211808 0.7509929  0.76549546 0.79698355 0.84681495 0.91634744
 1.00693881 1.11994683 1.2567293  1.41864398 1.60704868 1.82257169
 2.06053019 2.31389185 2.5756139  2.83865357 3.0959681  3.34051472
 3.56525067 3.76313318 3.9286697  4.06273142 4.16782228 4.24644622
 4.30110715 4.334309   4.34855572 4.34635121 4.33019943 4.30260428
 4.26606972 4.22309965 4.17619802 4.12786874 4.08029182 4.03315359
 3.98498264 3.93430117 3.87963137 3.81949545 3.75241559 3.67691401
 3.59151289 3.49473445 3.38510086 3.26113434 3.12135707 2.96429127
 2.78845912 2.59238283 2.37458459 2.1335866  1.86791107 1.57608018
 1.25661613 0.90804113 0.52887738 0.11764706]
a_x_fitting=[8.61326443e-01 1.09449360e+01 2.10285456e+01 3.11121551e+01
 4.11957647e+01 5.12793743e+01 6.13629838e+01 7.14465934e+01
 8.15302030e+01 9.16138125e+01 1.01697422e+02 1.11781032e+02
 1.21864641e+02 1.31948251e+02 1.42031860e+02 1.52115470e+02
 1.62199080e+02 1.72282689e+02 1.82366299e+02 1.92449908e+02
 2.02533518e+02 2.12617127e+02 2.22700737e+02 2.32784346e+02
 2.42867956e+02 2.52951566e+02 2.63035175e+02 2.73118785e+02
 2.83202394e+02 2.93286004e+02 3.03369613e+02 3.13453223e+02
 3.23536833e+02 3.33620442e+02 3.43704052e+02 3.53787661e+02
 3.63871271e+02 3.73954880e+02 3.84038490e+02 3.94122100e+02
 4.04205709e+02 4.14289319e+02 4.24372928e+02 4.34456538e+02
 4.44540147e+02 4.54623757e+02 4.64707367e+02 4.74790976e+02
 4.84874586e+02 4.94958195e+02 5.05041805e+02 5.15125414e+02
 5.25209024e+02 5.35292633e+02 5.45376243e+02 5.55459853e+02
 5.65543462e+02 5.75627072e+02 5.85710681e+02 5.95794291e+02
 6.05877900e+02 6.15961510e+02 6.26045120e+02 6.36128729e+02
 6.46212339e+02 6.56295948e+02 6.66379558e+02 6.76463167e+02
 6.86546777e+02 6.96630387e+02 7.06713996e+02 7.16797606e+02
 7.26881215e+02 7.36964825e+02 7.47048434e+02 7.57132044e+02
 7.67215654e+02 7.77299263e+02 7.87382873e+02 7.97466482e+02
 8.07550092e+02 8.17633701e+02 8.27717311e+02 8.37800920e+02
 8.47884530e+02 8.57968140e+02 8.68051749e+02 8.78135359e+02
 8.88218968e+02 8.98302578e+02 9.08386187e+02 9.18469797e+02
 9.28553407e+02 9.38637016e+02 9.48720626e+02 9.58804235e+02
 9.68887845e+02 9.78971454e+02 9.89055064e+02 9.99138674e+02]
a_y_fitting=[-0.05847953  0.22641035  0.48869765  0.72917852  0.94864914  1.14790568
  1.32774429  1.48896115  1.63235242  1.75871427  1.86884287  1.96353438
  2.04358496  2.10979079  2.16294804  2.20385286  2.23330142  2.2520899
  2.26101445  2.26087125  2.25245646  2.23656625  2.21399678  2.18554422
  2.15200474  2.1141745   2.07284967  2.02882642  1.98290091  1.93586931
  1.88850654  1.84146246  1.79534129  1.7507472   1.70828432  1.66855684
  1.6321689   1.59972466  1.57182828  1.54908392  1.53209573  1.52146788
  1.51780452  1.52170982  1.53378792  1.55464299  1.58487918  1.62510066
  1.67591158  1.7379161   1.81171837  1.89792256  1.99706679  2.10891259
  2.23271623  2.36772535  2.51318761  2.66835065  2.83246214  3.00476971
  3.18452103  3.37096373  3.56330925  3.76019134  3.95978014  4.16023269
  4.35970606  4.55635729  4.74834345  4.93382159  5.11094876  5.27788202
  5.43277842  5.57379502  5.69908888  5.80681794  5.89541444  5.96397016
  6.01167401  6.03771491  6.04128177  6.02156349  5.97774898  5.90902716
  5.81458694  5.69361722  5.54530691  5.36884493  5.16342019  4.9282216
  4.66243806  4.36525848  4.03587179  3.67346688  3.27723267  2.84635806
  2.38003197  1.87744331  1.33778099  0.76023392]
d_x_fitting=[  0.          10.08360957  20.16721913  30.2508287   40.33443827
  50.41804783  60.5016574   70.58526697  80.66887653  90.7524861
 100.83609567 110.91970523 121.0033148  131.08692437 141.17053394
 151.2541435  161.33775307 171.42136264 181.5049722  191.58858177
 201.67219134 211.7558009  221.83941047 231.92302004 242.0066296
 252.09023917 262.17384874 272.2574583  282.34106787 292.42467744
 302.508287   312.59189657 322.67550614 332.7591157  342.84272527
 352.92633484 363.00994441 373.09355397 383.17716354 393.26077311
 403.34438267 413.42799224 423.51160181 433.59521137 443.67882094
 453.76243051 463.84604007 473.92964964 484.01325921 494.09686877
 504.18047834 514.26408791 524.34769747 534.43130704 544.51491661
 554.59852617 564.68213574 574.76574531 584.84935488 594.93296444
 605.01657401 615.10018358 625.18379314 635.26740271 645.35101228
 655.43462184 665.51823141 675.60184098 685.68545054 695.76906011
 705.85266968 715.93627924 726.01988881 736.10349838 746.18710794
 756.27071751 766.35432708 776.43793664 786.52154621 796.60515578
 806.68876535 816.77237491 826.85598448 836.93959405 847.02320361
 857.10681318 867.19042275 877.27403231 887.35764188 897.44125145
 907.52486101 917.60847058 927.69208015 937.77568971 947.85929928
 957.94290885 968.02651841 978.11012798 988.19373755 998.27734711]
d_y_fitting=[0.1754386  0.49042639 0.78154625 1.04965192 1.29559718 1.52023578
 1.72442147 1.90900804 2.07484923 2.2227988  2.35371052 2.46843815
 2.56783546 2.65275619 2.72405411 2.78258299 2.82919659 2.86474866
 2.89009297 2.90608328 2.91357334 2.91341693 2.90646781 2.89357972
 2.87560644 2.85340173 2.82781935 2.79971305 2.76993661 2.7393415
 2.7086025  2.6780943  2.6481625  2.61915268 2.59141043 2.56528132
 2.54111095 2.5192449  2.50002874 2.48380808 2.47092848 2.46173555
 2.45657485 2.45579198 2.45973251 2.46874204 2.48316615 2.50335042
 2.52964044 2.56238179 2.60192006 2.64860216 2.7028475  2.76518393
 2.83614813 2.91627682 3.0061067  3.10617447 3.21701683 3.33917049
 3.47317215 3.61955851 3.7787638  3.94958815 4.12952019 4.31601154
 4.50651384 4.69847873 4.88935784 5.0766028  5.25766526 5.42999684
 5.59104918 5.73827392 5.86912268 5.98114644 6.07297371 6.14389322
 6.19320323 6.22020202 6.22418784 6.20445898 6.16031369 6.09105025
 5.99596692 5.87436196 5.72553365 5.54878026 5.34340004 5.10869127
 4.84395222 4.54848115 4.22157633 3.86253603 3.47065851 3.04524204
 2.5855849  2.09098534 1.56074163 0.99415205]