
p_x=[4.3066322136089585, 39.621016365202415, 96.46856158484066, 193.79844961240312, 401.3781223083548, 610.6804478897502, 806.2015503875969, 904.3927648578812, 996.5546942291128]
p_y=[0.35294117647058876, 2.9411764705882346, 3.647058823529412, 4.0, 5.176470588235294, 5.882352941176471, 5.529411764705882, 3.764705882352941, 0.23529411764705976]
a_x=[1.7226528854435832, 40.482342807924205, 102.4978466838932, 198.10508182601205, 283.3763996554694, 574.5047372954349, 633.0749354005169, 802.7562446167096, 906.1154177433248, 995.693367786391]
a_y=[0.29239766081871466, 3.9181286549707606, 4.619883040935672, 4.853801169590644, 5.321637426900585, 5.906432748538012, 5.672514619883041, 5.672514619883041, 4.619883040935672, 0.4093567251461998]
d_x=[2.5839793281653747, 47.37295434969854, 105.94315245478036, 191.2144702842377, 391.04220499569334, 597.7605512489233, 796.7269595176572, 900.0861326442722, 994.8320413436692]
d_y=[0.526315789473685, 3.9181286549707606, 4.970760233918129, 4.385964912280702, 5.2046783625731, 6.842105263157895, 5.7894736842105265, 4.035087719298246, 0.526315789473685]
p_x_fitting=[  4.30663221  14.32933991  24.35204761  34.3747553   44.397463
  54.4201707   64.4428784   74.46558609  84.48829379  94.51100149
 104.53370918 114.55641688 124.57912458 134.60183228 144.62453997
 154.64724767 164.66995537 174.69266306 184.71537076 194.73807846
 204.76078616 214.78349385 224.80620155 234.82890925 244.85161694
 254.87432464 264.89703234 274.91974004 284.94244773 294.96515543
 304.98786313 315.01057082 325.03327852 335.05598622 345.07869392
 355.10140161 365.12410931 375.14681701 385.1695247  395.1922324
 405.2149401  415.2376478  425.26035549 435.28306319 445.30577089
 455.32847858 465.35118628 475.37389398 485.39660168 495.41930937
 505.44201707 515.46472477 525.48743246 535.51014016 545.53284786
 555.55555556 565.57826325 575.60097095 585.62367865 595.64638634
 605.66909404 615.69180174 625.71450944 635.73721713 645.75992483
 655.78263253 665.80534022 675.82804792 685.85075562 695.87346332
 705.89617101 715.91887871 725.94158641 735.9642941  745.9870018
 756.0097095  766.0324172  776.05512489 786.07783259 796.10054029
 806.12324798 816.14595568 826.16866338 836.19137108 846.21407877
 856.23678647 866.25949417 876.28220186 886.30490956 896.32761726
 906.35032495 916.37303265 926.39574035 936.41844805 946.44115574
 956.46386344 966.48657114 976.50927883 986.53198653 996.55469423]
p_y_fitting=[0.35294118 1.3547717  2.13007839 2.70782194 3.11696309 3.38646254
 3.54528101 3.6223792  3.64671783 3.64725762 3.65035566 3.66341363
 3.68544837 3.7154395  3.75236663 3.79520936 3.84294732 3.8945601
 3.94902733 4.00532874 4.06263738 4.12071138 4.17941913 4.23862901
 4.29820939 4.35802866 4.41795519 4.47785737 4.53760357 4.59706218
 4.65610157 4.71459013 4.77239623 4.82938825 4.88543458 4.94040359
 4.99416366 5.04658318 5.09753052 5.14687406 5.1944841  5.24031382
 5.28442904 5.32690362 5.36781142 5.40722632 5.44522219 5.48187288
 5.51725228 5.55143424 5.58449264 5.61650134 5.64753422 5.67766513
 5.70696794 5.73551653 5.76338476 5.7906465  5.81737562 5.84364598
 5.86953145 5.8950909  5.92003813 5.94374186 5.96555583 5.98483376
 6.00092939 6.01319644 6.02098864 6.02365971 6.0205634  6.01105343
 5.99448352 5.9702074  5.93757881 5.89595147 5.84467912 5.78311547
 5.71061426 5.62652922 5.53021408 5.4209824  5.2979833  5.16032381
 5.00711096 4.83745178 4.65045329 4.44522252 4.22086651 3.97649228
 3.71120685 3.42411726 3.11433054 2.78095371 2.42309381 2.03985785
 1.63035288 1.19368591 0.72896398 0.23529412]
a_x_fitting=[  1.72265289  11.76276112  21.80286935  31.84297758  41.88308581
  51.92319404  61.96330227  72.0034105   82.04351874  92.08362697
 102.1237352  112.16384343 122.20395166 132.24405989 142.28416812
 152.32427636 162.36438459 172.40449282 182.44460105 192.48470928
 202.52481751 212.56492574 222.60503397 232.64514221 242.68525044
 252.72535867 262.7654669  272.80557513 282.84568336 292.88579159
 302.92589983 312.96600806 323.00611629 333.04622452 343.08633275
 353.12644098 363.16654921 373.20665744 383.24676568 393.28687391
 403.32698214 413.36709037 423.4071986  433.44730683 443.48741506
 453.52752329 463.56763153 473.60773976 483.64784799 493.68795622
 503.72806445 513.76817268 523.80828091 533.84838915 543.88849738
 553.92860561 563.96871384 574.00882207 584.0489303  594.08903853
 604.12914676 614.169255   624.20936323 634.24947146 644.28957969
 654.32968792 664.36979615 674.40990438 684.45001262 694.49012085
 704.53022908 714.57033731 724.61044554 734.65055377 744.690662
 754.73077023 764.77087847 774.8109867  784.85109493 794.89120316
 804.93131139 814.97141962 825.01152785 835.05163609 845.09174432
 855.13185255 865.17196078 875.21206901 885.25217724 895.29228547
 905.3323937  915.37250194 925.41261017 935.4527184  945.49282663
 955.53293486 965.57304309 975.61315132 985.65325956 995.69336779]
a_y_fitting=[0.29239766 1.61444042 2.64755811 3.42600246 3.98402524 4.35587819
 4.57581305 4.67808158 4.69693553 4.66662665 4.62140667 4.59010782
 4.57731807 4.5808486  4.59851033 4.62811413 4.66747091 4.71439156
 4.76668696 4.82216801 4.87867613 4.93499974 4.99103424 5.04673784
 5.10206875 5.15698515 5.21144525 5.26540726 5.31882937 5.37165098
 5.42372326 5.47487156 5.52492125 5.57369767 5.62102618 5.66673212
 5.71064085 5.75257772 5.79236808 5.82983728 5.86481067 5.89711361
 5.92657144 5.95300953 5.97625321 5.99612784 6.01245878 6.02507137
 6.03379096 6.03844291 6.03885257 6.03484529 6.02624643 6.01288132
 5.99457533 5.97115381 5.9424421  5.90826557 5.86881841 5.82600627
 5.7822308  5.73989372 5.70139672 5.66914064 5.64477026 5.62779249
 5.61733898 5.61254138 5.61253134 5.61644053 5.6234006  5.6325432
 5.64299999 5.65390262 5.66438275 5.67357203 5.68060212 5.68460467
 5.68471134 5.68005378 5.66975958 5.65225192 5.62445375 5.58309563
 5.52490813 5.44662182 5.34496727 5.21667504 5.05847571 4.86709985
 4.63927801 4.37174078 4.06121871 3.70444238 3.29814236 2.83904921
 2.32389351 1.74940581 1.11231669 0.40935673]
d_x_fitting=[  2.58397933  12.60668703  22.62939472  32.65210242  42.67481012
  52.69751781  62.72022551  72.74293321  82.76564091  92.7883486
 102.8110563  112.833764   122.85647169 132.87917939 142.90188709
 152.92459479 162.94730248 172.97001018 182.99271788 193.01542557
 203.03813327 213.06084097 223.08354866 233.10625636 243.12896406
 253.15167176 263.17437945 273.19708715 283.21979485 293.24250254
 303.26521024 313.28791794 323.31062564 333.33333333 343.35604103
 353.37874873 363.40145642 373.42416412 383.44687182 393.46957952
 403.49228721 413.51499491 423.53770261 433.5604103  443.583118
 453.6058257  463.6285334  473.65124109 483.67394879 493.69665649
 503.71936418 513.74207188 523.76477958 533.78748728 543.81019497
 553.83290267 563.85561037 573.87831806 583.90102576 593.92373346
 603.94644116 613.96914885 623.99185655 634.01456425 644.03727194
 654.05997964 664.08268734 674.10539504 684.12810273 694.15081043
 704.17351813 714.19622582 724.21893352 734.24164122 744.26434892
 754.28705661 764.30976431 774.33247201 784.3551797  794.3778874
 804.4005951  814.4233028  824.44601049 834.46871819 844.49142589
 854.51413358 864.53684128 874.55954898 884.58225668 894.60496437
 904.62767207 914.65037977 924.67308746 934.69579516 944.71850286
 954.74121056 964.76391825 974.78662595 984.80933365 994.83204134]
d_y_fitting=[0.52631579 1.55973863 2.42275719 3.13017562 3.69679805 4.13742864
 4.46687152 4.69993084 4.85141075 4.93611539 4.9688489  4.96392296
 4.93033649 4.87384685 4.80016517 4.71500257 4.62407017 4.53307909
 4.44774047 4.37375916 4.3150977  4.27160234 4.2425251  4.22711802
 4.22463311 4.23432241 4.25543794 4.28723172 4.32895578 4.37986215
 4.43920286 4.50622992 4.58019536 4.66035122 4.74594951 4.83624227
 4.93048151 5.02791926 5.12780756 5.22939905 5.33202844 5.43519328
 5.53841034 5.64119634 5.74306806 5.84354223 5.94213561 6.03836495
 6.13174699 6.2217985  6.30803622 6.38997689 6.46713728 6.53903413
 6.6051842  6.66510423 6.71831097 6.76432118 6.8026516  6.83281899
 6.85436622 6.86720166 6.87150259 6.8674525  6.85523492 6.83503333
 6.80703124 6.77141216 6.72835959 6.67805704 6.62068801 6.55643601
 6.48548454 6.40801711 6.32421721 6.23426836 6.13835407 6.03665782
 5.92936314 5.81665352 5.69858568 5.57416846 5.4418939  5.30025041
 5.14772639 4.98281024 4.80399036 4.60975515 4.39859302 4.16899238
 3.91944161 3.64842913 3.35444333 3.03597263 2.69150541 2.31953009
 1.91853507 1.48700874 1.02343951 0.52631579]