
p_x=[2.5839793281653747, 46.51162790697674, 101.63652024117141, 186.04651162790697, 397.0714900947459, 600.3445305770887, 793.2816537467701, 899.2248062015505, 994.8320413436692]
p_y=[0.0, 3.1764705882352935, 3.764705882352941, 3.4117647058823533, 3.764705882352941, 4.117647058823529, 4.0, 2.8235294117647056, 0.35294117647058876]
a_x=[3.4453057708871664, 23.25581395348837, 48.23428079242033, 84.40999138673558, 175.71059431524546, 336.77863910422053, 593.4539190353145, 798.4496124031008, 897.5021533161068, 996.5546942291128]
a_y=[0.1754385964912295, 3.450292397660819, 4.502923976608187, 4.853801169590644, 4.385964912280702, 4.619883040935672, 3.450292397660819, 3.5672514619883042, 2.514619883040936, 0.058479532163742576]
d_x=[1.7226528854435832, 32.73040482342808, 97.32988802756245, 196.38242894056847, 397.9328165374677, 595.176571920758, 793.2816537467701, 900.0861326442722, 997.4160206718346]
d_y=[0.29239766081871466, 3.0994152046783627, 4.385964912280702, 4.853801169590644, 4.853801169590644, 4.502923976608187, 3.9181286549707606, 3.2163742690058488, 0.526315789473685]
p_x_fitting=[  2.58397933  12.60668703  22.62939472  32.65210242  42.67481012
  52.69751781  62.72022551  72.74293321  82.76564091  92.7883486
 102.8110563  112.833764   122.85647169 132.87917939 142.90188709
 152.92459479 162.94730248 172.97001018 182.99271788 193.01542557
 203.03813327 213.06084097 223.08354866 233.10625636 243.12896406
 253.15167176 263.17437945 273.19708715 283.21979485 293.24250254
 303.26521024 313.28791794 323.31062564 333.33333333 343.35604103
 353.37874873 363.40145642 373.42416412 383.44687182 393.46957952
 403.49228721 413.51499491 423.53770261 433.5604103  443.583118
 453.6058257  463.6285334  473.65124109 483.67394879 493.69665649
 503.71936418 513.74207188 523.76477958 533.78748728 543.81019497
 553.83290267 563.85561037 573.87831806 583.90102576 593.92373346
 603.94644116 613.96914885 623.99185655 634.01456425 644.03727194
 654.05997964 664.08268734 674.10539504 684.12810273 694.15081043
 704.17351813 714.19622582 724.21893352 734.24164122 744.26434892
 754.28705661 764.30976431 774.33247201 784.3551797  794.3778874
 804.4005951  814.4233028  824.44601049 834.46871819 844.49142589
 854.51413358 864.53684128 874.55954898 884.58225668 894.60496437
 904.62767207 914.65037977 924.67308746 934.69579516 944.71850286
 954.74121056 964.76391825 974.78662595 984.80933365 994.83204134]
p_y_fitting=[0.         1.05043627 1.89020941 2.5421243  3.02898585 3.37359894
 3.59876846 3.72729929 3.78199634 3.78566449 3.76110303 3.72627506
 3.68547624 3.64060484 3.59355911 3.54623733 3.50053774 3.45835863
 3.42159825 3.39202178 3.36999771 3.3550601  3.34673178 3.34453562
 3.34799446 3.35663115 3.36996854 3.38752948 3.40883681 3.43341339
 3.46078207 3.49046569 3.52198711 3.55486917 3.58863472 3.62280662
 3.65690771 3.69046083 3.72298885 3.75401461 3.78308815 3.81010756
 3.83521158 3.85854374 3.88024759 3.90046665 3.91934448 3.9370246
 3.95365056 3.9693659  3.98431415 3.99863886 4.01248356 4.02599178
 4.03930708 4.05257298 4.06593303 4.07953077 4.09350973 4.10801345
 4.12318076 4.13891468 4.15477714 4.17030343 4.18502886 4.1984887
 4.21021826 4.21975282 4.22662769 4.23037814 4.23053948 4.226647
 4.21823598 4.20484173 4.18599953 4.16124468 4.13011247 4.09213819
 4.04685713 3.99380456 3.93247689 3.8622583  3.7825128  3.69260438
 3.59189706 3.47975483 3.35554171 3.21862168 3.06835877 2.90411697
 2.72526029 2.53115274 2.3211583  2.094641   1.85096484 1.58949381
 1.30959192 1.01062319 0.6919516  0.35294118]
a_x_fitting=[  3.44530577  13.47671374  23.5081217   33.53952966  43.57093763
  53.60234559  63.63375356  73.66516152  83.69656948  93.72797745
 103.75938541 113.79079338 123.82220134 133.85360931 143.88501727
 153.91642523 163.9478332  173.97924116 184.01064913 194.04205709
 204.07346506 214.10487302 224.13628098 234.16768895 244.19909691
 254.23050488 264.26191284 274.2933208  284.32472877 294.35613673
 304.3875447  314.41895266 324.45036063 334.48176859 344.51317655
 354.54458452 364.57599248 374.60740045 384.63880841 394.67021638
 404.70162434 414.7330323  424.76444027 434.79584823 444.8272562
 454.85866416 464.89007213 474.92148009 484.95288805 494.98429602
 505.01570398 515.04711195 525.07851991 535.10992787 545.14133584
 555.1727438  565.20415177 575.23555973 585.2669677  595.29837566
 605.32978362 615.36119159 625.39259955 635.42400752 645.45541548
 655.48682345 665.51823141 675.54963937 685.58104734 695.6124553
 705.64386327 715.67527123 725.7066792  735.73808716 745.76949512
 755.80090309 765.83231105 775.86371902 785.89512698 795.92653494
 805.95794291 815.98935087 826.02075884 836.0521668  846.08357477
 856.11498273 866.14639069 876.17779866 886.20920662 896.24061459
 906.27202255 916.30343052 926.33483848 936.36624644 946.39765441
 956.42906237 966.46047034 976.4918783  986.52328626 996.55469423]
a_y_fitting=[0.1754386  2.23106559 3.47339754 4.12906188 4.42468604 4.58104201
 4.70408684 4.79501917 4.85119883 4.87115453 4.85920591 4.82146277
 4.76403543 4.6930342  4.61456941 4.53475137 4.45969041 4.39549683
 4.34753603 4.31612772 4.29949837 4.29586764 4.30345524 4.32048083
 4.34516412 4.37572478 4.41038249 4.44735695 4.48486784 4.52113485
 4.55437765 4.58281594 4.6046694  4.61815771 4.62169465 4.61526978
 4.59963829 4.57556045 4.54379654 4.50510684 4.46025163 4.40999117
 4.35508575 4.29629565 4.23438113 4.17010247 4.10421996 4.03749386
 3.97068445 3.90455202 3.83985683 3.77735916 3.71781929 3.66199749
 3.61065405 3.56454922 3.52444331 3.49109657 3.46526928 3.44771989
 3.43872416 3.43743098 3.44282866 3.45390556 3.46964999 3.48905031
 3.51109483 3.53477191 3.55906986 3.58297704 3.60548176 3.62557237
 3.64223721 3.6544646  3.66124288 3.66156039 3.65440546 3.63876642
 3.61363162 3.57798938 3.53088019 3.47180073 3.40048355 3.31666317
 3.22007414 3.11045097 2.9875282  2.85104036 2.70072198 2.53630759
 2.35753171 2.16412888 1.95583363 1.73238048 1.49350397 1.23893863
 0.96841899 0.68167957 0.37845491 0.05847953]
d_x_fitting=[  1.72265289  11.78016165  21.83767042  31.89517918  41.95268795
  52.01019671  62.06770548  72.12521424  82.18272301  92.24023178
 102.29774054 112.35524931 122.41275807 132.47026684 142.5277756
 152.58528437 162.64279313 172.7003019  182.75781066 192.81531943
 202.8728282  212.93033696 222.98784573 233.04535449 243.10286326
 253.16037202 263.21788079 273.27538955 283.33289832 293.39040709
 303.44791585 313.50542462 323.56293338 333.62044215 343.67795091
 353.73545968 363.79296844 373.85047721 383.90798598 393.96549474
 404.02300351 414.08051227 424.13802104 434.1955298  444.25303857
 454.31054733 464.3680561  474.42556486 484.48307363 494.5405824
 504.59809116 514.65559993 524.71310869 534.77061746 544.82812622
 554.88563499 564.94314375 575.00065252 585.05816129 595.11567005
 605.17317882 615.23068758 625.28819635 635.34570511 645.40321388
 655.46072264 665.51823141 675.57574018 685.63324894 695.69075771
 705.74826647 715.80577524 725.863284   735.92079277 745.97830153
 756.0358103  766.09331906 776.15082783 786.2083366  796.26584536
 806.32335413 816.38086289 826.43837166 836.49588042 846.55338919
 856.61089795 866.66840672 876.72591549 886.78342425 896.84093302
 906.89844178 916.95595055 927.01345931 937.07096808 947.12847684
 957.18598561 967.24349438 977.30100314 987.35851191 997.41602067]
d_y_fitting=[0.29239766 1.447095   2.3564682  3.05052345 3.55926692 3.91270478
 4.1408432  4.27368837 4.34124645 4.37352362 4.39988968 4.43465314
 4.47682141 4.52471756 4.57666466 4.63098578 4.686004   4.74004238
 4.79142399 4.83847191 4.87960044 4.91437111 4.94312883 4.96623368
 4.98404572 4.99692504 5.0052317  5.00932577 5.00956733 5.00631645
 4.9999332  4.99077765 4.97920988 4.96558995 4.95027794 4.93363392
 4.91601796 4.89779013 4.87931052 4.86093917 4.84301946 4.82564984
 4.80874303 4.79220711 4.77595015 4.75988025 4.74390547 4.72793391
 4.71187365 4.69563276 4.67911933 4.66224143 4.64490716 4.62702458
 4.60850179 4.58924686 4.56916788 4.54817292 4.52617007 4.50306741
 4.4788026  4.45343379 4.42704979 4.39973945 4.37159157 4.34269497
 4.31313849 4.28301095 4.25240116 4.22139794 4.19009014 4.15856655
 4.12691602 4.09522735 4.06358937 4.03209091 4.00082079 3.96986783
 3.93932085 3.90925924 3.87901193 3.84662454 3.81001689 3.76710884
 3.71582022 3.65407087 3.57978065 3.49086938 3.38525692 3.2608631
 3.11560778 2.94741078 2.75419195 2.53387114 2.28436819 2.00360294
 1.68949523 1.33996491 0.95293182 0.52631579]