
p_x=[0.8613264427217916, 105.94315245478036, 211.88630490956072, 395.3488372093023, 593.4539190353145, 995.693367786391]
p_y=[1.2941176470588225, 4.823529411764706, 5.411764705882353, 4.823529411764706, 4.352941176470589, 0.23529411764705976]
a_x=[0.8613264427217916, 27.56244616709733, 101.63652024117141, 220.49956933677865, 287.6830318690784, 351.4211886304909, 392.76485788113695, 439.2764857881137, 500.4306632213609, 590.869939707149, 732.1274763135228, 827.7347114556417, 889.7502153316107, 995.693367786391]
a_y=[1.1111111111111107, 4.385964912280702, 5.087719298245615, 3.8011695906432754, 2.0467836257309946, 0.4093567251461998, 3.6842105263157894, 4.970760233918129, 5.43859649122807, 4.853801169590644, 5.555555555555555, 5.555555555555555, 4.502923976608187, 0.29239766081871466]
d_x=[1.7226528854435832, 42.20499569336779, 110.24978466838932, 200.6890611541774, 403.96210163652023, 593.4539190353145, 799.3109388458226, 994.8320413436692]
d_y=[1.578947368421053, 3.9181286549707606, 4.619883040935672, 5.672514619883041, 4.736842105263158, 5.43859649122807, 4.269005847953217, 0.526315789473685]
p_x_fitting=[8.61326443e-01 1.09101349e+01 2.09589434e+01 3.10077519e+01
 4.10565604e+01 5.11053689e+01 6.11541774e+01 7.12029859e+01
 8.12517944e+01 9.13006029e+01 1.01349411e+02 1.11398220e+02
 1.21447028e+02 1.31495837e+02 1.41544645e+02 1.51593454e+02
 1.61642262e+02 1.71691071e+02 1.81739879e+02 1.91788688e+02
 2.01837496e+02 2.11886305e+02 2.21935113e+02 2.31983922e+02
 2.42032730e+02 2.52081539e+02 2.62130347e+02 2.72179156e+02
 2.82227964e+02 2.92276773e+02 3.02325581e+02 3.12374390e+02
 3.22423198e+02 3.32472007e+02 3.42520815e+02 3.52569624e+02
 3.62618432e+02 3.72667241e+02 3.82716049e+02 3.92764858e+02
 4.02813666e+02 4.12862475e+02 4.22911283e+02 4.32960092e+02
 4.43008900e+02 4.53057709e+02 4.63106517e+02 4.73155326e+02
 4.83204134e+02 4.93252943e+02 5.03301751e+02 5.13350560e+02
 5.23399368e+02 5.33448177e+02 5.43496985e+02 5.53545794e+02
 5.63594602e+02 5.73643411e+02 5.83692219e+02 5.93741028e+02
 6.03789836e+02 6.13838645e+02 6.23887453e+02 6.33936262e+02
 6.43985070e+02 6.54033879e+02 6.64082687e+02 6.74131496e+02
 6.84180304e+02 6.94229113e+02 7.04277921e+02 7.14326730e+02
 7.24375538e+02 7.34424347e+02 7.44473155e+02 7.54521964e+02
 7.64570772e+02 7.74619581e+02 7.84668389e+02 7.94717198e+02
 8.04766006e+02 8.14814815e+02 8.24863623e+02 8.34912432e+02
 8.44961240e+02 8.55010049e+02 8.65058857e+02 8.75107666e+02
 8.85156474e+02 8.95205283e+02 9.05254091e+02 9.15302900e+02
 9.25351708e+02 9.35400517e+02 9.45449325e+02 9.55498134e+02
 9.65546942e+02 9.75595751e+02 9.85644559e+02 9.95693368e+02]
p_y_fitting=[1.29411765 1.82410573 2.3075219  2.74644738 3.14296335 3.49915101
 3.81709158 4.09886625 4.34655622 4.56224269 4.74800687 4.90592995
 5.03809313 5.14657762 5.23346462 5.30083533 5.35077094 5.38535267
 5.40666171 5.41677926 5.41778653 5.41176471 5.40051351 5.38470666
 5.3647364  5.34099497 5.31387461 5.28376754 5.25106601 5.21616226
 5.17944851 5.14131702 5.10216001 5.06236972 5.0223384  4.98245826
 4.94312157 4.90472054 4.86764742 4.83229445 4.79901452 4.76780996
 4.73849898 4.71089816 4.6848241  4.66009338 4.63652259 4.61392832
 4.59212715 4.57093567 4.55017046 4.52964813 4.50918524 4.48859839
 4.46770417 4.44631916 4.42425996 4.40134314 4.3773853  4.35220302
 4.32561289 4.29743149 4.26747542 4.23556127 4.20150561 4.16512503
 4.12623613 4.08465549 4.04019969 3.99268534 3.941929   3.88774727
 3.82995674 3.76837399 3.70281561 3.63309819 3.55903831 3.48045257
 3.39715754 3.30896982 3.215706   3.11718265 3.01321638 2.90362376
 2.78822138 2.66682583 2.5392537  2.40532157 2.26484604 2.11764368
 1.96353109 1.80232485 1.63384155 1.45789778 1.27431013 1.08289517
 0.88346951 0.67584972 0.45985239 0.23529412]
a_x_fitting=[8.61326443e-01 1.09101349e+01 2.09589434e+01 3.10077519e+01
 4.10565604e+01 5.11053689e+01 6.11541774e+01 7.12029859e+01
 8.12517944e+01 9.13006029e+01 1.01349411e+02 1.11398220e+02
 1.21447028e+02 1.31495837e+02 1.41544645e+02 1.51593454e+02
 1.61642262e+02 1.71691071e+02 1.81739879e+02 1.91788688e+02
 2.01837496e+02 2.11886305e+02 2.21935113e+02 2.31983922e+02
 2.42032730e+02 2.52081539e+02 2.62130347e+02 2.72179156e+02
 2.82227964e+02 2.92276773e+02 3.02325581e+02 3.12374390e+02
 3.22423198e+02 3.32472007e+02 3.42520815e+02 3.52569624e+02
 3.62618432e+02 3.72667241e+02 3.82716049e+02 3.92764858e+02
 4.02813666e+02 4.12862475e+02 4.22911283e+02 4.32960092e+02
 4.43008900e+02 4.53057709e+02 4.63106517e+02 4.73155326e+02
 4.83204134e+02 4.93252943e+02 5.03301751e+02 5.13350560e+02
 5.23399368e+02 5.33448177e+02 5.43496985e+02 5.53545794e+02
 5.63594602e+02 5.73643411e+02 5.83692219e+02 5.93741028e+02
 6.03789836e+02 6.13838645e+02 6.23887453e+02 6.33936262e+02
 6.43985070e+02 6.54033879e+02 6.64082687e+02 6.74131496e+02
 6.84180304e+02 6.94229113e+02 7.04277921e+02 7.14326730e+02
 7.24375538e+02 7.34424347e+02 7.44473155e+02 7.54521964e+02
 7.64570772e+02 7.74619581e+02 7.84668389e+02 7.94717198e+02
 8.04766006e+02 8.14814815e+02 8.24863623e+02 8.34912432e+02
 8.44961240e+02 8.55010049e+02 8.65058857e+02 8.75107666e+02
 8.85156474e+02 8.95205283e+02 9.05254091e+02 9.15302900e+02
 9.25351708e+02 9.35400517e+02 9.45449325e+02 9.55498134e+02
 9.65546942e+02 9.75595751e+02 9.85644559e+02 9.95693368e+02]
a_y_fitting=[1.11111111 2.64232168 3.80325127 4.6383389  5.19202353 5.50874418
 5.63293983 5.60904948 5.48151212 5.29476673 5.09325233 4.91397269
 4.76152788 4.6316927  4.5202418  4.4229498  4.33559133 4.25394102
 4.17377351 4.09086342 4.00098539 3.89991404 3.78342111 3.645806
 3.47750463 3.26832694 3.00808283 2.68658222 2.293635   1.82039158
 1.29605221 0.79237051 0.38334479 0.14297337 0.14525455 0.46412874
 1.120087   1.98128756 2.88892916 3.68421053 4.2450353  4.59612669
 4.79891278 4.9148217  5.0046846  5.10167245 5.20021143 5.29183464
 5.3680752  5.42046622 5.44060114 5.4253308  5.38076871 5.31397123
 5.23199472 5.14189553 5.05073003 4.96555458 4.89342554 4.84136244
 4.81317531 4.80701964 4.82047533 4.85112227 4.89654034 4.95430945
 5.02200948 5.09722034 5.1775219  5.26049407 5.34371674 5.42476979
 5.50123313 5.57068817 5.63094594 5.68029064 5.7170648  5.73961095
 5.74627163 5.73538937 5.70530672 5.6543662  5.58091036 5.48336064
 5.36091378 5.21320658 5.03988086 4.84057847 4.61494124 4.36261101
 4.08322962 3.77643889 3.44188067 3.0791968  2.68802911 2.26801944
 1.81880962 1.34004149 0.8313569  0.29239766]
d_x_fitting=[  1.72265289  11.75406085  21.78546881  31.81687678  41.84828474
  51.87969271  61.91110067  71.94250864  81.9739166   92.00532456
 102.03673253 112.06814049 122.09954846 132.13095642 142.16236438
 152.19377235 162.22518031 172.25658828 182.28799624 192.31940421
 202.35081217 212.38222013 222.4136281  232.44503606 242.47644403
 252.50785199 262.53925996 272.57066792 282.60207588 292.63348385
 302.66489181 312.69629978 322.72770774 332.7591157  342.79052367
 352.82193163 362.8533396  372.88474756 382.91615553 392.94756349
 402.97897145 413.01037942 423.04178738 433.07319535 443.10460331
 453.13601128 463.16741924 473.1988272  483.23023517 493.26164313
 503.2930511  513.32445906 523.35586703 533.38727499 543.41868295
 553.45009092 563.48149888 573.51290685 583.54431481 593.57572277
 603.60713074 613.6385387  623.66994667 633.70135463 643.7327626
 653.76417056 663.79557852 673.82698649 683.85839445 693.88980242
 703.92121038 713.95261835 723.98402631 734.01543427 744.04684224
 754.0782502  764.10965817 774.14106613 784.17247409 794.20388206
 804.23529002 814.26669799 824.29810595 834.32951392 844.36092188
 854.39232984 864.42373781 874.45514577 884.48655374 894.5179617
 904.54936967 914.58077763 924.61218559 934.64359356 944.67500152
 954.70640949 964.73781745 974.76922542 984.80063338 994.83204134]
d_y_fitting=[1.57894737 2.39488749 3.04111507 3.53830171 3.90711901 4.16823858
 4.34233204 4.45007097 4.51212699 4.5491717  4.5818767  4.63088643
 4.70943206 4.81330932 4.93580946 5.07022373 5.20984338 5.34795967
 5.47786385 5.59284717 5.68620757 5.75354562 5.79612265 5.81605421
 5.81545585 5.79644312 5.76113156 5.71163672 5.65007415 5.5785594
 5.49920801 5.41413553 5.32545751 5.2352895  5.14574704 5.05894569
 4.97700099 4.90202848 4.83614372 4.78146226 4.74009963 4.713752
 4.70186087 4.70311336 4.71619606 4.73979558 4.77259848 4.81329138
 4.86056085 4.91309348 4.96957588 5.02869462 5.0891363  5.1495875
 5.20873482 5.26526486 5.31786419 5.36521941 5.4060171  5.43894387
 5.46293399 5.47787705 5.48389295 5.48110157 5.46962279 5.44957651
 5.42108259 5.38426094 5.33923144 5.28611396 5.2250284  5.15609465
 5.07943258 4.99516208 4.90340305 4.80427535 4.69789889 4.58439354
 4.46387919 4.33647573 4.20230303 4.06148099 3.9141295  3.76036842
 3.60031767 3.43409711 3.26182663 3.08362612 2.89961546 2.70991454
 2.51464325 2.31392147 2.10786908 1.89660597 1.68025203 1.45892713
 1.23275118 1.00184405 0.76632562 0.52631579]