
p_x=[7.751937984496124, 105.08182601205857, 200.6890611541774, 508.182601205857, 733.8501291989664, 823.4280792420327, 978.4668389319552]
p_y=[-0.117647058823529, 4.352941176470589, 3.5294117647058822, 2.3529411764705888, 1.882352941176471, 1.5294117647058822, 1.2941176470588225]
a_x=[3.4453057708871664, 63.738156761412576, 93.88458225667529, 195.52110249784667, 291.98966408268734, 607.2351421188631, 968.1309216192938]
a_y=[0.29239766081871466, 2.397660818713451, 0.7602339181286553, 1.8128654970760234, 2.8654970760233924, 2.8654970760233924, 1.6959064327485383]
d_x=[3.4453057708871664, 63.738156761412576, 267.01119724375536, 428.9405684754522, 592.5925925925926, 639.1042204995694, 804.4788975021532, 976.7441860465116]
d_y=[0.058479532163742576, 3.450292397660819, 3.2163742690058488, 3.0994152046783627, 5.321637426900585, 3.6842105263157894, 4.152046783625732, 0.6432748538011701]
p_x_fitting=[  7.75193798  17.557139    27.36234002  37.16754104  46.97274206
  56.77794308  66.5831441   76.38834512  86.19354614  95.99874716
 105.80394818 115.6091492  125.41435022 135.21955124 145.02475226
 154.82995328 164.6351543  174.44035532 184.24555634 194.05075736
 203.85595838 213.6611594  223.46636042 233.27156144 243.07676246
 252.88196348 262.6871645  272.49236552 282.29756654 292.10276755
 301.90796857 311.71316959 321.51837061 331.32357163 341.12877265
 350.93397367 360.73917469 370.54437571 380.34957673 390.15477775
 399.95997877 409.76517979 419.57038081 429.37558183 439.18078285
 448.98598387 458.79118489 468.59638591 478.40158693 488.20678795
 498.01198897 507.81718999 517.62239101 527.42759203 537.23279305
 547.03799407 556.84319509 566.64839611 576.45359713 586.25879815
 596.06399916 605.86920018 615.6744012  625.47960222 635.28480324
 645.09000426 654.89520528 664.7004063  674.50560732 684.31080834
 694.11600936 703.92121038 713.7264114  723.53161242 733.33681344
 743.14201446 752.94721548 762.7524165  772.55761752 782.36281854
 792.16801956 801.97322058 811.7784216  821.58362262 831.38882364
 841.19402466 850.99922568 860.8044267  870.60962772 880.41482874
 890.22002975 900.02523077 909.83043179 919.63563281 929.44083383
 939.24603485 949.05123587 958.85643689 968.66163791 978.46683893]
p_y_fitting=[-0.11764706  0.75915774  1.5229412   2.18031828  2.73790392  3.20231309
  3.58016072  3.87806177  4.10263119  4.26048394  4.35823496  4.40249921
  4.39989163  4.35702718  4.28052081  4.17698746  4.0530421   3.91529967
  3.77037512  3.62488341  3.48540012  3.35595325  3.23651114  3.12667964
  3.02606456  2.93427177  2.85090708  2.77557635  2.7078854   2.64744008
  2.59384623  2.54670968  2.50563626  2.47023183  2.44010221  2.41485325
  2.39409077  2.37742063  2.36444865  2.35478068  2.34802255  2.3437801
  2.34165917  2.3412656   2.34220522  2.34408388  2.3465074   2.34908163
  2.35141241  2.35310557  2.35376696  2.3530024   2.35048031  2.346149
  2.340035    2.33216488  2.32256518  2.31126246  2.29828326  2.28365414
  2.26740166  2.24955235  2.23013277  2.20916948  2.18668902  2.16271794
  2.13728281  2.11041016  2.08212655  2.05245854  2.02143266  1.98907548
  1.95541354  1.9204734   1.88428161  1.8469      1.80855558  1.76952367
  1.73007957  1.6904986   1.65105606  1.61202728  1.57368757  1.53631223
  1.50017659  1.46555595  1.43272563  1.40196093  1.37353719  1.34772969
  1.32481377  1.30506472  1.28875787  1.27616853  1.26757201  1.26324362
  1.26345868  1.26849249  1.27862038  1.29411765]
a_x_fitting=[  3.44530577  13.18960492  22.93390407  32.67820322  42.42250237
  52.16680152  61.91110067  71.65539982  81.39969897  91.14399812
 100.88829727 110.63259642 120.37689557 130.12119472 139.86549387
 149.60979302 159.35409217 169.09839132 178.84269047 188.58698962
 198.33128877 208.07558792 217.81988707 227.56418622 237.30848537
 247.05278452 256.79708367 266.54138282 276.28568197 286.02998112
 295.77428027 305.51857942 315.26287857 325.00717772 334.75147687
 344.49577602 354.24007517 363.98437432 373.72867347 383.47297262
 393.21727177 402.96157092 412.70587007 422.45016922 432.19446837
 441.93876752 451.68306667 461.42736582 471.17166497 480.91596412
 490.66026327 500.40456242 510.14886157 519.89316072 529.63745987
 539.38175902 549.12605817 558.87035732 568.61465647 578.35895562
 588.10325477 597.84755392 607.59185307 617.33615222 627.08045137
 636.82475052 646.56904967 656.31334882 666.05764797 675.80194712
 685.54624627 695.29054542 705.03484457 714.77914372 724.52344287
 734.26774202 744.01204117 753.75634032 763.50063947 773.24493862
 782.98923777 792.73353692 802.47783607 812.22213522 821.96643437
 831.71073352 841.45503267 851.19933182 860.94363097 870.68793012
 880.43222927 890.17652842 899.92082757 909.66512672 919.40942587
 929.15372502 938.89802417 948.64232332 958.38662247 968.13092162]
a_y_fitting=[0.29239766 1.73387815 2.63084163 3.06921823 3.13493804 2.91393117
 2.49212774 1.95545785 1.3898516  0.88123912 0.50899514 0.28907606
 0.201876   0.22739631 0.34563832 0.53660337 0.78029282 1.05670801
 1.34585028 1.62772097 1.8824172  2.09819237 2.27756597 2.42449631
 2.54294171 2.63686047 2.71021089 2.7669513  2.81103998 2.84643526
 2.87705718 2.90523166 2.93114945 2.95485194 2.97638053 2.99577662
 3.0130816  3.02833689 3.04158386 3.05286393 3.06221849 3.06968894
 3.07531667 3.07914309 3.08120959 3.08155758 3.08022844 3.07726358
 3.0727044  3.06659229 3.05896865 3.04987489 3.03935239 3.02744256
 3.01418679 2.99962649 2.98380305 2.96675787 2.94853235 2.92916788
 2.90870587 2.8871877  2.86465479 2.84114853 2.81671032 2.79138155
 2.76520363 2.73821794 2.7104659  2.68198889 2.65282832 2.62302559
 2.59262208 2.56165921 2.53017837 2.49822095 2.46582836 2.43304199
 2.39990325 2.36645352 2.33273422 2.29878673 2.26465245 2.23037279
 2.19598913 2.16154289 2.12707545 2.09262822 2.0582426  2.02395997
 1.98982175 1.95586932 1.92214409 1.88868746 1.85554081 1.82274556
 1.7903431  1.75837483 1.72688214 1.69590643]
d_x_fitting=[  3.44530577  13.27660759  23.10790941  32.93921123  42.77051305
  52.60181488  62.4331167   72.26441852  82.09572034  91.92702216
 101.75832398 111.5896258  121.42092762 131.25222944 141.08353126
 150.91483309 160.74613491 170.57743673 180.40873855 190.24004037
 200.07134219 209.90264401 219.73394583 229.56524765 239.39654947
 249.2278513  259.05915312 268.89045494 278.72175676 288.55305858
 298.3843604  308.21566222 318.04696404 327.87826586 337.70956768
 347.5408695  357.37217133 367.20347315 377.03477497 386.86607679
 396.69737861 406.52868043 416.35998225 426.19128407 436.02258589
 445.85388771 455.68518954 465.51649136 475.34779318 485.179095
 495.01039682 504.84169864 514.67300046 524.50430228 534.3356041
 544.16690592 553.99820774 563.82950957 573.66081139 583.49211321
 593.32341503 603.15471685 612.98601867 622.81732049 632.64862231
 642.47992413 652.31122595 662.14252778 671.9738296  681.80513142
 691.63643324 701.46773506 711.29903688 721.1303387  730.96164052
 740.79294234 750.62424416 760.45554599 770.28684781 780.11814963
 789.94945145 799.78075327 809.61205509 819.44335691 829.27465873
 839.10596055 848.93726237 858.76856419 868.59986602 878.43116784
 888.26246966 898.09377148 907.9250733  917.75637512 927.58767694
 937.41897876 947.25028058 957.0815824  966.91288423 976.74418605]
d_y_fitting=[0.05847953 0.79124791 1.44952392 2.03655273 2.55557949 3.00984936
 3.4026075  3.73709905 4.01656918 4.24426304 4.4234258  4.55730259
 4.64913859 4.70217895 4.71966882 4.70485335 4.66097772 4.59128706
 4.49902655 4.38744133 4.25977655 4.11927739 3.96918898 3.8127565
 3.65322509 3.49383991 3.33784612 3.18848673 3.0484943  2.91943388
 2.802708   2.69971919 2.61186997 2.54056287 2.48720043 2.45318517
 2.43991961 2.4488063  2.48124775 2.53864649 2.62240506 2.73392598
 2.87461178 3.04586499 3.24855309 3.47839573 3.72823844 3.99089542
 4.2591809  4.5259091  4.78389423 5.02595051 5.24489217 5.43353341
 5.58468847 5.69117155 5.74579688 5.74137866 5.67073113 5.52666851
 5.30200771 4.9977512  4.64113038 4.26461946 3.90069261 3.58157341
 3.3254796  3.12949298 2.98894255 2.89915731 2.85546626 2.85319841
 2.88768277 2.95424833 3.0482241  3.1649391  3.29972231 3.44790275
 3.60480941 3.76577132 3.92611745 4.08117683 4.22627846 4.35675134
 4.46792447 4.55512686 4.61368751 4.63893543 4.62619962 4.57080909
 4.46809283 4.31337986 4.10199918 3.8292798  3.49055071 3.08114092
 2.59637943 2.03159526 1.3821174  0.64327485]