
p_x=[2.5839793281653747, 196.38242894056847, 397.0714900947459, 599.4832041343669, 800.1722652885444, 914.7286821705426, 996.5546942291128]
p_y=[0.35294117647058876, 4.0, 4.823529411764706, 4.470588235294118, 4.470588235294118, 2.8235294117647056, 0.0]
a_x=[2.5839793281653747, 23.25581395348837, 92.16192937123171, 194.6597760551249, 397.9328165374677, 601.2058570198105, 798.4496124031008, 903.5314384151594, 994.8320413436692]
a_y=[0.058479532163742576, 1.6959064327485383, 3.333333333333334, 3.9181286549707606, 4.619883040935672, 5.2046783625731, 4.619883040935672, 2.6315789473684212, 0.058479532163742576]
d_x=[2.5839793281653747, 90.43927648578811, 197.24375538329025, 400.5167958656331, 499.5693367786391, 633.9362618432386, 801.894918173988, 913.8673557278208, 994.8320413436692]
d_y=[0.29239766081871466, 3.333333333333334, 3.5672514619883042, 4.385964912280702, 5.555555555555555, 7.309941520467836, 7.543859649122807, 5.2046783625731, 0.29239766081871466]
p_x_fitting=[  2.58397933  12.62408756  22.66419579  32.70430402  42.74441225
  52.78452048  62.82462872  72.86473695  82.90484518  92.94495341
 102.98506164 113.02516987 123.0652781  133.10538634 143.14549457
 153.1856028  163.22571103 173.26581926 183.30592749 193.34603572
 203.38614395 213.42625219 223.46636042 233.50646865 243.54657688
 253.58668511 263.62679334 273.66690157 283.70700981 293.74711804
 303.78722627 313.8273345  323.86744273 333.90755096 343.94765919
 353.98776742 364.02787566 374.06798389 384.10809212 394.14820035
 404.18830858 414.22841681 424.26852504 434.30863328 444.34874151
 454.38884974 464.42895797 474.4690662  484.50917443 494.54928266
 504.58939089 514.62949913 524.66960736 534.70971559 544.74982382
 554.78993205 564.83004028 574.87014851 584.91025674 594.95036498
 604.99047321 615.03058144 625.07068967 635.1107979  645.15090613
 655.19101436 665.2311226  675.27123083 685.31133906 695.35144729
 705.39155552 715.43166375 725.47177198 735.51188021 745.55198845
 755.59209668 765.63220491 775.67231314 785.71242137 795.7525296
 805.79263783 815.83274607 825.8728543  835.91296253 845.95307076
 855.99317899 866.03328722 876.07339545 886.11350368 896.15361192
 906.19372015 916.23382838 926.27393661 936.31404484 946.35415307
 956.3942613  966.43436954 976.47447777 986.514586   996.55469423]
p_y_fitting=[0.35294118 0.63276023 0.90155978 1.15952864 1.40685564 1.64372959
 1.87033931 2.08687362 2.29352136 2.49047132 2.67791235 2.85603325
 3.02502285 3.18506996 3.33636342 3.47909204 3.61344463 3.73961003
 3.85777704 3.9681345  4.07087122 4.16617603 4.25423774 4.33524517
 4.40938715 4.47685249 4.53783002 4.59250855 4.64107692 4.68372393
 4.7206384  4.75200917 4.77802505 4.79887486 4.81474741 4.82583154
 4.83231606 4.8343898  4.83224157 4.82606019 4.81604951 4.80256378
 4.78604391 4.76693184 4.74566949 4.72269882 4.69846176 4.67340025
 4.64795622 4.62257163 4.5976884  4.57374848 4.5511938  4.5304663
 4.51200793 4.49626062 4.48366631 4.47466695 4.46970446 4.46922079
 4.47362286 4.48266981 4.49555007 4.51143256 4.52948619 4.54887985
 4.56878247 4.58836295 4.60679019 4.62323312 4.63686064 4.64684165
 4.65234507 4.65253981 4.64659477 4.63367887 4.61296102 4.58361011
 4.54479507 4.4956848  4.43544653 4.36321791 4.27811123 4.17923801
 4.06570973 3.93663792 3.79113405 3.62830964 3.44727618 3.24714518
 3.02702812 2.78603652 2.52328187 2.23787568 1.92892943 1.59555464
 1.2368628  0.85196542 0.43997398 0.        ]
a_x_fitting=[  2.58397933  12.60668703  22.62939472  32.65210242  42.67481012
  52.69751781  62.72022551  72.74293321  82.76564091  92.7883486
 102.8110563  112.833764   122.85647169 132.87917939 142.90188709
 152.92459479 162.94730248 172.97001018 182.99271788 193.01542557
 203.03813327 213.06084097 223.08354866 233.10625636 243.12896406
 253.15167176 263.17437945 273.19708715 283.21979485 293.24250254
 303.26521024 313.28791794 323.31062564 333.33333333 343.35604103
 353.37874873 363.40145642 373.42416412 383.44687182 393.46957952
 403.49228721 413.51499491 423.53770261 433.5604103  443.583118
 453.6058257  463.6285334  473.65124109 483.67394879 493.69665649
 503.71936418 513.74207188 523.76477958 533.78748728 543.81019497
 553.83290267 563.85561037 573.87831806 583.90102576 593.92373346
 603.94644116 613.96914885 623.99185655 634.01456425 644.03727194
 654.05997964 664.08268734 674.10539504 684.12810273 694.15081043
 704.17351813 714.19622582 724.21893352 734.24164122 744.26434892
 754.28705661 764.30976431 774.33247201 784.3551797  794.3778874
 804.4005951  814.4233028  824.44601049 834.46871819 844.49142589
 854.51413358 864.53684128 874.55954898 884.58225668 894.60496437
 904.62767207 914.65037977 924.67308746 934.69579516 944.71850286
 954.74121056 964.76391825 974.78662595 984.80933365 994.83204134]
a_y_fitting=[0.05847953 0.95208469 1.65751846 2.1987102  2.59958927 2.884085
 3.07612675 3.19964388 3.27856573 3.33682065 3.39347012 3.4514243
 3.51024731 3.56950325 3.62875624 3.6875704  3.74550984 3.80213868
 3.85702102 3.90972099 3.95986053 4.00744303 4.05262629 4.09556858
 4.13642815 4.17536324 4.21253213 4.24809305 4.28220427 4.31502403
 4.3467106  4.37742223 4.40731716 4.43655367 4.46528999 4.49368439
 4.52189511 4.55008042 4.57839857 4.6070078  4.63605962 4.66558357
 4.69550351 4.7257398  4.75621277 4.78684279 4.81755019 4.84825535
 4.87887859 4.90934029 4.93956078 4.96946042 4.99895956 5.02797855
 5.05643774 5.08425748 5.11135813 5.13766003 5.16308353 5.18754899
 5.21097481 5.23309001 5.25327868 5.27088828 5.28526626 5.29576009
 5.30171722 5.30248512 5.29741123 5.28584303 5.26712797 5.24061351
 5.20564711 5.16157623 5.10774832 5.04351085 4.96821128 4.88119706
 4.78181565 4.66941452 4.54337941 4.40368349 4.25075959 4.08505282
 3.90700828 3.71707108 3.51568633 3.30329912 3.08035456 2.84729777
 2.60457383 2.35262786 2.09190497 1.82285025 1.54590881 1.26152576
 0.97014621 0.67221524 0.36817799 0.05847953]
d_x_fitting=[  2.58397933  12.60668703  22.62939472  32.65210242  42.67481012
  52.69751781  62.72022551  72.74293321  82.76564091  92.7883486
 102.8110563  112.833764   122.85647169 132.87917939 142.90188709
 152.92459479 162.94730248 172.97001018 182.99271788 193.01542557
 203.03813327 213.06084097 223.08354866 233.10625636 243.12896406
 253.15167176 263.17437945 273.19708715 283.21979485 293.24250254
 303.26521024 313.28791794 323.31062564 333.33333333 343.35604103
 353.37874873 363.40145642 373.42416412 383.44687182 393.46957952
 403.49228721 413.51499491 423.53770261 433.5604103  443.583118
 453.6058257  463.6285334  473.65124109 483.67394879 493.69665649
 503.71936418 513.74207188 523.76477958 533.78748728 543.81019497
 553.83290267 563.85561037 573.87831806 583.90102576 593.92373346
 603.94644116 613.96914885 623.99185655 634.01456425 644.03727194
 654.05997964 664.08268734 674.10539504 684.12810273 694.15081043
 704.17351813 714.19622582 724.21893352 734.24164122 744.26434892
 754.28705661 764.30976431 774.33247201 784.3551797  794.3778874
 804.4005951  814.4233028  824.44601049 834.46871819 844.49142589
 854.51413358 864.53684128 874.55954898 884.58225668 894.60496437
 904.62767207 914.65037977 924.67308746 934.69579516 944.71850286
 954.74121056 964.76391825 974.78662595 984.80933365 994.83204134]
d_y_fitting=[0.29239766 0.86379997 1.36844352 1.81029397 2.19331695 2.52147815
 2.79874319 3.02907775 3.21644747 3.36481801 3.47815503 3.56042417
 3.6155911  3.64762147 3.66048092 3.65813513 3.64454973 3.62369039
 3.59952276 3.5760125  3.5569957  3.54419152 3.5375931  3.53714325
 3.54278477 3.55446045 3.57211311 3.59568554 3.62512054 3.66036092
 3.70134948 3.74802901 3.80034233 3.85823223 3.92164152 3.99051299
 4.06478945 4.1444137  4.22932854 4.31947677 4.41480054 4.5151894
 4.62044302 4.73035228 4.84470805 4.96330119 5.08592259 5.21236311
 5.34241362 5.475865   5.61250007 5.7518135  5.89293919 6.03498824
 6.17707177 6.31830088 6.4577867  6.59464033 6.72797288 6.85689546
 6.98051918 7.09795516 7.2083145  7.31070831 7.40436257 7.48895203
 7.56426105 7.63007397 7.68617517 7.73234899 7.76837979 7.79405192
 7.80914974 7.81345761 7.80675988 7.7888409  7.75948504 7.71847664
 7.66560007 7.60063968 7.52337294 7.43274529 7.32608617 7.20053938
 7.0532487  6.88135792 6.68201082 6.4523512  6.18952285 5.89066954
 5.55293508 5.17346324 4.74939782 4.2778826  3.75606137 3.18107792
 2.55007603 1.8601995  1.10859212 0.29239766]