
p_x=[0.0, 23.25581395348837, 76.65805340223946, 172.26528854435833, 403.96210163652023, 602.928509905254, 795.0043066322137, 900.947459086994, 995.693367786391]
p_y=[0.5882352941176467, 2.4705882352941178, 3.5294117647058822, 4.0, 4.352941176470589, 4.9411764705882355, 4.9411764705882355, 3.4117647058823533, 0.7058823529411757]
a_x=[0.8613264427217916, 34.45305770887167, 69.76744186046511, 145.56416881998277, 213.6089577950043, 267.01119724375536, 329.88802756244615, 417.7433247200689, 492.6787252368648, 534.8837209302325, 596.0378983634797, 688.1998277347114, 798.4496124031008, 996.5546942291128]
a_y=[0.4093567251461998, 2.514619883040936, 3.2163742690058488, 0.6432748538011701, 3.9181286549707606, 4.736842105263158, 4.970760233918129, 2.8654970760233924, 0.29239766081871466, 2.8654970760233924, 4.970760233918129, 5.2046783625731, 4.035087719298246, 0.526315789473685]
d_x=[1.7226528854435832, 45.65030146425495, 193.79844961240312, 397.9328165374677, 597.7605512489233, 801.0335917312663, 997.4160206718346]
d_y=[0.4093567251461998, 3.450292397660819, 3.6842105263157894, 5.321637426900585, 6.257309941520468, 4.035087719298246, 0.7602339181286553]
p_x_fitting=[  0.          10.05750877  20.11501753  30.1725263   40.23003506
  50.28754383  60.34505259  70.40256136  80.46007012  90.51757889
 100.57508766 110.63259642 120.69010519 130.74761395 140.80512272
 150.86263148 160.92014025 170.97764901 181.03515778 191.09266654
 201.15017531 211.20768408 221.26519284 231.32270161 241.38021037
 251.43771914 261.4952279  271.55273667 281.61024543 291.6677542
 301.72526297 311.78277173 321.8402805  331.89778926 341.95529803
 352.01280679 362.07031556 372.12782432 382.18533309 392.24284186
 402.30035062 412.35785939 422.41536815 432.47287692 442.53038568
 452.58789445 462.64540321 472.70291198 482.76042074 492.81792951
 502.87543828 512.93294704 522.99045581 533.04796457 543.10547334
 553.1629821  563.22049087 573.27799963 583.3355084  593.39301717
 603.45052593 613.5080347  623.56554346 633.62305223 643.68056099
 653.73806976 663.79557852 673.85308729 683.91059606 693.96810482
 704.02561359 714.08312235 724.14063112 734.19813988 744.25564865
 754.31315741 764.37066618 774.42817494 784.48568371 794.54319248
 804.60070124 814.65821001 824.71571877 834.77322754 844.8307363
 854.88824507 864.94575383 875.0032626  885.06077137 895.11828013
 905.1757889  915.23329766 925.29080643 935.34831519 945.40582396
 955.46333272 965.52084149 975.57835026 985.63585902 995.69336779]
p_y_fitting=[0.58823529 1.56472144 2.28960277 2.80195498 3.14085376 3.3453748
 3.4545938  3.50758645 3.54306508 3.58359446 3.62951205 3.67953693
 3.73238818 3.7867849  3.84144617 3.89509109 3.94643872 3.99420818
 4.03729537 4.07563861 4.10955682 4.13936947 4.16539605 4.18795603
 4.20736891 4.22395414 4.23803123 4.24991964 4.25993886 4.26840837
 4.27564764 4.28197616 4.28771341 4.29317886 4.29869201 4.30457232
 4.31113927 4.31871236 4.32761105 4.33815483 4.35066318 4.36541366
 4.38240647 4.40152912 4.42266878 4.44571263 4.47054786 4.49706163
 4.52514114 4.55467357 4.58554608 4.61764586 4.6508601  4.68507596
 4.72018064 4.7560613  4.79260513 4.82969931 4.86723102 4.90508744
 4.94315573 4.98122012 5.01871224 5.05498833 5.0894046  5.1213173
 5.15008263 5.17505684 5.19559615 5.21105679 5.22079498 5.22416695
 5.22052893 5.20923714 5.18964782 5.16111718 5.12300146 5.07465689
 5.01543968 4.94470608 4.86187633 4.76666468 4.65886965 4.53828979
 4.40472363 4.25796972 4.09782658 3.92409277 3.73656681 3.53504726
 3.31933265 3.08922151 2.84451239 2.58500383 2.31049436 2.02078253
 1.71566688 1.39494594 1.05841825 0.70588235]
a_x_fitting=[8.61326443e-01 1.09188352e+01 2.09763440e+01 3.10338527e+01
 4.10913615e+01 5.11488703e+01 6.12063790e+01 7.12638878e+01
 8.13213966e+01 9.13789053e+01 1.01436414e+02 1.11493923e+02
 1.21551432e+02 1.31608940e+02 1.41666449e+02 1.51723958e+02
 1.61781467e+02 1.71838975e+02 1.81896484e+02 1.91953993e+02
 2.02011502e+02 2.12069011e+02 2.22126519e+02 2.32184028e+02
 2.42241537e+02 2.52299046e+02 2.62356554e+02 2.72414063e+02
 2.82471572e+02 2.92529081e+02 3.02586589e+02 3.12644098e+02
 3.22701607e+02 3.32759116e+02 3.42816624e+02 3.52874133e+02
 3.62931642e+02 3.72989151e+02 3.83046660e+02 3.93104168e+02
 4.03161677e+02 4.13219186e+02 4.23276695e+02 4.33334203e+02
 4.43391712e+02 4.53449221e+02 4.63506730e+02 4.73564238e+02
 4.83621747e+02 4.93679256e+02 5.03736765e+02 5.13794273e+02
 5.23851782e+02 5.33909291e+02 5.43966800e+02 5.54024309e+02
 5.64081817e+02 5.74139326e+02 5.84196835e+02 5.94254344e+02
 6.04311852e+02 6.14369361e+02 6.24426870e+02 6.34484379e+02
 6.44541887e+02 6.54599396e+02 6.64656905e+02 6.74714414e+02
 6.84771922e+02 6.94829431e+02 7.04886940e+02 7.14944449e+02
 7.25001958e+02 7.35059466e+02 7.45116975e+02 7.55174484e+02
 7.65231993e+02 7.75289501e+02 7.85347010e+02 7.95404519e+02
 8.05462028e+02 8.15519536e+02 8.25577045e+02 8.35634554e+02
 8.45692063e+02 8.55749572e+02 8.65807080e+02 8.75864589e+02
 8.85922098e+02 8.95979607e+02 9.06037115e+02 9.16094624e+02
 9.26152133e+02 9.36209642e+02 9.46267150e+02 9.56324659e+02
 9.66382168e+02 9.76439677e+02 9.86497185e+02 9.96554694e+02]
a_y_fitting=[0.40935673 1.1250496  1.779845   2.3467249  2.79867133 3.10866629
 3.24969177 3.19478016 2.93994757 2.54050156 2.06118167 1.56672745
 1.12187842 0.79137414 0.63995413 0.72744649 1.04369628 1.52641453
 2.11206792 2.73712313 3.33804686 3.85130577 4.22318228 4.46250068
 4.60263117 4.67700193 4.71904118 4.76109337 4.81444508 4.87127313
 4.92306134 4.96129357 4.97745365 4.96304044 4.91086291 4.81603978
 4.67392511 4.47987295 4.22923735 3.91737236 3.53963202 3.09137038
 2.56945584 1.99857326 1.42780911 0.90707752 0.48629263 0.21536857
 0.14421949 0.32273479 0.7675426  1.39628928 2.108292   2.80286791
 3.393579   3.87030596 4.24838104 4.54315407 4.7699749  4.94419336
 5.07998071 5.18340477 5.25712601 5.30379309 5.32605468 5.32655945
 5.30795607 5.2728932  5.22401951 5.1638765  5.09372529 5.01398429
 4.92505706 4.8273472  4.72125829 4.6071939  4.48555761 4.35675301
 4.22118368 4.07925319 3.93136514 3.77792309 3.61933063 3.45599134
 3.2883088  3.1166866  2.94152831 2.76323751 2.58221778 2.39887271
 2.21360588 2.02682086 1.83892124 1.6503106  1.46139251 1.27257057
 1.08424834 0.89682941 0.71071737 0.52631579]
d_x_fitting=[  1.72265289  11.78016165  21.83767042  31.89517918  41.95268795
  52.01019671  62.06770548  72.12521424  82.18272301  92.24023178
 102.29774054 112.35524931 122.41275807 132.47026684 142.5277756
 152.58528437 162.64279313 172.7003019  182.75781066 192.81531943
 202.8728282  212.93033696 222.98784573 233.04535449 243.10286326
 253.16037202 263.21788079 273.27538955 283.33289832 293.39040709
 303.44791585 313.50542462 323.56293338 333.62044215 343.67795091
 353.73545968 363.79296844 373.85047721 383.90798598 393.96549474
 404.02300351 414.08051227 424.13802104 434.1955298  444.25303857
 454.31054733 464.3680561  474.42556486 484.48307363 494.5405824
 504.59809116 514.65559993 524.71310869 534.77061746 544.82812622
 554.88563499 564.94314375 575.00065252 585.05816129 595.11567005
 605.17317882 615.23068758 625.28819635 635.34570511 645.40321388
 655.46072264 665.51823141 675.57574018 685.63324894 695.69075771
 705.74826647 715.80577524 725.863284   735.92079277 745.97830153
 756.0358103  766.09331906 776.15082783 786.2083366  796.26584536
 806.32335413 816.38086289 826.43837166 836.49588042 846.55338919
 856.61089795 866.66840672 876.72591549 886.78342425 896.84093302
 906.89844178 916.95595055 927.01345931 937.07096808 947.12847684
 957.18598561 967.24349438 977.30100314 987.35851191 997.41602067]
d_y_fitting=[0.40935673 1.31607097 2.09075665 2.74232319 3.27967999 3.71173645
 4.04740199 4.29558601 4.46519791 4.56514711 4.60434301 4.59169502
 4.53611255 4.446505   4.33178178 4.20085229 4.06262595 3.92601217
 3.79992034 3.69325987 3.61362738 3.56156735 3.53526649 3.53290984
 3.55268246 3.59276938 3.65135564 3.7266263  3.81676638 3.91996093
 4.03439501 4.15825364 4.28972187 4.42698474 4.5682273  4.7116346
 4.85539166 4.99768354 5.13669528 5.27061191 5.39768282 5.51709908
 5.62876623 5.73260759 5.82854646 5.91650616 5.99641001 6.06818132
 6.13174341 6.18701959 6.23393317 6.27240748 6.30236582 6.32373152
 6.33642788 6.34037822 6.33550586 6.3217341  6.29898628 6.26718569
 6.22628162 6.17645934 6.11803006 6.05130615 5.97659999 5.89422395
 5.80449042 5.70771177 5.60420037 5.4942686  5.37822884 5.25639347
 5.12907486 4.9965854  4.85923745 4.71734339 4.5712156  4.42116646
 4.26750835 4.11055363 3.9506147  3.78800392 3.62303367 3.45601633
 3.28726427 3.11708988 2.94580552 2.77372358 2.60115644 2.42841646
 2.25581603 2.08366752 1.91228331 1.74197578 1.57305731 1.40584026
 1.24063702 1.07775997 0.91752147 0.76023392]