
p_x=[2.5839793281653747, 95.60723514211885, 200.6890611541774, 301.464254952627, 387.59689922480624, 487.51076658053404, 539.1903531438415, 799.3109388458226, 997.4160206718346]
p_y=[0.0, 3.2941176470588243, 0.35294117647058876, 3.4117647058823533, 1.1764705882352935, 4.0, 5.294117647058823, 2.3529411764705888, 0.7058823529411757]
a_x=[0.0, 93.88458225667529, 200.6890611541774, 297.15762273901805, 386.73557278208443, 480.6201550387597, 527.9931093884583, 785.5297157622739, 998.2773471145564]
a_y=[0.1754385964912295, 3.8011695906432754, 1.1111111111111107, 4.619883040935672, 1.9298245614035086, 4.970760233918129, 7.076023391812866, 4.736842105263158, 0.6432748538011701]
d_x=[2.5839793281653747, 88.71662360034453, 198.96640826873386, 290.26701119724373, 397.0714900947459, 484.0654608096469, 528.85443583118, 791.5590008613265, 999.1386735572783]
d_y=[0.4093567251461998, 3.8011695906432754, 1.3450292397660828, 5.087719298245615, 2.6315789473684212, 4.853801169590644, 7.076023391812866, 4.736842105263158, 0.8771929824561404]
p_x_fitting=[  2.58397933  12.63278783  22.68159633  32.73040482  42.77921332
  52.82802182  62.87683032  72.92563882  82.97444732  93.02325581
 103.07206431 113.12087281 123.16968131 133.21848981 143.26729831
 153.3161068  163.3649153  173.4137238  183.4625323  193.5113408
 203.5601493  213.6089578  223.65776629 233.70657479 243.75538329
 253.80419179 263.85300029 273.90180879 283.95061728 293.99942578
 304.04823428 314.09704278 324.14585128 334.19465978 344.24346827
 354.29227677 364.34108527 374.38989377 384.43870227 394.48751077
 404.53631927 414.58512776 424.63393626 434.68274476 444.73155326
 454.78036176 464.82917026 474.87797875 484.92678725 494.97559575
 505.02440425 515.07321275 525.12202125 535.17082974 545.21963824
 555.26844674 565.31725524 575.36606374 585.41487224 595.46368073
 605.51248923 615.56129773 625.61010623 635.65891473 645.70772323
 655.75653173 665.80534022 675.85414872 685.90295722 695.95176572
 706.00057422 716.04938272 726.09819121 736.14699971 746.19580821
 756.24461671 766.29342521 776.34223371 786.3910422  796.4398507
 806.4886592  816.5374677  826.5862762  836.6350847  846.6838932
 856.73270169 866.78151019 876.83031869 886.87912719 896.92793569
 906.97674419 917.02555268 927.07436118 937.12316968 947.17197818
 957.22078668 967.26959518 977.31840367 987.36721217 997.41602067]
p_y_fitting=[0.         1.15724884 2.0701767  2.7595395  3.24609318 3.55059366
 3.69379687 3.69645873 3.57933518 3.36318214 3.06875554 2.71681131
 2.32810537 1.92339365 1.52343209 1.1489766  0.82078312 0.55960757
 0.38620588 0.32133398 0.38554848 0.58204033 0.88340504 1.25912376
 1.67867764 2.11154783 2.52721548 2.89516175 3.18486778 3.36581472
 3.40766945 3.30105688 3.07651592 2.76906305 2.41371473 2.04548742
 1.69939758 1.41046169 1.21369621 1.14123878 1.19397259 1.35361954
 1.60162435 1.91943172 2.28848637 2.69023303 3.1061164  3.5175812
 3.90607215 4.25447476 4.5585183  4.82067599 5.04348083 5.22946582
 5.38112503 5.50037009 5.58866428 5.64745932 5.67820694 5.68235889
 5.66136689 5.61668268 5.54975799 5.46204456 5.35499412 5.2300584
 5.08868913 4.93233806 4.76245691 4.58049741 4.38791131 4.18615034
 3.97666622 3.76091069 3.54033549 3.31639235 3.09053301 2.86420918
 2.63887262 2.41597506 2.19696822 1.98330384 1.77643366 1.57780941
 1.38888282 1.21110563 1.04592956 0.89480636 0.75918776 0.64052548
 0.54027128 0.45987687 0.40079399 0.36447437 0.35236976 0.36593188
 0.40661246 0.47586325 0.57513597 0.70588235]
a_x_fitting=[  0.          10.08360957  20.16721913  30.2508287   40.33443827
  50.41804783  60.5016574   70.58526697  80.66887653  90.7524861
 100.83609567 110.91970523 121.0033148  131.08692437 141.17053394
 151.2541435  161.33775307 171.42136264 181.5049722  191.58858177
 201.67219134 211.7558009  221.83941047 231.92302004 242.0066296
 252.09023917 262.17384874 272.2574583  282.34106787 292.42467744
 302.508287   312.59189657 322.67550614 332.7591157  342.84272527
 352.92633484 363.00994441 373.09355397 383.17716354 393.26077311
 403.34438267 413.42799224 423.51160181 433.59521137 443.67882094
 453.76243051 463.84604007 473.92964964 484.01325921 494.09686877
 504.18047834 514.26408791 524.34769747 534.43130704 544.51491661
 554.59852617 564.68213574 574.76574531 584.84935488 594.93296444
 605.01657401 615.10018358 625.18379314 635.26740271 645.35101228
 655.43462184 665.51823141 675.60184098 685.68545054 695.76906011
 705.85266968 715.93627924 726.01988881 736.10349838 746.18710794
 756.27071751 766.35432708 776.43793664 786.52154621 796.60515578
 806.68876535 816.77237491 826.85598448 836.93959405 847.02320361
 857.10681318 867.19042275 877.27403231 887.35764188 897.44125145
 907.52486101 917.60847058 927.69208015 937.77568971 947.85929928
 957.94290885 968.02651841 978.11012798 988.19373755 998.27734711]
a_y_fitting=[0.1754386  1.40184844 2.37393406 3.1134025  3.64196082 3.98131605
 4.15317526 4.17924548 4.08123377 3.88084717 3.59979273 3.2597775
 2.88250853 2.48969286 2.10303755 1.74424964 1.43503618 1.19710422
 1.0521608  1.02191297 1.12805891 1.37966793 1.7480085  2.19730675
 2.69178879 3.19568076 3.67320878 4.08859898 4.40607748 4.5898704
 4.60604685 4.45753772 4.18130418 3.81558295 3.39861071 2.96862417
 2.56386004 2.222555   1.98294577 1.88071885 1.91970763 2.08209602
 2.34965436 2.70415298 3.12736222 3.60105241 4.10699389 4.626957
 5.14278005 5.64028894 6.11143832 6.54870401 6.94456185 7.29189928
 7.58891343 7.83749384 8.0396048  8.19721056 8.31227541 8.38676361
 8.42263943 8.42186715 8.38641104 8.31823536 8.21930439 8.09158241
 7.93703367 7.75762246 7.55531305 7.3320697  7.08985668 6.83063827
 6.55637875 6.26904237 5.97059341 5.66299615 5.34821485 5.02821379
 4.70495723 4.38040945 4.05653472 3.73529731 3.41866149 3.10859154
 2.80705171 2.5160063  2.23741955 1.97325576 1.72547918 1.4960541
 1.28694477 1.10011548 0.93753049 0.80115408 0.69295051 0.61488406
 0.568919   0.5570196  0.58115012 0.64327485]
d_x_fitting=[  2.58397933  12.65018836  22.71639739  32.78260643  42.84881546
  52.91502449  62.98123352  73.04744256  83.11365159  93.17986062
 103.24606965 113.31227869 123.37848772 133.44469675 143.51090578
 153.57711482 163.64332385 173.70953288 183.77574192 193.84195095
 203.90815998 213.97436901 224.04057805 234.10678708 244.17299611
 254.23920514 264.30541418 274.37162321 284.43783224 294.50404127
 304.57025031 314.63645934 324.70266837 334.7688774  344.83508644
 354.90129547 364.9675045  375.03371354 385.09992257 395.1661316
 405.23234063 415.29854967 425.3647587  435.43096773 445.49717676
 455.5633858  465.62959483 475.69580386 485.76201289 495.82822193
 505.89443096 515.96063999 526.02684902 536.09305806 546.15926709
 556.22547612 566.29168515 576.35789419 586.42410322 596.49031225
 606.55652129 616.62273032 626.68893935 636.75514838 646.82135742
 656.88756645 666.95377548 677.01998451 687.08619355 697.15240258
 707.21861161 717.28482064 727.35102968 737.41723871 747.48344774
 757.54965677 767.61586581 777.68207484 787.74828387 797.8144929
 807.88070194 817.94691097 828.01312    838.07932904 848.14553807
 858.2117471  868.27795613 878.34416517 888.4103742  898.47658323
 908.54279226 918.6090013  928.67521033 938.74141936 948.80762839
 958.87383743 968.94004646 979.00625549 989.07246452 999.13867356]
d_y_fitting=[0.40935673 1.54784829 2.44289388 3.11601524 3.58873411 3.88257222
 4.01905131 4.01969311 3.90601935 3.69955178 3.42181214 3.09432214
 2.73860354 2.37617807 2.02856746 1.71729345 1.46387777 1.28984217
 1.21670837 1.26599812 1.45811325 1.78656631 2.21733636 2.71515369
 3.2447486  3.77085138 4.25819234 4.67150177 4.97550996 5.13571406
 5.14404382 5.02493026 4.80480119 4.51008444 4.16720783 3.80259918
 3.44268632 3.11389707 2.84265925 2.65540069 2.57529989 2.60233032
 2.72637342 2.93726925 3.2248579  3.57897945 3.98947398 4.44618156
 4.93893469 5.45506991 5.97583781 6.48157891 6.95263374 7.37070342
 7.73063609 8.03464516 8.28502513 8.4840705  8.63407577 8.73733544
 8.796144   8.81279597 8.78958584 8.7288081  8.63275727 8.50372784
 8.34401431 8.15591118 7.94171296 7.70371413 7.44420921 7.16549269
 6.86985908 6.55960287 6.23701856 5.90440065 5.56404366 5.21824206
 4.86929037 4.51948309 4.17111471 3.82647973 3.48787267 3.15758801
 2.83792025 2.53116391 2.23961347 1.96556344 1.71130832 1.4791426
 1.2713608  1.0902574  0.93812691 0.81726383 0.72996266 0.67851791
 0.66522406 0.69237562 0.7622671  0.87719298]