
p_x=[1.7226528854435832, 73.21274763135229, 184.32385874246341, 375.53832902670115, 594.3152454780361, 797.588285960379, 899.2248062015505, 995.693367786391]
p_y=[0.35294117647058876, 4.705882352941177, 5.647058823529411, 4.9411764705882355, 4.23529411764706, 4.117647058823529, 2.9411764705882346, 0.35294117647058876]
a_x=[1.7226528854435832, 124.03100775193798, 198.10508182601205, 321.2747631352282, 600.3445305770887, 797.588285960379, 995.693367786391]
a_y=[0.6432748538011701, 5.087719298245615, 5.672514619883041, 5.43859649122807, 5.7894736842105265, 4.853801169590644, 0.7602339181286553]
d_x=[2.5839793281653747, 38.75968992248062, 105.94315245478036, 193.79844961240312, 288.5443583118002, 399.6554694229113, 600.3445305770887, 804.4788975021532, 908.69939707149, 995.693367786391]
d_y=[0.6432748538011701, 4.385964912280702, 5.555555555555555, 5.087719298245615, 4.152046783625732, 4.269005847953217, 3.333333333333334, 3.6842105263157894, 3.0994152046783627, 0.8771929824561404]
p_x_fitting=[  1.72265289  11.76276112  21.80286935  31.84297758  41.88308581
  51.92319404  61.96330227  72.0034105   82.04351874  92.08362697
 102.1237352  112.16384343 122.20395166 132.24405989 142.28416812
 152.32427636 162.36438459 172.40449282 182.44460105 192.48470928
 202.52481751 212.56492574 222.60503397 232.64514221 242.68525044
 252.72535867 262.7654669  272.80557513 282.84568336 292.88579159
 302.92589983 312.96600806 323.00611629 333.04622452 343.08633275
 353.12644098 363.16654921 373.20665744 383.24676568 393.28687391
 403.32698214 413.36709037 423.4071986  433.44730683 443.48741506
 453.52752329 463.56763153 473.60773976 483.64784799 493.68795622
 503.72806445 513.76817268 523.80828091 533.84838915 543.88849738
 553.92860561 563.96871384 574.00882207 584.0489303  594.08903853
 604.12914676 614.169255   624.20936323 634.24947146 644.28957969
 654.32968792 664.36979615 674.40990438 684.45001262 694.49012085
 704.53022908 714.57033731 724.61044554 734.65055377 744.690662
 754.73077023 764.77087847 774.8109867  784.85109493 794.89120316
 804.93131139 814.97141962 825.01152785 835.05163609 845.09174432
 855.13185255 865.17196078 875.21206901 885.25217724 895.29228547
 905.3323937  915.37250194 925.41261017 935.4527184  945.49282663
 955.53293486 965.57304309 975.61315132 985.65325956 995.69336779]
p_y_fitting=[0.35294118 1.2457805  2.03646605 2.73095269 3.33519528 3.85514867
 4.29676773 4.66600733 4.96882231 5.21116755 5.39899791 5.53826824
 5.63493341 5.69494828 5.7242677  5.72884655 5.71463968 5.68760195
 5.65368823 5.61831525 5.58308249 5.54793911 5.51282768 5.47769079
 5.442471   5.4071109  5.37155307 5.33574009 5.29961453 5.26311898
 5.22619602 5.18878822 5.15083816 5.11228843 5.07308159 5.03316024
 4.99246695 4.9509443  4.90855785 4.86546185 4.82190304 4.7781288
 4.7343865  4.69092352 4.64798724 4.60582504 4.56468429 4.52481238
 4.48645668 4.44986457 4.41528342 4.38296062 4.35314354 4.32607956
 4.30201605 4.28120041 4.26387999 4.25030219 4.24071438 4.23536393
 4.23434987 4.23713622 4.2430172  4.25128699 4.26123982 4.27216986
 4.28337134 4.29413844 4.30376537 4.31154633 4.31677552 4.31874715
 4.3167554  4.3100945  4.29805862 4.27994198 4.25503878 4.22264322
 4.1820495  4.13255181 4.07345288 4.00413427 3.92402028 3.83253563
 3.72910502 3.6131532  3.48410486 3.34138473 3.18441754 3.01262799
 2.8254408  2.6222807  2.40257241 2.16574063 1.9112101  1.63840552
 1.34675162 1.03567312 0.70459473 0.35294118]
a_x_fitting=[  1.72265289  11.76276112  21.80286935  31.84297758  41.88308581
  51.92319404  61.96330227  72.0034105   82.04351874  92.08362697
 102.1237352  112.16384343 122.20395166 132.24405989 142.28416812
 152.32427636 162.36438459 172.40449282 182.44460105 192.48470928
 202.52481751 212.56492574 222.60503397 232.64514221 242.68525044
 252.72535867 262.7654669  272.80557513 282.84568336 292.88579159
 302.92589983 312.96600806 323.00611629 333.04622452 343.08633275
 353.12644098 363.16654921 373.20665744 383.24676568 393.28687391
 403.32698214 413.36709037 423.4071986  433.44730683 443.48741506
 453.52752329 463.56763153 473.60773976 483.64784799 493.68795622
 503.72806445 513.76817268 523.80828091 533.84838915 543.88849738
 553.92860561 563.96871384 574.00882207 584.0489303  594.08903853
 604.12914676 614.169255   624.20936323 634.24947146 644.28957969
 654.32968792 664.36979615 674.40990438 684.45001262 694.49012085
 704.53022908 714.57033731 724.61044554 734.65055377 744.690662
 754.73077023 764.77087847 774.8109867  784.85109493 794.89120316
 804.93131139 814.97141962 825.01152785 835.05163609 845.09174432
 855.13185255 865.17196078 875.21206901 885.25217724 895.29228547
 905.3323937  915.37250194 925.41261017 935.4527184  945.49282663
 955.53293486 965.57304309 975.61315132 985.65325956 995.69336779]
a_y_fitting=[0.64327485 1.238299   1.78558489 2.2870675  2.74468181 3.16036277
 3.53604537 3.87366458 4.17515538 4.44245272 4.67749159 4.88220696
 5.05853379 5.20840708 5.33376177 5.43653286 5.5186553  5.58206408
 5.62869416 5.66048052 5.67935068 5.6870009  5.68485713 5.67433
 5.6568301  5.63376806 5.6065545  5.57660003 5.54531526 5.51411081
 5.4843973  5.45758534 5.43508406 5.41784058 5.40568792 5.39829455
 5.39532893 5.39645952 5.4013548  5.40968322 5.42111324 5.43531334
 5.45195197 5.4706976  5.49121869 5.51318371 5.53626111 5.56011937
 5.58442695 5.60885231 5.63306392 5.65673023 5.67951972 5.70110085
 5.72114207 5.73931187 5.75527868 5.768711   5.77927726 5.78664595
 5.7904865  5.79051178 5.78649464 5.77821234 5.76544211 5.74796118
 5.7255468  5.6979762  5.66502662 5.62647531 5.5820995  5.53167644
 5.47498335 5.41179748 5.34189607 5.26505636 5.18105558 5.08967098
 4.99067979 4.88385926 4.76898662 4.64583911 4.51419397 4.37382844
 4.22451976 4.06604516 3.8981819  3.7207072  3.5333983  3.33603245
 3.12838688 2.91023883 2.68136554 2.44154426 2.19055221 1.92816664
 1.65416478 1.36832389 1.07042119 0.76023392]
d_x_fitting=[  2.58397933  12.61538729  22.64679526  32.67820322  42.70961119
  52.74101915  62.77242711  72.80383508  82.83524304  92.86665101
 102.89805897 112.92946693 122.9608749  132.99228286 143.02369083
 153.05509879 163.08650676 173.11791472 183.14932268 193.18073065
 203.21213861 213.24354658 223.27495454 233.30636251 243.33777047
 253.36917843 263.4005864  273.43199436 283.46340233 293.49481029
 303.52621825 313.55762622 323.58903418 333.62044215 343.65185011
 353.68325808 363.71466604 373.746074   383.77748197 393.80888993
 403.8402979  413.87170586 423.90311383 433.93452179 443.96592975
 453.99733772 464.02874568 474.06015365 484.09156161 494.12296958
 504.15437754 514.1857855  524.21719347 534.24860143 544.2800094
 554.31141736 564.34282532 574.37423329 584.40564125 594.43704922
 604.46845718 614.49986515 624.53127311 634.56268107 644.59408904
 654.625497   664.65690497 674.68831293 684.7197209  694.75112886
 704.78253682 714.81394479 724.84535275 734.87676072 744.90816868
 754.93957665 764.97098461 775.00239257 785.03380054 795.0652085
 805.09661647 815.12802443 825.15943239 835.19084036 845.22224832
 855.25365629 865.28506425 875.31647222 885.34788018 895.37928814
 905.41069611 915.44210407 925.47351204 935.50492    945.53632797
 955.56773593 965.59914389 975.63055186 985.66195982 995.69336779]
d_y_fitting=[0.64327485 2.02088602 3.12166948 3.97567361 4.61294676 5.0635373
 5.3574936  5.52486402 5.59569693 5.6000407  5.56794368 5.52765459
 5.48861011 5.44904193 5.40703273 5.36066518 5.30802196 5.24718572
 5.17623915 5.09326492 4.99714556 4.89061384 4.77755951 4.66187259
 4.54744307 4.43816096 4.33791625 4.25059895 4.18009905 4.13016473
 4.10118058 4.09010997 4.09376297 4.10894963 4.13248001 4.16116418
 4.19181218 4.22123408 4.24623994 4.26363982 4.27029581 4.26490215
 4.24842805 4.22198463 4.18668303 4.14363439 4.09394983 4.03874049
 3.9791175  3.91619199 3.8510751  3.78487796 3.7187117  3.65368745
 3.59091635 3.53150952 3.47657811 3.42723324 3.38458604 3.34974765
 3.3238071  3.30704792 3.29873738 3.29807777 3.30427138 3.3165205
 3.33402744 3.35599447 3.38162389 3.410118   3.44067909 3.47250944
 3.50481135 3.53678712 3.56763903 3.59656937 3.62278045 3.64547455
 3.66385396 3.67712098 3.68447787 3.68499518 3.67730508 3.65994872
 3.63146721 3.59040168 3.53529326 3.46468308 3.37711225 3.27112191
 3.14525318 2.99804719 2.82804507 2.63378793 2.41381691 2.16667314
 1.89089773 1.58503182 1.24761653 0.87719298]