
p_x=[1.7226528854435832, 164.51335055986218, 397.0714900947459, 596.8992248062015, 795.0043066322137, 995.693367786391]
p_y=[0.23529411764705976, 3.1764705882352935, 4.470588235294118, 4.23529411764706, 3.4117647058823533, 0.5882352941176467]
a_x=[3.4453057708871664, 171.40396210163652, 397.0714900947459, 596.0378983634797, 801.0335917312663, 909.5607235142119, 996.5546942291128]
a_y=[0.4093567251461998, 3.5672514619883042, 3.8011695906432754, 3.5672514619883042, 3.6842105263157894, 2.8654970760233924, 0.526315789473685]
d_x=[3.4453057708871664, 175.71059431524546, 398.7941429801895, 596.8992248062015, 798.4496124031008, 907.8380706287683, 996.5546942291128]
d_y=[0.6432748538011701, 3.9181286549707606, 3.8011695906432754, 3.8011695906432754, 4.502923976608187, 3.6842105263157894, 0.526315789473685]
p_x_fitting=[  1.72265289  11.76276112  21.80286935  31.84297758  41.88308581
  51.92319404  61.96330227  72.0034105   82.04351874  92.08362697
 102.1237352  112.16384343 122.20395166 132.24405989 142.28416812
 152.32427636 162.36438459 172.40449282 182.44460105 192.48470928
 202.52481751 212.56492574 222.60503397 232.64514221 242.68525044
 252.72535867 262.7654669  272.80557513 282.84568336 292.88579159
 302.92589983 312.96600806 323.00611629 333.04622452 343.08633275
 353.12644098 363.16654921 373.20665744 383.24676568 393.28687391
 403.32698214 413.36709037 423.4071986  433.44730683 443.48741506
 453.52752329 463.56763153 473.60773976 483.64784799 493.68795622
 503.72806445 513.76817268 523.80828091 533.84838915 543.88849738
 553.92860561 563.96871384 574.00882207 584.0489303  594.08903853
 604.12914676 614.169255   624.20936323 634.24947146 644.28957969
 654.32968792 664.36979615 674.40990438 684.45001262 694.49012085
 704.53022908 714.57033731 724.61044554 734.65055377 744.690662
 754.73077023 764.77087847 774.8109867  784.85109493 794.89120316
 804.93131139 814.97141962 825.01152785 835.05163609 845.09174432
 855.13185255 865.17196078 875.21206901 885.25217724 895.29228547
 905.3323937  915.37250194 925.41261017 935.4527184  945.49282663
 955.53293486 965.57304309 975.61315132 985.65325956 995.69336779]
p_y_fitting=[0.23529412 0.48177739 0.71889697 0.94682332 1.16572688 1.37577811
 1.57714744 1.77000534 1.95452226 2.13086864 2.29921493 2.45973158
 2.61258905 2.75795778 2.89600823 3.02691084 3.15083606 3.26795435
 3.37843615 3.48245191 3.58017208 3.67176712 3.75740748 3.8372636
 3.91150593 3.98030492 4.04383103 4.1022547  4.15574638 4.20447653
 4.2486156  4.28833402 4.32380226 4.35519076 4.38266998 4.40641036
 4.42658236 4.44335641 4.45690299 4.46739252 4.47499368 4.47985065
 4.48208988 4.48183743 4.47921936 4.47436173 4.46739058 4.45843199
 4.44761201 4.43505669 4.42089209 4.40524427 4.3882393  4.37000321
 4.35066208 4.33034197 4.30916891 4.28726899 4.26476825 4.24179275
 4.21844595 4.1946137  4.1700603  4.14454868 4.1178418  4.08970262
 4.05989409 4.02817916 3.99432079 3.95808192 3.91922552 3.87751453
 3.83271191 3.78458061 3.73288359 3.67738379 3.61784418 3.55402769
 3.4856973  3.41261595 3.33454659 3.25125217 3.16249566 3.06804
 2.96764815 2.86108305 2.74810767 2.62848496 2.50197786 2.36834934
 2.22736234 2.07877982 1.92236474 1.75788003 1.58508867 1.4037536
 1.21363777 1.01450414 0.80611567 0.58823529]
a_x_fitting=[  3.44530577  13.47671374  23.5081217   33.53952966  43.57093763
  53.60234559  63.63375356  73.66516152  83.69656948  93.72797745
 103.75938541 113.79079338 123.82220134 133.85360931 143.88501727
 153.91642523 163.9478332  173.97924116 184.01064913 194.04205709
 204.07346506 214.10487302 224.13628098 234.16768895 244.19909691
 254.23050488 264.26191284 274.2933208  284.32472877 294.35613673
 304.3875447  314.41895266 324.45036063 334.48176859 344.51317655
 354.54458452 364.57599248 374.60740045 384.63880841 394.67021638
 404.70162434 414.7330323  424.76444027 434.79584823 444.8272562
 454.85866416 464.89007213 474.92148009 484.95288805 494.98429602
 505.01570398 515.04711195 525.07851991 535.10992787 545.14133584
 555.1727438  565.20415177 575.23555973 585.2669677  595.29837566
 605.32978362 615.36119159 625.39259955 635.42400752 645.45541548
 655.48682345 665.51823141 675.54963937 685.58104734 695.6124553
 705.64386327 715.67527123 725.7066792  735.73808716 745.76949512
 755.80090309 765.83231105 775.86371902 785.89512698 795.92653494
 805.95794291 815.98935087 826.02075884 836.0521668  846.08357477
 856.11498273 866.14639069 876.17779866 886.20920662 896.24061459
 906.27202255 916.30343052 926.33483848 936.36624644 946.39765441
 956.42906237 966.46047034 976.4918783  986.52328626 996.55469423]
a_y_fitting=[0.40935673 0.71621438 1.00575975 1.27845876 1.53477739 1.77518158
 2.00013729 2.21011046 2.40556706 2.58697303 2.75479434 2.90949693
 3.05154675 3.18140976 3.29955192 3.40643917 3.50253747 3.58831277
 3.66423103 3.7307582  3.78836023 3.83750308 3.8786527  3.91227504
 3.93883606 3.9588017  3.97263793 3.9808107  3.98378595 3.98202965
 3.97600774 3.96618619 3.95303093 3.93700793 3.91858314 3.89822252
 3.87639201 3.85355757 3.83018515 3.80674071 3.78366319 3.76116467
 3.73934378 3.71829828 3.69812596 3.6789246  3.66079198 3.64382588
 3.62812407 3.61378434 3.60090447 3.58958223 3.5799154  3.57200177
 3.56593912 3.56182521 3.55975784 3.55983479 3.56215382 3.56681272
 3.57384818 3.58299178 3.59388006 3.60614954 3.61943674 3.63337816
 3.64761033 3.66176977 3.67549297 3.68841647 3.70017677 3.71041039
 3.71875385 3.72484365 3.72831633 3.72880838 3.72595632 3.71939668
 3.70876595 3.69370067 3.67381538 3.64819708 3.61539256 3.57392411
 3.522314   3.45908452 3.38275796 3.29185658 3.18490268 3.06041854
 2.91692643 2.75294865 2.56700747 2.35762517 2.12332405 1.86262637
 1.57405442 1.25613049 0.90737685 0.52631579]
d_x_fitting=[  3.44530577  13.47671374  23.5081217   33.53952966  43.57093763
  53.60234559  63.63375356  73.66516152  83.69656948  93.72797745
 103.75938541 113.79079338 123.82220134 133.85360931 143.88501727
 153.91642523 163.9478332  173.97924116 184.01064913 194.04205709
 204.07346506 214.10487302 224.13628098 234.16768895 244.19909691
 254.23050488 264.26191284 274.2933208  284.32472877 294.35613673
 304.3875447  314.41895266 324.45036063 334.48176859 344.51317655
 354.54458452 364.57599248 374.60740045 384.63880841 394.67021638
 404.70162434 414.7330323  424.76444027 434.79584823 444.8272562
 454.85866416 464.89007213 474.92148009 484.95288805 494.98429602
 505.01570398 515.04711195 525.07851991 535.10992787 545.14133584
 555.1727438  565.20415177 575.23555973 585.2669677  595.29837566
 605.32978362 615.36119159 625.39259955 635.42400752 645.45541548
 655.48682345 665.51823141 675.54963937 685.58104734 695.6124553
 705.64386327 715.67527123 725.7066792  735.73808716 745.76949512
 755.80090309 765.83231105 775.86371902 785.89512698 795.92653494
 805.95794291 815.98935087 826.02075884 836.0521668  846.08357477
 856.11498273 866.14639069 876.17779866 886.20920662 896.24061459
 906.27202255 916.30343052 926.33483848 936.36624644 946.39765441
 956.42906237 966.46047034 976.4918783  986.52328626 996.55469423]
d_y_fitting=[0.64327485 0.97664265 1.28932668 1.5819282  1.85504848 2.10928878
 2.34525036 2.56353448 2.76474241 2.9494754  3.11833472 3.27192163
 3.4108374  3.53568327 3.64706052 3.74557041 3.8318142  3.90639315
 3.96990852 4.02296157 4.06615357 4.10008578 4.12535946 4.14257587
 4.15233628 4.15524194 4.15189412 4.14289408 4.12884307 4.11034238
 4.08799324 4.06239693 4.03415472 4.00386785 3.97213759 3.93956521
 3.90675196 3.87429911 3.84280792 3.81287965 3.7850973  3.7597581
 3.73693283 3.71668601 3.69908221 3.68418597 3.67206183 3.66277434
 3.65638804 3.65296748 3.65257721 3.65528177 3.6611457  3.67023356
 3.68260989 3.69833923 3.71748614 3.74011515 3.76629081 3.79607767
 3.82948344 3.86614638 3.90555699 3.94720543 3.99058182 4.03517631
 4.08047903 4.12598012 4.17116971 4.21553794 4.25857495 4.29977087
 4.33861584 4.37460001 4.4072135  4.43594644 4.46028899 4.47973127
 4.49376343 4.50187559 4.50344306 4.49683648 4.47990707 4.45050169
 4.40646718 4.34565041 4.26589822 4.16505747 4.04097501 3.89149771
 3.71447241 3.50774596 3.26916523 2.99657706 2.68782832 2.34076584
 1.9532365  1.52308714 1.04816462 0.52631579]