
p_x=[3.4453057708871664, 78.38070628768304, 193.79844961240312, 399.6554694229113, 597.7605512489233, 804.4788975021532, 996.5546942291128]
p_y=[0.35294117647058876, 3.647058823529412, 4.352941176470589, 3.647058823529412, 5.764705882352941, 5.0588235294117645, 0.0]
a_x=[2.5839793281653747, 69.76744186046511, 203.27304048234282, 303.1869078380706, 394.4875107665805, 496.1240310077519, 594.3152454780361, 689.0611541774333, 795.8656330749354, 890.6115417743324, 997.4160206718346]
a_y=[0.29239766081871466, 2.514619883040936, 4.853801169590644, 6.023391812865498, 5.321637426900585, 1.9298245614035086, 4.269005847953217, 6.140350877192983, 6.140350877192983, 4.152046783625732, 0.4093567251461998]
d_x=[3.4453057708871664, 75.79672695951766, 201.5503875968992, 302.3255813953488, 397.9328165374677, 497.8466838931955, 596.0378983634797, 683.0318690783807, 785.5297157622739, 997.4160206718346]
d_y=[0.6432748538011701, 3.2163742690058488, 4.619883040935672, 5.43859649122807, 5.2046783625731, 2.7485380116959064, 5.087719298245615, 6.257309941520468, 5.2046783625731, 0.4093567251461998]
p_x_fitting=[  3.44530577  13.47671374  23.5081217   33.53952966  43.57093763
  53.60234559  63.63375356  73.66516152  83.69656948  93.72797745
 103.75938541 113.79079338 123.82220134 133.85360931 143.88501727
 153.91642523 163.9478332  173.97924116 184.01064913 194.04205709
 204.07346506 214.10487302 224.13628098 234.16768895 244.19909691
 254.23050488 264.26191284 274.2933208  284.32472877 294.35613673
 304.3875447  314.41895266 324.45036063 334.48176859 344.51317655
 354.54458452 364.57599248 374.60740045 384.63880841 394.67021638
 404.70162434 414.7330323  424.76444027 434.79584823 444.8272562
 454.85866416 464.89007213 474.92148009 484.95288805 494.98429602
 505.01570398 515.04711195 525.07851991 535.10992787 545.14133584
 555.1727438  565.20415177 575.23555973 585.2669677  595.29837566
 605.32978362 615.36119159 625.39259955 635.42400752 645.45541548
 655.48682345 665.51823141 675.54963937 685.58104734 695.6124553
 705.64386327 715.67527123 725.7066792  735.73808716 745.76949512
 755.80090309 765.83231105 775.86371902 785.89512698 795.92653494
 805.95794291 815.98935087 826.02075884 836.0521668  846.08357477
 856.11498273 866.14639069 876.17779866 886.20920662 896.24061459
 906.27202255 916.30343052 926.33483848 936.36624644 946.39765441
 956.42906237 966.46047034 976.4918783  986.52328626 996.55469423]
p_y_fitting=[0.35294118 0.9888385  1.55832266 2.06477187 2.51156435 2.90207829
 3.23969191 3.52778342 3.76973102 3.96891293 4.12870735 4.2524925
 4.34364658 4.4055478  4.44157437 4.4551045  4.4495164  4.42818828
 4.39449834 4.35182479 4.30311908 4.24974546 4.19269929 4.13297594
 4.07157076 4.00947911 3.94769635 3.88721782 3.82903891 3.77415495
 3.72356131 3.67825336 3.63922643 3.6074759  3.58399712 3.56978545
 3.56583625 3.57314488 3.59270669 3.62551704 3.67252234 3.73355911
 3.80736272 3.89262134 3.98802314 4.09225631 4.20400901 4.32196942
 4.44482571 4.57126605 4.69997863 4.82965161 4.95897318 5.08663149
 5.21131474 5.33171109 5.44650871 5.55439579 5.65406049 5.74419099
 5.82356796 5.8917651  5.9487593  5.99453067 6.02905932 6.05232532
 6.06430879 6.06498982 6.0543485  6.03236494 5.99901924 5.95429149
 5.89816178 5.83061023 5.75161692 5.66116195 5.55922542 5.44578743
 5.32082808 5.18432746 5.03626568 4.87662282 4.705379   4.52251429
 4.32800882 4.12184266 3.90399592 3.6744487  3.4331811  3.1801732
 2.91540512 2.63885695 2.35050878 2.05034072 1.73833285 1.41446529
 1.07871813 0.73107146 0.37150538 0.        ]
a_x_fitting=[  2.58397933  12.63278783  22.68159633  32.73040482  42.77921332
  52.82802182  62.87683032  72.92563882  82.97444732  93.02325581
 103.07206431 113.12087281 123.16968131 133.21848981 143.26729831
 153.3161068  163.3649153  173.4137238  183.4625323  193.5113408
 203.5601493  213.6089578  223.65776629 233.70657479 243.75538329
 253.80419179 263.85300029 273.90180879 283.95061728 293.99942578
 304.04823428 314.09704278 324.14585128 334.19465978 344.24346827
 354.29227677 364.34108527 374.38989377 384.43870227 394.48751077
 404.53631927 414.58512776 424.63393626 434.68274476 444.73155326
 454.78036176 464.82917026 474.87797875 484.92678725 494.97559575
 505.02440425 515.07321275 525.12202125 535.17082974 545.21963824
 555.26844674 565.31725524 575.36606374 585.41487224 595.46368073
 605.51248923 615.56129773 625.61010623 635.65891473 645.70772323
 655.75653173 665.80534022 675.85414872 685.90295722 695.95176572
 706.00057422 716.04938272 726.09819121 736.14699971 746.19580821
 756.24461671 766.29342521 776.34223371 786.3910422  796.4398507
 806.4886592  816.5374677  826.5862762  836.6350847  846.6838932
 856.73270169 866.78151019 876.83031869 886.87912719 896.92793569
 906.97674419 917.02555268 927.07436118 937.12316968 947.17197818
 957.22078668 967.26959518 977.31840367 987.36721217 997.41602067]
a_y_fitting=[0.29239766 0.69653953 1.0730718  1.42351058 1.74937199 2.05217212
 2.3334271  2.59465303 2.83736601 3.06308217 3.27331761 3.46958845
 3.65341078 3.82630072 3.98977439 4.14534789 4.29453732 4.43885881
 4.57982846 4.71896238 4.85777667 4.9972128  5.13610238 5.2727929
 5.40563184 5.5329667  5.65314498 5.76451414 5.8654217  5.95421514
 6.02924152 6.08801232 6.12544968 6.13597578 6.11401279 6.05398288
 5.95030822 5.79741098 5.58971332 5.32163743 4.99145131 4.61280638
 4.20319992 3.78012919 3.36109146 2.963584   2.60510407 2.30314894
 2.07521588 1.93880216 1.90769951 1.97476176 2.12549621 2.34540222
 2.61997914 2.93472631 3.27514308 3.62672879 3.97498281 4.30540846
 4.60719194 4.88001569 5.12541977 5.34494424 5.54012916 5.71251457
 5.86364054 5.99504713 6.10827439 6.20474067 6.28454307 6.34696862
 6.39129267 6.41679055 6.42273758 6.4084091  6.37308043 6.31602692
 6.23652389 6.13384673 6.00760908 5.85856506 5.68770896 5.49603506
 5.28453761 5.0542109  4.80604919 4.54104677 4.2601979  3.96449685
 3.6549379  3.33251532 2.99822338 2.65305636 2.29800853 1.93407416
 1.56224752 1.18352288 0.79889453 0.40935673]
d_x_fitting=[  3.44530577  13.485414    23.52552223  33.56563046  43.6057387
  53.64584693  63.68595516  73.72606339  83.76617162  93.80627985
 103.84638808 113.88649632 123.92660455 133.96671278 144.00682101
 154.04692924 164.08703747 174.1271457  184.16725393 194.20736217
 204.2474704  214.28757863 224.32768686 234.36779509 244.40790332
 254.44801155 264.48811979 274.52822802 284.56833625 294.60844448
 304.64855271 314.68866094 324.72876917 334.7688774  344.80898564
 354.84909387 364.8892021  374.92931033 384.96941856 395.00952679
 405.04963502 415.08974326 425.12985149 435.16995972 445.21006795
 455.25017618 465.29028441 475.33039264 485.37050087 495.41060911
 505.45071734 515.49082557 525.5309338  535.57104203 545.61115026
 555.65125849 565.69136672 575.73147496 585.77158319 595.81169142
 605.85179965 615.89190788 625.93201611 635.97212434 646.01223258
 656.05234081 666.09244904 676.13255727 686.1726655  696.21277373
 706.25288196 716.29299019 726.33309843 736.37320666 746.41331489
 756.45342312 766.49353135 776.53363958 786.57374781 796.61385605
 806.65396428 816.69407251 826.73418074 836.77428897 846.8143972
 856.85450543 866.89461366 876.9347219  886.97483013 897.01493836
 907.05504659 917.09515482 927.13526305 937.17537128 947.21547952
 957.25558775 967.29569598 977.33580421 987.37591244 997.41602067]
d_y_fitting=[0.64327485 1.13106486 1.57192182 1.96861525 2.32391465 2.64058954
 2.92140942 3.1691438  3.38656218 3.57643408 3.74152901 3.88461647
 4.00846596 4.11584701 4.20952911 4.29228177 4.36687451 4.43607683
 4.50265823 4.56938823 4.63902473 4.71314902 4.79117088 4.87226577
 4.9556091  5.04037634 5.12574291 5.21088426 5.29497582 5.37719305
 5.45670114 5.53116357 5.59517352 5.642949   5.66870798 5.66666846
 5.63104842 5.55606587 5.43593877 5.26488514 5.03839739 4.76472606
 4.45947065 4.13831899 3.81695891 3.51107824 3.23636482 3.00850647
 2.84319103 2.75610631 2.7608087  2.85275184 3.01825536 3.24356879
 3.51494168 3.81862356 4.14086396 4.46791243 4.78601851 5.08143172
 5.34273538 5.56850084 5.75997095 5.91838861 6.04499671 6.14103815
 6.20775582 6.24639261 6.25819172 6.24441839 6.20637388 6.14536281
 6.0626898  5.95965944 5.83757636 5.69774518 5.54147049 5.37005692
 5.18480908 4.98703157 4.77802903 4.55910604 4.33156724 4.09671723
 3.85586062 3.61030203 3.36134607 3.11029735 2.85846049 2.6071401
 2.35764078 2.11126716 1.86932385 1.63311546 1.4039466  1.18312188
 0.97194593 0.77172334 0.58375873 0.40935673]