
p_x=[2.5839793281653747, 92.16192937123171, 195.52110249784667, 385.8742463393626, 592.5925925925926, 797.588285960379, 994.8320413436692]
p_y=[0.35294117647058876, 2.235294117647059, 3.5294117647058822, 3.4117647058823533, 3.5294117647058822, 3.2941176470588243, 0.47058823529411775]
a_x=[2.5839793281653747, 93.02325581395348, 199.82773471145566, 396.2101636520241, 601.2058570198105, 804.4788975021532, 994.8320413436692]
a_y=[0.1754385964912295, 2.1637426900584797, 3.333333333333334, 3.5672514619883042, 3.450292397660819, 2.7485380116959064, 0.29239766081871466]
d_x=[1.7226528854435832, 195.52110249784667, 401.3781223083548, 596.0378983634797, 800.1722652885444, 994.8320413436692]
d_y=[0.526315789473685, 2.280701754385966, 2.7485380116959064, 2.6315789473684212, 2.6315789473684212, 0.6432748538011701]
p_x_fitting=[  2.58397933  12.60668703  22.62939472  32.65210242  42.67481012
  52.69751781  62.72022551  72.74293321  82.76564091  92.7883486
 102.8110563  112.833764   122.85647169 132.87917939 142.90188709
 152.92459479 162.94730248 172.97001018 182.99271788 193.01542557
 203.03813327 213.06084097 223.08354866 233.10625636 243.12896406
 253.15167176 263.17437945 273.19708715 283.21979485 293.24250254
 303.26521024 313.28791794 323.31062564 333.33333333 343.35604103
 353.37874873 363.40145642 373.42416412 383.44687182 393.46957952
 403.49228721 413.51499491 423.53770261 433.5604103  443.583118
 453.6058257  463.6285334  473.65124109 483.67394879 493.69665649
 503.71936418 513.74207188 523.76477958 533.78748728 543.81019497
 553.83290267 563.85561037 573.87831806 583.90102576 593.92373346
 603.94644116 613.96914885 623.99185655 634.01456425 644.03727194
 654.05997964 664.08268734 674.10539504 684.12810273 694.15081043
 704.17351813 714.19622582 724.21893352 734.24164122 744.26434892
 754.28705661 764.30976431 774.33247201 784.3551797  794.3778874
 804.4005951  814.4233028  824.44601049 834.46871819 844.49142589
 854.51413358 864.53684128 874.55954898 884.58225668 894.60496437
 904.62767207 914.65037977 924.67308746 934.69579516 944.71850286
 954.74121056 964.76391825 974.78662595 984.80933365 994.83204134]
p_y_fitting=[0.35294118 0.58762011 0.81729195 1.04149973 1.25978644 1.47169509
 1.67676868 1.87455023 2.06458274 2.24640921 2.41957267 2.5836161
 2.73808252 2.88251493 3.01645635 3.13944977 3.25103821 3.35076467
 3.43817216 3.51280368 3.57429962 3.6231479  3.6602728  3.68660224
 3.70306412 3.71058635 3.71009684 3.70252349 3.68879421 3.6698369
 3.64657948 3.61994984 3.59087589 3.56028555 3.52910671 3.49826729
 3.46869518 3.4413183  3.41706456 3.39677714 3.38058085 3.36823846
 3.35950998 3.35415542 3.35193477 3.35260806 3.35593527 3.36167643
 3.36959153 3.37944058 3.39098359 3.40398057 3.41819152 3.43337644
 3.44929535 3.46570825 3.48237514 3.49905603 3.51551094 3.53149984
 3.54677013 3.56103523 3.57400285 3.58538073 3.59487659 3.60219816
 3.60705315 3.60914931 3.60819435 3.60389599 3.59596198 3.58410002
 3.56801785 3.54742319 3.52202377 3.49152731 3.45564154 3.41407419
 3.36653297 3.31272563 3.25235987 3.18514343 3.11078404 3.02898942
 2.93946729 2.84192538 2.73607142 2.62161313 2.49825823 2.36571446
 2.22368954 2.0718912  1.91002716 1.73780514 1.55493287 1.36111809
 1.1560685  0.93949185 0.71109585 0.47058824]
a_x_fitting=[  2.58397933  12.60668703  22.62939472  32.65210242  42.67481012
  52.69751781  62.72022551  72.74293321  82.76564091  92.7883486
 102.8110563  112.833764   122.85647169 132.87917939 142.90188709
 152.92459479 162.94730248 172.97001018 182.99271788 193.01542557
 203.03813327 213.06084097 223.08354866 233.10625636 243.12896406
 253.15167176 263.17437945 273.19708715 283.21979485 293.24250254
 303.26521024 313.28791794 323.31062564 333.33333333 343.35604103
 353.37874873 363.40145642 373.42416412 383.44687182 393.46957952
 403.49228721 413.51499491 423.53770261 433.5604103  443.583118
 453.6058257  463.6285334  473.65124109 483.67394879 493.69665649
 503.71936418 513.74207188 523.76477958 533.78748728 543.81019497
 553.83290267 563.85561037 573.87831806 583.90102576 593.92373346
 603.94644116 613.96914885 623.99185655 634.01456425 644.03727194
 654.05997964 664.08268734 674.10539504 684.12810273 694.15081043
 704.17351813 714.19622582 724.21893352 734.24164122 744.26434892
 754.28705661 764.30976431 774.33247201 784.3551797  794.3778874
 804.4005951  814.4233028  824.44601049 834.46871819 844.49142589
 854.51413358 864.53684128 874.55954898 884.58225668 894.60496437
 904.62767207 914.65037977 924.67308746 934.69579516 944.71850286
 954.74121056 964.76391825 974.78662595 984.80933365 994.83204134]
a_y_fitting=[0.1754386  0.44890467 0.70837776 0.95417929 1.18663066 1.40605328
 1.61276855 1.80709787 1.98936267 2.15988433 2.31898427 2.46698389
 2.6042046  2.73096781 2.84759491 2.95440733 3.05172646 3.13987371
 3.21917048 3.28993819 3.35249896 3.4072232  3.45455872 3.49496036
 3.52888292 3.55678121 3.57911007 3.59632429 3.6088787  3.61722811
 3.62182733 3.62313119 3.6215945  3.61767207 3.61181872 3.60448927
 3.59613853 3.58722131 3.57819243 3.56950671 3.56158345 3.55450744
 3.54817985 3.54249993 3.53736696 3.53268019 3.5283389  3.52424234
 3.52028979 3.51638051 3.51241376 3.50828882 3.50390494 3.49916139
 3.49395744 3.48819235 3.48176539 3.47457582 3.46652291 3.45750592
 3.44742384 3.43614755 3.42349683 3.40928602 3.39332943 3.37544142
 3.35543631 3.33312845 3.30833215 3.28086177 3.25053163 3.21715606
 3.18054941 3.14052601 3.09690019 3.04948628 2.99809863 2.94255156
 2.88265941 2.81823652 2.74909722 2.67505584 2.59592672 2.5115242
 2.4216626  2.32615627 2.22481954 2.11746673 2.0039122  1.88397027
 1.75745527 1.62418154 1.48396342 1.33661525 1.18195134 1.01978605
 0.8499337  0.67220863 0.48642517 0.29239766]
d_x_fitting=[  1.72265289  11.75406085  21.78546881  31.81687678  41.84828474
  51.87969271  61.91110067  71.94250864  81.9739166   92.00532456
 102.03673253 112.06814049 122.09954846 132.13095642 142.16236438
 152.19377235 162.22518031 172.25658828 182.28799624 192.31940421
 202.35081217 212.38222013 222.4136281  232.44503606 242.47644403
 252.50785199 262.53925996 272.57066792 282.60207588 292.63348385
 302.66489181 312.69629978 322.72770774 332.7591157  342.79052367
 352.82193163 362.8533396  372.88474756 382.91615553 392.94756349
 402.97897145 413.01037942 423.04178738 433.07319535 443.10460331
 453.13601128 463.16741924 473.1988272  483.23023517 493.26164313
 503.2930511  513.32445906 523.35586703 533.38727499 543.41868295
 553.45009092 563.48149888 573.51290685 583.54431481 593.57572277
 603.60713074 613.6385387  623.66994667 633.70135463 643.7327626
 653.76417056 663.79557852 673.82698649 683.85839445 693.88980242
 703.92121038 713.95261835 723.98402631 734.01543427 744.04684224
 754.0782502  764.10965817 774.14106613 784.17247409 794.20388206
 804.23529002 814.26669799 824.29810595 834.32951392 844.36092188
 854.39232984 864.42373781 874.45514577 884.48655374 894.5179617
 904.54936967 914.58077763 924.61218559 934.64359356 944.67500152
 954.70640949 964.73781745 974.76922542 984.80063338 994.83204134]
d_y_fitting=[0.52631579 0.65775461 0.78430243 0.90603813 1.02304059 1.13538871
 1.24316136 1.34643744 1.44529583 1.53981541 1.63007507 1.71615371
 1.79813019 1.87608342 1.95009227 2.02023564 2.0865924  2.14924145
 2.20826167 2.26373194 2.31573115 2.3643382  2.40963195 2.45169131
 2.49059515 2.52642237 2.55925184 2.58916246 2.6162331  2.64054267
 2.66217003 2.68119408 2.69769371 2.7117478  2.72343523 2.7328349
 2.74002568 2.74508646 2.74809614 2.74913359 2.7482778  2.74564147
 2.74142172 2.73582864 2.72907234 2.7213629  2.71291041 2.70392498
 2.69461669 2.68519564 2.67587192 2.66685563 2.65835686 2.65058571
 2.64375227 2.63806663 2.63373888 2.63097913 2.62999747 2.63100398
 2.63416726 2.63930008 2.64603428 2.65400025 2.66282842 2.67214919
 2.68159297 2.69079017 2.6993712  2.70696646 2.71320638 2.71772135
 2.72014179 2.7200981  2.7172207  2.71113999 2.70148638 2.68789028
 2.66998211 2.64739226 2.61975116 2.5866892  2.5478368  2.50282437
 2.45128231 2.39284104 2.32713096 2.25378249 2.17242603 2.08269199
 1.98421079 1.87661282 1.75952851 1.63258825 1.49542246 1.34766155
 1.18893592 1.01887599 0.83711217 0.64327485]