
p_x=[2.5839793281653747, 198.96640826873386, 387.59689922480624, 579.6726959517657, 667.5279931093885, 766.5805340223944, 919.8966408268734, 994.8320413436692]
p_y=[0.23529411764705976, 3.4117647058823533, 3.88235294117647, 2.235294117647059, 4.470588235294118, 3.88235294117647, 2.11764705882353, 0.35294117647058876]
a_x=[1.7226528854435832, 161.06804478897502, 398.7941429801895, 598.6218776916451, 801.894918173988, 944.8751076658053, 996.5546942291128]
a_y=[0.29239766081871466, 5.43859649122807, 4.736842105263158, 3.5672514619883042, 4.619883040935672, 2.0467836257309946, 0.526315789473685]
d_x=[2.5839793281653747, 167.09732988802756, 402.2394487510766, 617.5710594315245, 795.0043066322137, 931.0938845822567, 995.693367786391]
d_y=[0.29239766081871466, 3.333333333333334, 4.385964912280702, 4.970760233918129, 4.502923976608187, 2.280701754385966, 0.1754385964912295]
p_x_fitting=[  2.58397933  12.60668703  22.62939472  32.65210242  42.67481012
  52.69751781  62.72022551  72.74293321  82.76564091  92.7883486
 102.8110563  112.833764   122.85647169 132.87917939 142.90188709
 152.92459479 162.94730248 172.97001018 182.99271788 193.01542557
 203.03813327 213.06084097 223.08354866 233.10625636 243.12896406
 253.15167176 263.17437945 273.19708715 283.21979485 293.24250254
 303.26521024 313.28791794 323.31062564 333.33333333 343.35604103
 353.37874873 363.40145642 373.42416412 383.44687182 393.46957952
 403.49228721 413.51499491 423.53770261 433.5604103  443.583118
 453.6058257  463.6285334  473.65124109 483.67394879 493.69665649
 503.71936418 513.74207188 523.76477958 533.78748728 543.81019497
 553.83290267 563.85561037 573.87831806 583.90102576 593.92373346
 603.94644116 613.96914885 623.99185655 634.01456425 644.03727194
 654.05997964 664.08268734 674.10539504 684.12810273 694.15081043
 704.17351813 714.19622582 724.21893352 734.24164122 744.26434892
 754.28705661 764.30976431 774.33247201 784.3551797  794.3778874
 804.4005951  814.4233028  824.44601049 834.46871819 844.49142589
 854.51413358 864.53684128 874.55954898 884.58225668 894.60496437
 904.62767207 914.65037977 924.67308746 934.69579516 944.71850286
 954.74121056 964.76391825 974.78662595 984.80933365 994.83204134]
p_y_fitting=[0.23529412 0.38202869 0.53455273 0.69216118 0.85414895 1.01981099
 1.18844221 1.35933756 1.53179196 1.70510034 1.87855763 2.05145875
 2.22309866 2.39277226 2.55977449 2.72340028 2.88294456 3.03770227
 3.18696832 3.33003766 3.4662052  3.59476589 3.71501465 3.82624641
 3.9277561  4.01883865 4.09878899 4.16690205 4.22247276 4.26479606
 4.29316686 4.30688011 4.30523072 4.28751364 4.25302379 4.2010561
 4.1309055  4.04186692 3.93323529 3.80445981 3.65743154 3.49599209
 3.32403751 3.14546385 2.96416713 2.78404342 2.60898876 2.44289918
 2.28967074 2.15319949 2.03738145 1.94611269 1.88328924 1.85280715
 1.85856247 1.90445124 1.9943695  2.1322133  2.32165823 2.55882148
 2.8305499  3.12312299 3.42282026 3.71592123 3.9887054  4.22745228
 4.41844138 4.54896595 4.61856067 4.63488046 4.60572593 4.53889768
 4.44219632 4.32342246 4.19037671 4.05085967 3.91267196 3.78288203
 3.66266091 3.55033319 3.44420508 3.34258277 3.24377246 3.14608035
 3.04781265 2.94727555 2.84277525 2.73261795 2.61510986 2.48855716
 2.35126607 2.20154277 2.03769348 1.85802438 1.66084169 1.44445159
 1.20716029 0.94727399 0.66309888 0.35294118]
a_x_fitting=[  1.72265289  11.77146138  21.82026988  31.86907838  41.91788688
  51.96669538  62.01550388  72.06431237  82.11312087  92.16192937
 102.21073787 112.25954637 122.30835487 132.35716336 142.40597186
 152.45478036 162.50358886 172.55239736 182.60120586 192.65001436
 202.69882285 212.74763135 222.79643985 232.84524835 242.89405685
 252.94286535 262.99167384 273.04048234 283.08929084 293.13809934
 303.18690784 313.23571634 323.28452483 333.33333333 343.38214183
 353.43095033 363.47975883 373.52856733 383.57737583 393.62618432
 403.67499282 413.72380132 423.77260982 433.82141832 443.87022682
 453.91903531 463.96784381 474.01665231 484.06546081 494.11426931
 504.16307781 514.2118863  524.2606948  534.3095033  544.3583118
 554.4071203  564.4559288  574.5047373  584.55354579 594.60235429
 604.65116279 614.69997129 624.74877979 634.79758829 644.84639678
 654.89520528 664.94401378 674.99282228 685.04163078 695.09043928
 705.13924777 715.18805627 725.23686477 735.28567327 745.33448177
 755.38329027 765.43209877 775.48090726 785.52971576 795.57852426
 805.62733276 815.67614126 825.72494976 835.77375825 845.82256675
 855.87137525 865.92018375 875.96899225 886.01780075 896.06660924
 906.11541774 916.16422624 926.21303474 936.26184324 946.31065174
 956.35946024 966.40826873 976.45707723 986.50588573 996.55469423]
a_y_fitting=[0.29239766 0.83267068 1.33990331 1.81496126 2.25871023 2.67201593
 3.05574407 3.41076036 3.7379305  4.0381202  4.31219516 4.56102109
 4.78546371 4.98638871 5.1646618  5.32114869 5.45671508 5.57222669
 5.66854922 5.74654838 5.80708986 5.85103939 5.87926266 5.89262539
 5.89199328 5.87823203 5.85220736 5.81478497 5.76683056 5.70920985
 5.64278854 5.56843234 5.48700695 5.39937808 5.30641144 5.20897273
 5.10792766 5.00414194 4.89848128 4.79181138 4.68499446 4.57880695
 4.47393623 4.37106552 4.27087807 4.17405711 4.08128587 3.99324761
 3.91062554 3.83410291 3.76436295 3.7020889  3.647964   3.60267148
 3.56689458 3.54131653 3.52662058 3.52348995 3.53260788 3.55465762
 3.59023304 3.63859102 3.69795923 3.76653885 3.84253107 3.92413707
 4.00955804 4.09699515 4.1846496  4.27072257 4.35341525 4.43092881
 4.50146445 4.56322335 4.61440669 4.65321566 4.67785145 4.68651523
 4.6774082  4.64873154 4.59870991 4.526656   4.43340655 4.3199121
 4.18712317 4.0359903  3.86746403 3.68249489 3.48203342 3.26703014
 3.03843559 2.79720032 2.54427484 2.28060969 2.00715542 1.72486255
 1.43468162 1.13756316 0.8344577  0.52631579]
d_x_fitting=[  2.58397933  12.61538729  22.64679526  32.67820322  42.70961119
  52.74101915  62.77242711  72.80383508  82.83524304  92.86665101
 102.89805897 112.92946693 122.9608749  132.99228286 143.02369083
 153.05509879 163.08650676 173.11791472 183.14932268 193.18073065
 203.21213861 213.24354658 223.27495454 233.30636251 243.33777047
 253.36917843 263.4005864  273.43199436 283.46340233 293.49481029
 303.52621825 313.55762622 323.58903418 333.62044215 343.65185011
 353.68325808 363.71466604 373.746074   383.77748197 393.80888993
 403.8402979  413.87170586 423.90311383 433.93452179 443.96592975
 453.99733772 464.02874568 474.06015365 484.09156161 494.12296958
 504.15437754 514.1857855  524.21719347 534.24860143 544.2800094
 554.31141736 564.34282532 574.37423329 584.40564125 594.43704922
 604.46845718 614.49986515 624.53127311 634.56268107 644.59408904
 654.625497   664.65690497 674.68831293 684.7197209  694.75112886
 704.78253682 714.81394479 724.84535275 734.87676072 744.90816868
 754.93957665 764.97098461 775.00239257 785.03380054 795.0652085
 805.09661647 815.12802443 825.15943239 835.19084036 845.22224832
 855.25365629 865.28506425 875.31647222 885.34788018 895.37928814
 905.41069611 915.44210407 925.47351204 935.50492    945.53632797
 955.56773593 965.59914389 975.63055186 985.66195982 995.69336779]
d_y_fitting=[0.29239766 0.57271825 0.8387607  1.09093206 1.32963941 1.55528981
 1.76829031 1.969048   2.15796992 2.33546316 2.50193476 2.65779181
 2.80344135 2.93929047 3.06574621 3.18321566 3.29210586 3.39282389
 3.48577682 3.5713717  3.6500156  3.72211559 3.78807873 3.84831209
 3.90322273 3.95321772 3.99870412 4.04008899 4.07777941 4.11218243
 4.14370513 4.17275456 4.19973779 4.22506189 4.24913392 4.27236095
 4.29515004 4.31790825 4.34104266 4.36496032 4.3900679  4.41661783
 4.44447682 4.47345223 4.50335144 4.53398182 4.56515074 4.59666556
 4.62833367 4.65996242 4.6913592  4.72233137 4.75268629 4.78223136
 4.81077392 4.83812136 4.86408105 4.88846035 4.91106663 4.93170728
 4.95018965 4.96632112 4.97990106 4.99064444 4.99821561 5.00227825
 5.00249601 4.99853256 4.99005156 4.97671668 4.95819158 4.93413993
 4.90422539 4.86811163 4.8254623  4.77594109 4.71921164 4.65493763
 4.58278271 4.50241056 4.41342431 4.31518935 4.20701269 4.08820138
 3.95806243 3.81590287 3.66102972 3.49275    3.31037075 3.11319898
 2.90054173 2.67170602 2.42599886 2.16272729 1.88119834 1.58071902
 1.26059636 0.92013738 0.55864912 0.1754386 ]