
p_x=[0.8613264427217916, 197.24375538329025, 399.6554694229113, 602.0671834625323, 802.7562446167096, 995.693367786391]
p_y=[0.23529411764705976, 3.764705882352941, 5.294117647058823, 5.764705882352941, 4.470588235294118, 0.5882352941176467]
a_x=[0.8613264427217916, 195.52110249784667, 399.6554694229113, 598.6218776916451, 801.0335917312663, 996.5546942291128]
a_y=[0.1754385964912295, 3.6842105263157894, 4.269005847953217, 5.321637426900585, 4.502923976608187, 0.4093567251461998]
d_x=[0.0, 38.75968992248062, 192.9371231696813, 400.5167958656331, 602.0671834625323, 801.894918173988, 997.4160206718346]
d_y=[0.4093567251461998, 2.6315789473684212, 3.450292397660819, 3.0994152046783627, 3.6842105263157894, 2.397660818713451, 0.7602339181286553]
p_x_fitting=[8.61326443e-01 1.09101349e+01 2.09589434e+01 3.10077519e+01
 4.10565604e+01 5.11053689e+01 6.11541774e+01 7.12029859e+01
 8.12517944e+01 9.13006029e+01 1.01349411e+02 1.11398220e+02
 1.21447028e+02 1.31495837e+02 1.41544645e+02 1.51593454e+02
 1.61642262e+02 1.71691071e+02 1.81739879e+02 1.91788688e+02
 2.01837496e+02 2.11886305e+02 2.21935113e+02 2.31983922e+02
 2.42032730e+02 2.52081539e+02 2.62130347e+02 2.72179156e+02
 2.82227964e+02 2.92276773e+02 3.02325581e+02 3.12374390e+02
 3.22423198e+02 3.32472007e+02 3.42520815e+02 3.52569624e+02
 3.62618432e+02 3.72667241e+02 3.82716049e+02 3.92764858e+02
 4.02813666e+02 4.12862475e+02 4.22911283e+02 4.32960092e+02
 4.43008900e+02 4.53057709e+02 4.63106517e+02 4.73155326e+02
 4.83204134e+02 4.93252943e+02 5.03301751e+02 5.13350560e+02
 5.23399368e+02 5.33448177e+02 5.43496985e+02 5.53545794e+02
 5.63594602e+02 5.73643411e+02 5.83692219e+02 5.93741028e+02
 6.03789836e+02 6.13838645e+02 6.23887453e+02 6.33936262e+02
 6.43985070e+02 6.54033879e+02 6.64082687e+02 6.74131496e+02
 6.84180304e+02 6.94229113e+02 7.04277921e+02 7.14326730e+02
 7.24375538e+02 7.34424347e+02 7.44473155e+02 7.54521964e+02
 7.64570772e+02 7.74619581e+02 7.84668389e+02 7.94717198e+02
 8.04766006e+02 8.14814815e+02 8.24863623e+02 8.34912432e+02
 8.44961240e+02 8.55010049e+02 8.65058857e+02 8.75107666e+02
 8.85156474e+02 8.95205283e+02 9.05254091e+02 9.15302900e+02
 9.25351708e+02 9.35400517e+02 9.45449325e+02 9.55498134e+02
 9.65546942e+02 9.75595751e+02 9.85644559e+02 9.95693368e+02]
p_y_fitting=[0.23529412 0.48761739 0.7310885  0.96589832 1.19223768 1.41029746
 1.62026851 1.82234168 2.01670783 2.20355782 2.3830825  2.55547274
 2.72091938 2.87961328 3.0317453  3.1775063  3.31708714 3.45067866
 3.57847173 3.7006572  3.81742593 3.92896878 4.0354766  4.13714025
 4.23415058 4.32669846 4.41497473 4.49917026 4.5794759  4.6560825
 4.72918094 4.79896205 4.8656167  4.92933574 4.99031004 5.04873044
 5.1047878  5.15867299 5.21057685 5.26069024 5.30920227 5.35618047
 5.40149412 5.44499423 5.48653181 5.52595788 5.56312345 5.59787952
 5.63007711 5.65956723 5.6862009  5.70982912 5.73030291 5.74747327
 5.76119123 5.77130778 5.77767395 5.78014075 5.77855918 5.77278026
 5.76265501 5.74803972 5.72880337 5.70481681 5.6759509  5.6420765
 5.60306448 5.55878569 5.50911099 5.45391124 5.3930573  5.32642004
 5.2538703  5.17527896 5.09051686 4.99945487 4.90196386 4.79791467
 4.68717817 4.56962522 4.44512668 4.31355341 4.17477626 4.0286661
 3.87509379 3.71393018 3.54504614 3.36831253 3.1836002  2.99078001
 2.78972283 2.58029952 2.36238093 2.13583792 1.90054136 1.6563621
 1.40317101 1.14083893 0.86923674 0.58823529]
a_x_fitting=[8.61326443e-01 1.09188352e+01 2.09763440e+01 3.10338527e+01
 4.10913615e+01 5.11488703e+01 6.12063790e+01 7.12638878e+01
 8.13213966e+01 9.13789053e+01 1.01436414e+02 1.11493923e+02
 1.21551432e+02 1.31608940e+02 1.41666449e+02 1.51723958e+02
 1.61781467e+02 1.71838975e+02 1.81896484e+02 1.91953993e+02
 2.02011502e+02 2.12069011e+02 2.22126519e+02 2.32184028e+02
 2.42241537e+02 2.52299046e+02 2.62356554e+02 2.72414063e+02
 2.82471572e+02 2.92529081e+02 3.02586589e+02 3.12644098e+02
 3.22701607e+02 3.32759116e+02 3.42816624e+02 3.52874133e+02
 3.62931642e+02 3.72989151e+02 3.83046660e+02 3.93104168e+02
 4.03161677e+02 4.13219186e+02 4.23276695e+02 4.33334203e+02
 4.43391712e+02 4.53449221e+02 4.63506730e+02 4.73564238e+02
 4.83621747e+02 4.93679256e+02 5.03736765e+02 5.13794273e+02
 5.23851782e+02 5.33909291e+02 5.43966800e+02 5.54024309e+02
 5.64081817e+02 5.74139326e+02 5.84196835e+02 5.94254344e+02
 6.04311852e+02 6.14369361e+02 6.24426870e+02 6.34484379e+02
 6.44541887e+02 6.54599396e+02 6.64656905e+02 6.74714414e+02
 6.84771922e+02 6.94829431e+02 7.04886940e+02 7.14944449e+02
 7.25001958e+02 7.35059466e+02 7.45116975e+02 7.55174484e+02
 7.65231993e+02 7.75289501e+02 7.85347010e+02 7.95404519e+02
 8.05462028e+02 8.15519536e+02 8.25577045e+02 8.35634554e+02
 8.45692063e+02 8.55749572e+02 8.65807080e+02 8.75864589e+02
 8.85922098e+02 8.95979607e+02 9.06037115e+02 9.16094624e+02
 9.26152133e+02 9.36209642e+02 9.46267150e+02 9.56324659e+02
 9.66382168e+02 9.76439677e+02 9.86497185e+02 9.96554694e+02]
a_y_fitting=[0.1754386  0.50452442 0.81372775 1.10370165 1.37509916 1.62857334
 1.86477725 2.08436394 2.28798647 2.47629789 2.64995125 2.80959962
 2.95589604 3.08949357 3.21104526 3.32120418 3.42062337 3.50995588
 3.58985478 3.66097312 3.72396396 3.77948034 3.82817532 3.87070197
 3.90771332 3.93986244 3.96780239 3.99218621 4.01366696 4.0328977
 4.05053148 4.06722135 4.08362038 4.10038161 4.1181581  4.13760291
 4.15936909 4.18410969 4.21247777 4.24512638 4.28269984 4.32537131
 4.37261283 4.42383939 4.478466   4.53590768 4.59557941 4.6568962
 4.71927307 4.782125   4.84486702 4.90691411 4.96768129 5.02658356
 5.08303593 5.13645339 5.18625095 5.23184363 5.27264641 5.3080743
 5.33755637 5.36076338 5.37756967 5.38785593 5.39150285 5.38839114
 5.37840148 5.36141457 5.33731109 5.30597176 5.26727725 5.22110827
 5.16734551 5.10586965 5.03656141 4.95930146 4.8739705  4.78044924
 4.67861835 4.56835854 4.44955049 4.32207491 4.18581249 4.04064392
 3.88644989 3.7231111  3.55050825 3.36852202 3.17703311 2.97592221
 2.76507003 2.54435724 2.31366456 2.07287266 1.82186224 1.56051401
 1.28870865 1.00632685 0.71324931 0.40935673]
d_x_fitting=[  0.          10.0749093   20.1498186   30.2247279   40.2996372
  50.3745465   60.4494558   70.5243651   80.5992744   90.6741837
 100.749093   110.8240023  120.8989116  130.9738209  141.0487302
 151.1236395  161.1985488  171.2734581  181.34836739 191.42327669
 201.49818599 211.57309529 221.64800459 231.72291389 241.79782319
 251.87273249 261.94764179 272.02255109 282.09746039 292.17236969
 302.24727899 312.32218829 322.39709759 332.47200689 342.54691619
 352.62182549 362.69673479 372.77164409 382.84655339 392.92146269
 402.99637199 413.07128129 423.14619059 433.22109989 443.29600919
 453.37091849 463.44582779 473.52073709 483.59564639 493.67055569
 503.74546499 513.82037429 523.89528359 533.97019288 544.04510218
 554.12001148 564.19492078 574.26983008 584.34473938 594.41964868
 604.49455798 614.56946728 624.64437658 634.71928588 644.79419518
 654.86910448 664.94401378 675.01892308 685.09383238 695.16874168
 705.24365098 715.31856028 725.39346958 735.46837888 745.54328818
 755.61819748 765.69310678 775.76801608 785.84292538 795.91783468
 805.99274398 816.06765328 826.14256258 836.21747188 846.29238118
 856.36729048 866.44219978 876.51710908 886.59201837 896.66692767
 906.74183697 916.81674627 926.89165557 936.96656487 947.04147417
 957.11638347 967.19129277 977.26620207 987.34111137 997.41602067]
d_y_fitting=[0.40935673 1.11308418 1.72478834 2.25006264 2.69450052 3.06369543
 3.36324081 3.5987301  3.77575676 3.89991421 3.97679592 4.01199531
 4.01110583 3.97972092 3.92343404 3.84783862 3.7585281  3.66109593
 3.56113556 3.46424042 3.37539908 3.29578025 3.22506568 3.16293374
 3.10906284 3.06313134 3.02481766 2.99380018 2.96975728 2.95236735
 2.9413088  2.93625999 2.93689934 2.94290522 2.95395602 2.96973014
 2.98990596 3.01416187 3.04217627 3.07362754 3.10819358 3.14548961
 3.18500789 3.22622633 3.26862287 3.31167543 3.35486193 3.3976603
 3.43954848 3.48000437 3.51850592 3.55453104 3.58755767 3.61706372
 3.64252713 3.66342582 3.67923772 3.68944074 3.69351283 3.6909319
 3.68117788 3.66399536 3.63965593 3.60849359 3.57084236 3.52703623
 3.47740919 3.42229527 3.36202844 3.29694273 3.22737212 3.15365062
 3.07611223 2.99509096 2.9109208  2.82393576 2.73446983 2.64285703
 2.54943135 2.45452679 2.35847735 2.26161704 2.16427986 2.06679981
 1.96951089 1.8727471  1.77684245 1.68213093 1.58894655 1.49762331
 1.40849521 1.32189625 1.23816044 1.15762177 1.08061425 1.00747188
 0.93852866 0.87411859 0.81457568 0.76023392]