
p_x=[1.7226528854435832, 60.29285099052541, 136.95090439276487, 259.25925925925924, 394.4875107665805, 593.4539190353145, 797.588285960379, 996.5546942291128]
p_y=[0.117647058823529, 3.0588235294117645, 5.294117647058823, 5.176470588235294, 5.411764705882353, 5.0588235294117645, 3.88235294117647, 0.35294117647058876]
a_x=[6.029285099052541, 65.46080964685616, 134.36692506459949, 236.0034453057709, 290.26701119724373, 401.3781223083548, 585.7019810508183, 795.8656330749354, 993.9707149009474]
a_y=[0.526315789473685, 3.450292397660819, 5.555555555555555, 5.672514619883041, 4.736842105263158, 5.7894736842105265, 5.906432748538012, 4.502923976608187, 0.6432748538011701]
d_x=[3.4453057708871664, 54.263565891472865, 110.24978466838932, 244.6167097329888, 397.9328165374677, 605.5124892334195, 805.3402239448751, 903.5314384151594, 996.5546942291128]
d_y=[0.6432748538011701, 3.5672514619883042, 5.555555555555555, 6.7251461988304095, 5.7894736842105265, 5.321637426900585, 4.970760233918129, 3.6842105263157894, 0.6432748538011701]
p_x_fitting=[  1.72265289  11.77146138  21.82026988  31.86907838  41.91788688
  51.96669538  62.01550388  72.06431237  82.11312087  92.16192937
 102.21073787 112.25954637 122.30835487 132.35716336 142.40597186
 152.45478036 162.50358886 172.55239736 182.60120586 192.65001436
 202.69882285 212.74763135 222.79643985 232.84524835 242.89405685
 252.94286535 262.99167384 273.04048234 283.08929084 293.13809934
 303.18690784 313.23571634 323.28452483 333.33333333 343.38214183
 353.43095033 363.47975883 373.52856733 383.57737583 393.62618432
 403.67499282 413.72380132 423.77260982 433.82141832 443.87022682
 453.91903531 463.96784381 474.01665231 484.06546081 494.11426931
 504.16307781 514.2118863  524.2606948  534.3095033  544.3583118
 554.4071203  564.4559288  574.5047373  584.55354579 594.60235429
 604.65116279 614.69997129 624.74877979 634.79758829 644.84639678
 654.89520528 664.94401378 674.99282228 685.04163078 695.09043928
 705.13924777 715.18805627 725.23686477 735.28567327 745.33448177
 755.38329027 765.43209877 775.48090726 785.52971576 795.57852426
 805.62733276 815.67614126 825.72494976 835.77375825 845.82256675
 855.87137525 865.92018375 875.96899225 886.01780075 896.06660924
 906.11541774 916.16422624 926.21303474 936.26184324 946.31065174
 956.35946024 966.40826873 976.45707723 986.50588573 996.55469423]
p_y_fitting=[0.11764706 0.67916898 1.21954005 1.73686351 2.22924258 2.69478047
 3.13158043 3.53774568 3.91137944 4.25058494 4.55346541 4.81812407
 5.04266415 5.22518888 5.36398406 5.46079654 5.52046799 5.54794909
 5.54819049 5.52614289 5.48675696 5.43498338 5.37577282 5.31407596
 5.25484347 5.20302604 5.1635182  5.13861354 5.12696235 5.12694288
 5.13693337 5.15531208 5.18045726 5.21074715 5.24456002 5.28027409
 5.31626764 5.3509189  5.38260613 5.40970757 5.43084953 5.44594285
 5.45531295 5.45928543 5.45818591 5.45234    5.44207332 5.42771147
 5.40958007 5.38800473 5.36331106 5.33582468 5.30587119 5.27377622
 5.23986537 5.20446426 5.16789849 5.13049369 5.09257545 5.05446925
 5.01635624 4.97800634 4.9391167  4.89938446 4.85850676 4.81618074
 4.77210355 4.72597233 4.67748421 4.62633634 4.57222587 4.51484993
 4.45390567 4.38909022 4.32010074 4.24663436 4.16838822 4.08505947
 3.99634525 3.9019427  3.80154896 3.69486118 3.58157649 3.46139205
 3.33400498 3.19911243 3.05641155 2.90559948 2.74637335 2.57843032
 2.40146751 2.21518209 2.01927117 1.81343192 1.59736147 1.37075696
 1.13331553 0.88473433 0.6247105  0.35294118]
a_x_fitting=[  6.0292851   16.00849146  25.98769782  35.96690418  45.94611055
  55.92531691  65.90452327  75.88372963  85.86293599  95.84214235
 105.82134872 115.80055508 125.77976144 135.7589678  145.73817416
 155.71738052 165.69658689 175.67579325 185.65499961 195.63420597
 205.61341233 215.59261869 225.57182506 235.55103142 245.53023778
 255.50944414 265.4886505  275.46785686 285.44706322 295.42626959
 305.40547595 315.38468231 325.36388867 335.34309503 345.32230139
 355.30150776 365.28071412 375.25992048 385.23912684 395.2183332
 405.19753956 415.17674593 425.15595229 435.13515865 445.11436501
 455.09357137 465.07277773 475.0519841  485.03119046 495.01039682
 504.98960318 514.96880954 524.9480159  534.92722227 544.90642863
 554.88563499 564.86484135 574.84404771 584.82325407 594.80246044
 604.7816668  614.76087316 624.74007952 634.71928588 644.69849224
 654.67769861 664.65690497 674.63611133 684.61531769 694.59452405
 704.57373041 714.55293678 724.53214314 734.5113495  744.49055586
 754.46976222 764.44896858 774.42817494 784.40738131 794.38658767
 804.36579403 814.34500039 824.32420675 834.30341311 844.28261948
 854.26182584 864.2410322  874.22023856 884.19944492 894.17865128
 904.15785765 914.13706401 924.11627037 934.09547673 944.07468309
 954.05388945 964.03309582 974.01230218 983.99150854 993.9707149 ]
a_y_fitting=[0.52631579 1.07920535 1.60842025 2.11296218 2.59183284 3.04403395
 3.46856718 3.86443426 4.23063688 4.56617674 4.87005554 5.14127499
 5.37883679 5.58174315 5.74927082 5.881424   5.97832601 6.04010014
 6.06686971 6.05875802 6.01588837 5.93838408 5.82636844 5.67996478
 5.50181447 5.30610062 5.11031111 4.93193409 4.78845772 4.69679874
 4.66172393 4.67637723 4.73343664 4.82558016 4.94548582 5.08583162
 5.23929557 5.39855567 5.55628994 5.70517638 5.8379724  5.9508614
 6.04468447 6.12061568 6.17982915 6.22349896 6.2527992  6.26890398
 6.27298738 6.26622351 6.24978645 6.2248503  6.19258916 6.15417712
 6.11078828 6.06359673 6.01377656 5.96250187 5.91094676 5.86009259
 5.80991552 5.76006506 5.71019057 5.65994138 5.60896683 5.55691628
 5.50343905 5.44818449 5.39080196 5.33094077 5.26825029 5.20237985
 5.13297879 5.05969646 4.9821822  4.90008536 4.81305526 4.72074127
 4.62279271 4.51885893 4.40858928 4.29163309 4.16763972 4.03625849
 3.89713876 3.74992986 3.59428114 3.42984195 3.25626161 3.07318949
 2.88027491 2.67716722 2.46351576 2.23896988 2.00317892 1.75579221
 1.49645911 1.22482896 0.94055109 0.64327485]
d_x_fitting=[  3.44530577  13.47671374  23.5081217   33.53952966  43.57093763
  53.60234559  63.63375356  73.66516152  83.69656948  93.72797745
 103.75938541 113.79079338 123.82220134 133.85360931 143.88501727
 153.91642523 163.9478332  173.97924116 184.01064913 194.04205709
 204.07346506 214.10487302 224.13628098 234.16768895 244.19909691
 254.23050488 264.26191284 274.2933208  284.32472877 294.35613673
 304.3875447  314.41895266 324.45036063 334.48176859 344.51317655
 354.54458452 364.57599248 374.60740045 384.63880841 394.67021638
 404.70162434 414.7330323  424.76444027 434.79584823 444.8272562
 454.85866416 464.89007213 474.92148009 484.95288805 494.98429602
 505.01570398 515.04711195 525.07851991 535.10992787 545.14133584
 555.1727438  565.20415177 575.23555973 585.2669677  595.29837566
 605.32978362 615.36119159 625.39259955 635.42400752 645.45541548
 655.48682345 665.51823141 675.54963937 685.58104734 695.6124553
 705.64386327 715.67527123 725.7066792  735.73808716 745.76949512
 755.80090309 765.83231105 775.86371902 785.89512698 795.92653494
 805.95794291 815.98935087 826.02075884 836.0521668  846.08357477
 856.11498273 866.14639069 876.17779866 886.20920662 896.24061459
 906.27202255 916.30343052 926.33483848 936.36624644 946.39765441
 956.42906237 966.46047034 976.4918783  986.52328626 996.55469423]
d_y_fitting=[0.64327485 1.31489081 1.93848461 2.51559518 3.04776146 3.53652238
 3.98341689 4.38998392 4.75776241 5.08829129 5.38310951 5.64375791
 5.87187738 6.06925598 6.23769352 6.37898983 6.49494473 6.58735804
 6.6580296  6.70875922 6.74134672 6.75759193 6.75929467 6.74825477
 6.72627205 6.69501535 6.65555976 6.60881224 6.55567977 6.49706928
 6.43388773 6.36704208 6.29743927 6.22598627 6.15359002 6.08115748
 6.0095956  5.93981134 5.87271165 5.80920348 5.75013853 5.69574449
 5.64585515 5.60029809 5.55890089 5.52149113 5.4878964  5.45794428
 5.43146235 5.40827819 5.3882194  5.37111354 5.35678821 5.34507098
 5.33578944 5.32877118 5.32384377 5.3208348  5.31957184 5.31988249
 5.32159433 5.32448534 5.32812399 5.33202341 5.33569675 5.33865715
 5.34041775 5.34049169 5.33839211 5.33363214 5.32572494 5.31418364
 5.29852139 5.27825131 5.25288656 5.22194027 5.18492558 5.14135565
 5.09074359 5.03260256 4.96644567 4.89163143 4.80700395 4.71130042
 4.60325809 4.48161416 4.34510585 4.19247039 4.022445   3.83376689
 3.62517329 3.39540141 3.14318848 2.86727171 2.56638832 2.23927554
 1.88467059 1.50131067 1.08793302 0.64327485]