
p_x=[2.5839793281653747, 49.09560723514212, 114.55641688199827, 182.6012058570198, 294.57364341085275, 419.4659776055125, 525.4091300602929, 665.8053402239449, 818.260120585702, 909.5607235142119, 997.4160206718346]
p_y=[0.0, 2.4705882352941178, 4.23529411764706, 4.117647058823529, 3.2941176470588243, 4.705882352941177, 4.23529411764706, 4.823529411764706, 4.588235294117648, 2.9411764705882346, 0.35294117647058876]
a_x=[2.5839793281653747, 102.4978466838932, 287.6830318690784, 382.4289405684754, 467.7002583979328, 641.6881998277347, 799.3109388458226, 897.5021533161068, 997.4160206718346]
a_y=[0.4093567251461998, 4.502923976608187, 4.736842105263158, 5.087719298245615, 4.152046783625732, 4.619883040935672, 5.555555555555555, 4.035087719298246, 0.1754385964912295]
d_x=[0.0, 43.927648578811365, 114.55641688199827, 198.96640826873386, 403.1007751937984, 599.4832041343669, 806.2015503875969, 912.1447028423772, 994.8320413436692]
d_y=[0.1754385964912295, 3.6842105263157894, 4.385964912280702, 3.8011695906432754, 3.450292397660819, 3.8011695906432754, 4.385964912280702, 2.9824561403508776, 0.1754385964912295]
p_x_fitting=[  2.58397933  12.63278783  22.68159633  32.73040482  42.77921332
  52.82802182  62.87683032  72.92563882  82.97444732  93.02325581
 103.07206431 113.12087281 123.16968131 133.21848981 143.26729831
 153.3161068  163.3649153  173.4137238  183.4625323  193.5113408
 203.5601493  213.6089578  223.65776629 233.70657479 243.75538329
 253.80419179 263.85300029 273.90180879 283.95061728 293.99942578
 304.04823428 314.09704278 324.14585128 334.19465978 344.24346827
 354.29227677 364.34108527 374.38989377 384.43870227 394.48751077
 404.53631927 414.58512776 424.63393626 434.68274476 444.73155326
 454.78036176 464.82917026 474.87797875 484.92678725 494.97559575
 505.02440425 515.07321275 525.12202125 535.17082974 545.21963824
 555.26844674 565.31725524 575.36606374 585.41487224 595.46368073
 605.51248923 615.56129773 625.61010623 635.65891473 645.70772323
 655.75653173 665.80534022 675.85414872 685.90295722 695.95176572
 706.00057422 716.04938272 726.09819121 736.14699971 746.19580821
 756.24461671 766.29342521 776.34223371 786.3910422  796.4398507
 806.4886592  816.5374677  826.5862762  836.6350847  846.6838932
 856.73270169 866.78151019 876.83031869 886.87912719 896.92793569
 906.97674419 917.02555268 927.07436118 937.12316968 947.17197818
 957.22078668 967.26959518 977.31840367 987.36721217 997.41602067]
p_y_fitting=[0.         0.61556656 1.18659128 1.71245398 2.19253448 2.62621262
 3.01286821 3.35188109 3.64263108 3.884498   4.07686168 4.21910195
 4.31128193 4.35768159 4.36418792 4.33669108 4.28108122 4.20324848
 4.10908285 4.00411062 3.89273122 3.77912647 3.66747818 3.56196818
 3.46677829 3.38609033 3.32408612 3.28494748 3.27285623 3.29199419
 3.34516608 3.42863609 3.5367286  3.6637677  3.80407748 3.95198203
 4.10180543 4.24787178 4.38450515 4.50602964 4.60676934 4.68104833
 4.72343737 4.73381761 4.71718626 4.67874837 4.62370897 4.55727311
 4.4846458  4.4110321  4.34163703 4.28166564 4.23632295 4.2097287
 4.20127263 4.20905628 4.23118116 4.26574878 4.31086064 4.36461826
 4.42512314 4.49047679 4.55878072 4.62813644 4.69664546 4.76240928
 4.82352941 4.87831931 4.92594017 4.96576515 4.99716739 5.01952004
 5.03219624 5.03456913 5.02601187 5.0058976  4.97359947 4.92849062
 4.8699442  4.79733335 4.71003122 4.60741096 4.48893873 4.35470846
 4.20507363 4.04038857 3.86100759 3.66728502 3.45957516 3.23823234
 3.00361088 2.75606509 2.49594929 2.2236178  1.93942494 1.64372502
 1.33687237 1.0192213  0.69112613 0.35294118]
a_x_fitting=[  2.58397933  12.63278783  22.68159633  32.73040482  42.77921332
  52.82802182  62.87683032  72.92563882  82.97444732  93.02325581
 103.07206431 113.12087281 123.16968131 133.21848981 143.26729831
 153.3161068  163.3649153  173.4137238  183.4625323  193.5113408
 203.5601493  213.6089578  223.65776629 233.70657479 243.75538329
 253.80419179 263.85300029 273.90180879 283.95061728 293.99942578
 304.04823428 314.09704278 324.14585128 334.19465978 344.24346827
 354.29227677 364.34108527 374.38989377 384.43870227 394.48751077
 404.53631927 414.58512776 424.63393626 434.68274476 444.73155326
 454.78036176 464.82917026 474.87797875 484.92678725 494.97559575
 505.02440425 515.07321275 525.12202125 535.17082974 545.21963824
 555.26844674 565.31725524 575.36606374 585.41487224 595.46368073
 605.51248923 615.56129773 625.61010623 635.65891473 645.70772323
 655.75653173 665.80534022 675.85414872 685.90295722 695.95176572
 706.00057422 716.04938272 726.09819121 736.14699971 746.19580821
 756.24461671 766.29342521 776.34223371 786.3910422  796.4398507
 806.4886592  816.5374677  826.5862762  836.6350847  846.6838932
 856.73270169 866.78151019 876.83031869 886.87912719 896.92793569
 906.97674419 917.02555268 927.07436118 937.12316968 947.17197818
 957.22078668 967.26959518 977.31840367 987.36721217 997.41602067]
a_y_fitting=[0.40935673 1.07485339 1.67528457 2.21378815 2.69350202 3.11756409
 3.48911223 3.81128434 4.08721831 4.32005204 4.5129234  4.66897031
 4.79133063 4.88314228 4.94754313 4.98767108 5.00666402 5.00765984
 4.99379643 4.96821169 4.9340435  4.89442976 4.85250836 4.81141719
 4.77429413 4.74427709 4.72450395 4.7181126  4.72824094 4.7576514
 4.80407822 4.86166598 4.92448179 4.98659276 5.04206598 5.08496857
 5.10936764 5.1093303  5.07894035 5.01582295 4.92550444 4.81458027
 4.68964587 4.55729667 4.42412811 4.29673562 4.18171463 4.08519611
 4.00874804 3.9513485  3.91194584 3.88948843 3.88292462 3.89120276
 3.91327121 3.94807833 3.99457247 4.05170198 4.11841523 4.19366057
 4.27638635 4.36554093 4.46007267 4.55892993 4.66105574 4.76518692
 4.86979234 4.97332297 5.07422978 5.17096374 5.26197581 5.34571698
 5.42063821 5.48519047 5.53782473 5.57699196 5.60114313 5.60872921
 5.59820117 5.56800998 5.51668871 5.44357692 5.34847196 5.2311764
 5.09149284 4.92922386 4.74417205 4.53614    4.3049303  4.05034553
 3.77218829 3.47026115 3.14436672 2.79430757 2.41988629 2.02090548
 1.59716771 1.14847559 0.67463168 0.1754386 ]
d_x_fitting=[  0.          10.0488085   20.097617    30.1464255   40.19523399
  50.24404249  60.29285099  70.34165949  80.39046799  90.43927649
 100.48808498 110.53689348 120.58570198 130.63451048 140.68331898
 150.73212748 160.78093597 170.82974447 180.87855297 190.92736147
 200.97616997 211.02497847 221.07378697 231.12259546 241.17140396
 251.22021246 261.26902096 271.31782946 281.36663796 291.41544645
 301.46425495 311.51306345 321.56187195 331.61068045 341.65948895
 351.70829744 361.75710594 371.80591444 381.85472294 391.90353144
 401.95233994 412.00114844 422.04995693 432.09876543 442.14757393
 452.19638243 462.24519093 472.29399943 482.34280792 492.39161642
 502.44042492 512.48923342 522.53804192 532.58685042 542.63565891
 552.68446741 562.73327591 572.78208441 582.83089291 592.87970141
 602.92850991 612.9773184  623.0261269  633.0749354  643.1237439
 653.1725524  663.2213609  673.27016939 683.31897789 693.36778639
 703.41659489 713.46540339 723.51421189 733.56302038 743.61182888
 753.66063738 763.70944588 773.75825438 783.80706288 793.85587138
 803.90467987 813.95348837 824.00229687 834.05110537 844.09991387
 854.14872237 864.19753086 874.24633936 884.29514786 894.34395636
 904.39276486 914.44157336 924.49038185 934.53919035 944.58799885
 954.63680735 964.68561585 974.73442435 984.78323285 994.83204134]
d_y_fitting=[0.1754386  1.30090158 2.21932216 2.95037108 3.51371908 3.9290369
 4.21599527 4.39426494 4.48351665 4.50342113 4.47364913 4.41387138
 4.34308576 4.27022211 4.19645988 4.12277914 4.05015999 3.9795825
 3.91202675 3.84847281 3.78989911 3.73692928 3.68939547 3.64702272
 3.60953608 3.5766606  3.54812131 3.52364326 3.5029515  3.48577107
 3.47182701 3.46084438 3.45254821 3.44666355 3.44291544 3.44102893
 3.44072906 3.44174088 3.44378944 3.44659977 3.44989692 3.45346092
 3.45738247 3.46186128 3.46709718 3.47328998 3.48063952 3.48934563
 3.49960813 3.51162684 3.5256016  3.54173223 3.56021856 3.58126041
 3.60505761 3.63180998 3.66171736 3.69497957 3.73179643 3.77236778
 3.81688649 3.86515638 3.91639327 3.96976415 4.02443602 4.07957585
 4.13435064 4.18792738 4.23947304 4.28815462 4.33313911 4.37359349
 4.40868475 4.43757988 4.45944586 4.47344969 4.47875834 4.47453882
 4.45995809 4.43418316 4.39638101 4.34571102 4.28127087 4.20212831
 4.10735089 3.99600616 3.86716166 3.71988494 3.55324355 3.36630504
 3.15813695 2.92780684 2.67438224 2.39693071 2.09451979 1.76621704
 1.41109    1.02820621 0.61663323 0.1754386 ]