
p_x=[1.7226528854435832, 18.949181739879414, 51.67958656330749, 91.3006029285099, 200.6890611541774, 245.4780361757106, 296.2962962962963, 400.5167958656331, 490.9560723514212, 583.9793281653747, 698.5357450473729, 766.5805340223944, 859.603789836348, 920.7579672695952, 993.9707149009474]
p_y=[0.23529411764705976, 3.1764705882352935, 4.470588235294118, 4.23529411764706, 4.23529411764706, 4.588235294117648, 4.9411764705882355, 6.9411764705882355, 7.764705882352941, 7.529411764705882, 5.411764705882353, 4.823529411764706, 4.23529411764706, 3.4117647058823533, 0.35294117647058876]
a_x=[0.8613264427217916, 22.39448751076658, 41.343669250645995, 66.32213608957795, 145.56416881998277, 322.13608957795003, 447.0284237726098, 548.6649440137812, 618.4323858742463, 639.9655469422911, 663.2213608957795, 695.0904392764859, 761.4125753660637, 815.6761412575366, 872.5236864771748, 922.4806201550388, 954.349698535745, 999.1386735572783]
a_y=[0.4093567251461998, 4.619883040935672, 5.555555555555555, 5.7894736842105265, 5.906432748538012, 7.076023391812866, 5.43859649122807, 6.842105263157895, 6.140350877192983, 7.076023391812866, 7.6608187134502925, 7.543859649122807, 6.959064327485381, 6.959064327485381, 6.7251461988304095, 5.321637426900585, 3.450292397660819, 0.29239766081871466]
d_x=[3.4453057708871664, 28.42377260981912, 62.01550387596899, 120.58570198105082, 198.10508182601205, 336.77863910422053, 520.2411714039621, 732.1274763135228, 843.238587424634, 925.0645994832042, 995.693367786391]
d_y=[0.1754385964912295, 2.8654970760233924, 3.9181286549707606, 4.385964912280702, 4.152046783625732, 4.385964912280702, 6.023391812865498, 5.672514619883041, 5.672514619883041, 3.9181286549707606, 0.4093567251461998]
p_x_fitting=[  1.72265289  11.74536058  21.76806828  31.79077598  41.81348367
  51.83619137  61.85889907  71.88160677  81.90431446  91.92702216
 101.94972986 111.97243755 121.99514525 132.01785295 142.04056065
 152.06326834 162.08597604 172.10868374 182.13139143 192.15409913
 202.17680683 212.19951453 222.22222222 232.24492992 242.26763762
 252.29034531 262.31305301 272.33576071 282.3584684  292.3811761
 302.4038838  312.4265915  322.44929919 332.47200689 342.49471459
 352.51742228 362.54012998 372.56283768 382.58554538 392.60825307
 402.63096077 412.65366847 422.67637616 432.69908386 442.72179156
 452.74449926 462.76720695 472.78991465 482.81262235 492.83533004
 502.85803774 512.88074544 522.90345314 532.92616083 542.94886853
 552.97157623 562.99428392 573.01699162 583.03969932 593.06240702
 603.08511471 613.10782241 623.13053011 633.1532378  643.1759455
 653.1986532  663.2213609  673.24406859 683.26677629 693.28948399
 703.31219168 713.33489938 723.35760708 733.38031478 743.40302247
 753.42573017 763.44843787 773.47114556 783.49385326 793.51656096
 803.53926866 813.56197635 823.58468405 833.60739175 843.63009944
 853.65280714 863.67551484 873.69822254 883.72093023 893.74363793
 903.76634563 913.78905332 923.81176102 933.83446872 943.85717642
 953.87988411 963.90259181 973.92529951 983.9480072  993.9707149 ]
p_y_fitting=[0.23529412 2.2183424  3.46117277 4.13601088 4.41508236 4.47061277
 4.44778953 4.38859892 4.31040854 4.23058529 4.16298521 4.10981321
 4.07086042 4.04591797 4.03477701 4.03722868 4.05306411 4.08207444
 4.1240508  4.17878434 4.24606299 4.32419952 4.4076975  4.49045381
 4.56636538 4.63015412 4.68569315 4.74255748 4.81040845 4.89890738
 5.01714306 5.16594702 5.33994938 5.53362944 5.74146652 5.95793991
 6.17752891 6.39471283 6.60397098 6.79978265 6.97663877 7.13118311
 7.26471799 7.37915426 7.47640272 7.55837422 7.62697957 7.68412962
 7.73173518 7.7717023  7.80474189 7.82880294 7.84144551 7.84022967
 7.82271547 7.78646298 7.72903226 7.64798335 7.54087634 7.40615807
 7.24698135 7.06805401 6.87408489 6.6697828  6.45985655 6.24901497
 6.04196688 5.8434211  5.65808644 5.49067172 5.34573642 5.22399508
 5.12207485 5.036405   4.9634148  4.89953349 4.84119035 4.7849665
 4.7290814  4.67275413 4.61521804 4.55570647 4.49345275 4.42769024
 4.35765227 4.28257219 4.20162991 4.11200334 4.00831205 3.88500887
 3.73654661 3.55737806 3.34195606 3.0847334  2.7801629  2.42269737
 2.00678962 1.52689247 0.97745871 0.35294118]
a_x_fitting=[8.61326443e-01 1.09449360e+01 2.10285456e+01 3.11121551e+01
 4.11957647e+01 5.12793743e+01 6.13629838e+01 7.14465934e+01
 8.15302030e+01 9.16138125e+01 1.01697422e+02 1.11781032e+02
 1.21864641e+02 1.31948251e+02 1.42031860e+02 1.52115470e+02
 1.62199080e+02 1.72282689e+02 1.82366299e+02 1.92449908e+02
 2.02533518e+02 2.12617127e+02 2.22700737e+02 2.32784346e+02
 2.42867956e+02 2.52951566e+02 2.63035175e+02 2.73118785e+02
 2.83202394e+02 2.93286004e+02 3.03369613e+02 3.13453223e+02
 3.23536833e+02 3.33620442e+02 3.43704052e+02 3.53787661e+02
 3.63871271e+02 3.73954880e+02 3.84038490e+02 3.94122100e+02
 4.04205709e+02 4.14289319e+02 4.24372928e+02 4.34456538e+02
 4.44540147e+02 4.54623757e+02 4.64707367e+02 4.74790976e+02
 4.84874586e+02 4.94958195e+02 5.05041805e+02 5.15125414e+02
 5.25209024e+02 5.35292633e+02 5.45376243e+02 5.55459853e+02
 5.65543462e+02 5.75627072e+02 5.85710681e+02 5.95794291e+02
 6.05877900e+02 6.15961510e+02 6.26045120e+02 6.36128729e+02
 6.46212339e+02 6.56295948e+02 6.66379558e+02 6.76463167e+02
 6.86546777e+02 6.96630387e+02 7.06713996e+02 7.16797606e+02
 7.26881215e+02 7.36964825e+02 7.47048434e+02 7.57132044e+02
 7.67215654e+02 7.77299263e+02 7.87382873e+02 7.97466482e+02
 8.07550092e+02 8.17633701e+02 8.27717311e+02 8.37800920e+02
 8.47884530e+02 8.57968140e+02 8.68051749e+02 8.78135359e+02
 8.88218968e+02 8.98302578e+02 9.08386187e+02 9.18469797e+02
 9.28553407e+02 9.38637016e+02 9.48720626e+02 9.58804235e+02
 9.68887845e+02 9.78971454e+02 9.89055064e+02 9.99138674e+02]
a_y_fitting=[0.40935673 2.97619291 4.4806769  5.23531025 5.55259453 5.70181732
 5.77163314 5.80271409 5.81817111 5.8239257  5.82518042 5.82713787
 5.8350006  5.8539712  5.88925223 5.94563806 6.02287298 6.11729245
 6.22516796 6.34277099 6.46637301 6.59224552 6.71665999 6.8358879
 6.94620074 7.04386999 7.12516713 7.18636363 7.223731   7.23354069
 7.21206421 7.15557302 7.06034443 6.92583857 6.75996264 6.57200951
 6.371272   6.16704297 5.96861526 5.78528171 5.62633517 5.50106848
 5.4187745  5.38874605 5.420276   5.52068051 5.68025597 5.88061292
 6.10329243 6.32983554 6.54178333 6.72067683 6.8480571  6.90546521
 6.87444221 6.74006828 6.52751075 6.28730719 6.07039639 5.92771719
 5.91020839 6.06880881 6.43774517 6.90816989 7.30616591 7.56263293
 7.68568393 7.69563347 7.62987551 7.52736268 7.41828031 7.31044984
 7.20817836 7.11577301 7.03754089 6.97778912 6.94050886 6.92447214
 6.92416631 6.93395188 6.94818937 6.96123764 6.96707344 6.95880684
 6.92942843 6.87192879 6.77929851 6.64445359 6.45897648 6.21329901
 5.89781528 5.5029194  5.01997998 4.45481852 3.82431688 3.14563769
 2.43594355 1.71239708 0.99216092 0.29239766]
d_x_fitting=[  3.44530577  13.46801347  23.49072117  33.51342886  43.53613656
  53.55884426  63.58155195  73.60425965  83.62696735  93.64967505
 103.67238274 113.69509044 123.71779814 133.74050583 143.76321353
 153.78592123 163.80862892 173.83133662 183.85404432 193.87675202
 203.89945971 213.92216741 223.94487511 233.9675828  243.9902905
 254.0129982  264.0357059  274.05841359 284.08112129 294.10382899
 304.12653668 314.14924438 324.17195208 334.19465978 344.21736747
 354.24007517 364.26278287 374.28549056 384.30819826 394.33090596
 404.35361366 414.37632135 424.39902905 434.42173675 444.44444444
 454.46715214 464.48985984 474.51256754 484.53527523 494.55798293
 504.58069063 514.60339832 524.62610602 534.64881372 544.67152142
 554.69422911 564.71693681 574.73964451 584.7623522  594.7850599
 604.8077676  614.8304753  624.85318299 634.87589069 644.89859839
 654.92130608 664.94401378 674.96672148 684.98942918 695.01213687
 705.03484457 715.05755227 725.08025996 735.10296766 745.12567536
 755.14838306 765.17109075 775.19379845 785.21650615 795.23921384
 805.26192154 815.28462924 825.30733694 835.33004463 845.35275233
 855.37546003 865.39816772 875.42087542 885.44358312 895.46629082
 905.48899851 915.51170621 925.53441391 935.5571216  945.5798293
 955.602537   965.6252447  975.64795239 985.67066009 995.69336779]
d_y_fitting=[0.1754386  1.5464554  2.51350809 3.15645226 3.55514352 3.78943748
 3.93913835 4.0634289  4.16941833 4.25612277 4.32255835 4.36774121
 4.39071271 4.39228289 4.3761606  4.3463234  4.30674883 4.26141446
 4.21429782 4.16937647 4.13050203 4.09946819 4.07639079 4.06133672
 4.05437286 4.05556612 4.06498337 4.0826915  4.10875742 4.14324801
 4.18623016 4.23777077 4.29793671 4.36679489 4.44432667 4.52974931
 4.62187813 4.71952486 4.82150121 4.92661892 5.03368972 5.14152533
 5.24893748 5.3547379  5.45773832 5.55675046 5.65058605 5.73805682
 5.81797449 5.8891508  5.95039747 6.00052623 6.03838103 6.06382008
 6.07789567 6.08172858 6.07643961 6.06314953 6.04297914 6.01704921
 5.98648052 5.95239388 5.91591005 5.87814983 5.84023399 5.80328334
 5.76841864 5.73676068 5.70943025 5.68754814 5.67223513 5.664612
 5.66579953 5.67689817 5.69739302 5.72400791 5.75319627 5.78141153
 5.80510712 5.82073646 5.82475298 5.81361011 5.78376128 5.73165991
 5.65376325 5.54723561 5.41077133 5.24326458 5.04360957 4.81070048
 4.5434315  4.24069682 3.90139063 3.52440711 3.10864045 2.65298485
 2.15633449 1.61758355 1.03562623 0.40935673]