
p_x=[2.5839793281653747, 39.621016365202415, 97.32988802756245, 192.9371231696813, 399.6554694229113, 593.4539190353145, 812.2308354866494, 993.9707149009474]
p_y=[-0.117647058823529, 3.0588235294117645, 4.470588235294118, 4.470588235294118, 4.705882352941177, 5.176470588235294, 2.5882352941176467, 0.23529411764705976]
a_x=[2.5839793281653747, 38.75968992248062, 99.05254091300603, 196.38242894056847, 600.3445305770887, 795.0043066322137, 995.693367786391]
a_y=[1.8128654970760234, 4.385964912280702, 5.2046783625731, 4.619883040935672, 4.502923976608187, 3.450292397660819, 0.29239766081871466]
d_x=[2.5839793281653747, 38.75968992248062, 86.13264427217916, 142.9801894918174, 275.62446167097335, 403.96210163652023, 596.8992248062015, 796.7269595176572, 996.5546942291128]
d_y=[0.526315789473685, 4.385964912280702, 5.7894736842105265, 5.43859649122807, 5.672514619883041, 4.853801169590644, 5.672514619883041, 3.9181286549707606, 0.4093567251461998]
p_x_fitting=[  2.58397933  12.59798676  22.61199419  32.62600162  42.64000905
  52.65401648  62.66802391  72.68203134  82.69603877  92.7100462
 102.72405363 112.73806106 122.75206849 132.76607592 142.78008335
 152.79409078 162.80809821 172.82210564 182.83611307 192.8501205
 202.86412793 212.87813536 222.89214279 232.90615022 242.92015765
 252.93416508 262.94817251 272.96217994 282.97618737 292.9901948
 303.00420223 313.01820966 323.03221709 333.04622452 343.06023195
 353.07423938 363.08824681 373.10225424 383.11626167 393.1302691
 403.14427653 413.15828396 423.17229139 433.18629882 443.20030625
 453.21431368 463.22832111 473.24232854 483.25633597 493.2703434
 503.28435083 513.29835826 523.31236569 533.32637312 543.34038055
 553.35438798 563.36839541 573.38240284 583.39641027 593.4104177
 603.42442513 613.43843256 623.45243999 633.46644742 643.48045485
 653.49446228 663.50846971 673.52247714 683.53648457 693.550492
 703.56449943 713.57850686 723.59251429 733.60652172 743.62052915
 753.63453658 763.64854401 773.66255144 783.67655887 793.6905663
 803.70457373 813.71858116 823.73258859 833.74659602 843.76060345
 853.77461088 863.78861831 873.80262574 883.81663317 893.8306406
 903.84464803 913.85865546 923.87266289 933.88667032 943.90067775
 953.91468518 963.92869261 973.94270004 983.95670747 993.9707149 ]
p_y_fitting=[-0.11764706  0.99711307  1.9101801   2.64279325  3.21619176  3.65161484
  3.97030172  4.19349164  4.34242381  4.43833746  4.5019886   4.5448036
  4.56977471  4.57959057  4.57693984  4.56451118  4.54499324  4.52107467
  4.49544412  4.47079026  4.44935735  4.43156516  4.41736529  4.40670936
  4.39954896  4.39583571  4.3955212   4.39855705  4.40489486  4.41448623
  4.42728277  4.44323608  4.46229778  4.48441946  4.50955273  4.5376492
  4.56866048  4.60253815  4.63923385  4.67869916  4.72088103  4.7654748
  4.81180117  4.85915033  4.90681247  4.9540778   5.00023651  5.0445788
  5.08639486  5.12497489  5.15960909  5.18958765  5.21420077  5.23273864
  5.24449147  5.24874944  5.24480276  5.23194161  5.20945621  5.17663674
  5.13297385  5.07877058  5.01453569  4.94077795  4.85800615  4.76672904
  4.66745541  4.56069402  4.44695366  4.32674309  4.20057108  4.06894642
  3.93237786  3.7913742   3.64644419  3.49809661  3.34684024  3.19318384
  3.0376362   2.88070608  2.72290225  2.5647335   2.40670859  2.24933629
  2.09312539  1.93858464  1.78622283  1.63654873  1.49007111  1.34729874
  1.2087404   1.07490486  0.9463009   0.82343728  0.70682278  0.59696617
  0.49437623  0.39956172  0.31303143  0.23529412]
a_x_fitting=[  2.58397933  12.61538729  22.64679526  32.67820322  42.70961119
  52.74101915  62.77242711  72.80383508  82.83524304  92.86665101
 102.89805897 112.92946693 122.9608749  132.99228286 143.02369083
 153.05509879 163.08650676 173.11791472 183.14932268 193.18073065
 203.21213861 213.24354658 223.27495454 233.30636251 243.33777047
 253.36917843 263.4005864  273.43199436 283.46340233 293.49481029
 303.52621825 313.55762622 323.58903418 333.62044215 343.65185011
 353.68325808 363.71466604 373.746074   383.77748197 393.80888993
 403.8402979  413.87170586 423.90311383 433.93452179 443.96592975
 453.99733772 464.02874568 474.06015365 484.09156161 494.12296958
 504.15437754 514.1857855  524.21719347 534.24860143 544.2800094
 554.31141736 564.34282532 574.37423329 584.40564125 594.43704922
 604.46845718 614.49986515 624.53127311 634.56268107 644.59408904
 654.625497   664.65690497 674.68831293 684.7197209  694.75112886
 704.78253682 714.81394479 724.84535275 734.87676072 744.90816868
 754.93957665 764.97098461 775.00239257 785.03380054 795.0652085
 805.09661647 815.12802443 825.15943239 835.19084036 845.22224832
 855.25365629 865.28506425 875.31647222 885.34788018 895.37928814
 905.41069611 915.44210407 925.47351204 935.50492    945.53632797
 955.56773593 965.59914389 975.63055186 985.66195982 995.69336779]
a_y_fitting=[1.8128655  2.75950513 3.51627765 4.10366806 4.54216134 4.8522425
 5.05439652 5.1691084  5.21686313 5.2181457  5.19326777 5.15508964
 5.10635771 5.04909699 4.98533245 4.91708908 4.84639188 4.77526583
 4.70573591 4.63982712 4.57944468 4.52517081 4.47676596 4.43397822
 4.39655568 4.36424644 4.3367986  4.31396025 4.29547949 4.28110442
 4.27058313 4.26366371 4.26009426 4.25962289 4.26199768 4.26696673
 4.27427813 4.28367999 4.2949204  4.30774745 4.32190925 4.33715388
 4.35322944 4.36988403 4.38686575 4.40392269 4.42080294 4.43725461
 4.45302579 4.46786457 4.48151905 4.49373733 4.5042675  4.51285766
 4.51925591 4.52321034 4.52446904 4.52278012 4.51789167 4.50955178
 4.49751064 4.48159447 4.46172544 4.43783183 4.40984194 4.37768408
 4.34128653 4.30057759 4.25548556 4.20593872 4.15186539 4.09319384
 4.02985238 3.96176931 3.88887291 3.81109149 3.72835334 3.64058675
 3.54772002 3.44968145 3.34639932 3.23780195 3.12381762 3.00437462
 2.87940126 2.74882582 2.61257661 2.47058192 2.32277004 2.16906927
 2.00940791 1.84371425 1.67191659 1.49394322 1.30972243 1.11918253
 0.92225181 0.71885856 0.50893108 0.29239766]
d_x_fitting=[  2.58397933  12.62408756  22.66419579  32.70430402  42.74441225
  52.78452048  62.82462872  72.86473695  82.90484518  92.94495341
 102.98506164 113.02516987 123.0652781  133.10538634 143.14549457
 153.1856028  163.22571103 173.26581926 183.30592749 193.34603572
 203.38614395 213.42625219 223.46636042 233.50646865 243.54657688
 253.58668511 263.62679334 273.66690157 283.70700981 293.74711804
 303.78722627 313.8273345  323.86744273 333.90755096 343.94765919
 353.98776742 364.02787566 374.06798389 384.10809212 394.14820035
 404.18830858 414.22841681 424.26852504 434.30863328 444.34874151
 454.38884974 464.42895797 474.4690662  484.50917443 494.54928266
 504.58939089 514.62949913 524.66960736 534.70971559 544.74982382
 554.78993205 564.83004028 574.87014851 584.91025674 594.95036498
 604.99047321 615.03058144 625.07068967 635.1107979  645.15090613
 655.19101436 665.2311226  675.27123083 685.31133906 695.35144729
 705.39155552 715.43166375 725.47177198 735.51188021 745.55198845
 755.59209668 765.63220491 775.67231314 785.71242137 795.7525296
 805.79263783 815.83274607 825.8728543  835.91296253 845.95307076
 855.99317899 866.03328722 876.07339545 886.11350368 896.15361192
 906.19372015 916.23382838 926.27393661 936.31404484 946.35415307
 956.3942613  966.43436954 976.47447777 986.514586   996.55469423]
d_y_fitting=[0.52631579 1.92605059 3.05881502 3.95184    4.63235642 5.12759521
 5.46478728 5.67116353 5.77395489 5.79987556 5.76988423 5.70134216
 5.61155563 5.51783093 5.43747433 5.38407322 5.35705613 5.35248252
 5.36641184 5.39490353 5.43401704 5.47981181 5.52834729 5.57568294
 5.61787819 5.6509925  5.6710853  5.67421606 5.65705911 5.62076068
 5.56844322 5.50323793 5.428276   5.34668861 5.26160697 5.17616227
 5.09348569 5.01670843 4.94896169 4.89337664 4.85308449 4.83036399
 4.82430695 4.83326057 4.85557199 4.88958839 4.93365694 4.9861248
 5.04533916 5.10964717 5.177396   5.24693283 5.31660482 5.38475915
 5.44974297 5.50990347 5.56358781 5.60914315 5.64491668 5.66925555
 5.68069047 5.67908324 5.66488245 5.63853927 5.60050485 5.55123035
 5.49116695 5.42076581 5.34047808 5.25075493 5.15204752 5.04480702
 4.92948459 4.80653138 4.67639857 4.53953731 4.39639878 4.24743412
 4.09309451 3.9338311  3.77009506 3.60233755 3.43100974 3.25656278
 3.07944785 2.90011609 2.71901868 2.53660678 2.35333155 2.16964415
 1.98599574 1.80283749 1.62062057 1.43979612 1.26081533 1.08412934
 0.91018932 0.73944644 0.57235185 0.40935673]