
p_x=[2.5839793281653747, 51.67958656330749, 112.8337639965547, 194.6597760551249, 405.68475452196384, 590.0086132644273, 789.8363479758829, 994.8320413436692]
p_y=[0.35294117647058876, 3.4117647058823533, 4.588235294117648, 5.176470588235294, 3.647058823529412, 3.2941176470588243, 2.7058823529411766, 0.35294117647058876]
a_x=[0.8613264427217916, 49.09560723514212, 125.75366063738159, 236.8647717484927, 404.82342807924203, 601.2058570198105, 800.1722652885444, 997.4160206718346]
a_y=[1.8128654970760234, 4.619883040935672, 4.970760233918129, 3.9181286549707606, 2.8654970760233924, 3.333333333333334, 2.6315789473684212, 0.058479532163742576]
d_x=[0.8613264427217916, 42.20499569336779, 80.1033591731266, 130.92161929371233, 271.3178294573643, 440.9991386735573, 616.7097329888027, 797.588285960379, 996.5546942291128]
d_y=[0.4093567251461998, 3.333333333333334, 3.9181286549707606, 4.502923976608187, 4.035087719298246, 3.8011695906432754, 3.9181286549707606, 3.2163742690058488, 0.526315789473685]
p_x_fitting=[  2.58397933  12.60668703  22.62939472  32.65210242  42.67481012
  52.69751781  62.72022551  72.74293321  82.76564091  92.7883486
 102.8110563  112.833764   122.85647169 132.87917939 142.90188709
 152.92459479 162.94730248 172.97001018 182.99271788 193.01542557
 203.03813327 213.06084097 223.08354866 233.10625636 243.12896406
 253.15167176 263.17437945 273.19708715 283.21979485 293.24250254
 303.26521024 313.28791794 323.31062564 333.33333333 343.35604103
 353.37874873 363.40145642 373.42416412 383.44687182 393.46957952
 403.49228721 413.51499491 423.53770261 433.5604103  443.583118
 453.6058257  463.6285334  473.65124109 483.67394879 493.69665649
 503.71936418 513.74207188 523.76477958 533.78748728 543.81019497
 553.83290267 563.85561037 573.87831806 583.90102576 593.92373346
 603.94644116 613.96914885 623.99185655 634.01456425 644.03727194
 654.05997964 664.08268734 674.10539504 684.12810273 694.15081043
 704.17351813 714.19622582 724.21893352 734.24164122 744.26434892
 754.28705661 764.30976431 774.33247201 784.3551797  794.3778874
 804.4005951  814.4233028  824.44601049 834.46871819 844.49142589
 854.51413358 864.53684128 874.55954898 884.58225668 894.60496437
 904.62767207 914.65037977 924.67308746 934.69579516 944.71850286
 954.74121056 964.76391825 974.78662595 984.80933365 994.83204134]
p_y_fitting=[0.35294118 1.21713013 1.94542404 2.55117712 3.04774357 3.44847757
 3.76673332 4.01586503 4.20922688 4.36017308 4.48205782 4.58823529
 4.68951716 4.78654491 4.87741748 4.96023381 5.03309286 5.09409356
 5.14133487 5.17291571 5.18724572 5.18478303 5.1668153  5.13463251
 5.08952467 5.03278178 4.96569384 4.88955084 4.80564277 4.71525965
 4.61969147 4.52022822 4.41815991 4.31477653 4.21136808 4.10922456
 4.00963596 3.91389229 3.82328355 3.73909972 3.66263081 3.5950158
 3.53620768 3.48559937 3.44258046 3.40654054 3.37686918 3.35295598
 3.33419053 3.31996242 3.30966123 3.30267654 3.29839796 3.29621506
 3.29551743 3.29569467 3.29613635 3.29623207 3.29537142 3.29294891
 3.28856174 3.28207698 3.27338044 3.26235788 3.24889512 3.23287792
 3.21419209 3.1927234  3.16835766 3.14098064 3.11047814 3.07673595
 3.03963985 2.99907563 2.95492909 2.907086   2.85543217 2.79985337
 2.7402354  2.67646405 2.60842511 2.53600435 2.45908758 2.37756058
 2.29130914 2.20021905 2.1041761  2.00306607 1.89677476 1.78518796
 1.66819145 1.54567101 1.41751245 1.28360155 1.1438241  0.99806589
 0.8462127  0.68815032 0.52376455 0.35294118]
a_x_fitting=[8.61326443e-01 1.09275355e+01 2.09937445e+01 3.10599535e+01
 4.11261626e+01 5.11923716e+01 6.12585806e+01 7.13247897e+01
 8.13909987e+01 9.14572077e+01 1.01523417e+02 1.11589626e+02
 1.21655835e+02 1.31722044e+02 1.41788253e+02 1.51854462e+02
 1.61920671e+02 1.71986880e+02 1.82053089e+02 1.92119298e+02
 2.02185507e+02 2.12251716e+02 2.22317925e+02 2.32384134e+02
 2.42450343e+02 2.52516552e+02 2.62582761e+02 2.72648970e+02
 2.82715179e+02 2.92781388e+02 3.02847597e+02 3.12913806e+02
 3.22980015e+02 3.33046225e+02 3.43112434e+02 3.53178643e+02
 3.63244852e+02 3.73311061e+02 3.83377270e+02 3.93443479e+02
 4.03509688e+02 4.13575897e+02 4.23642106e+02 4.33708315e+02
 4.43774524e+02 4.53840733e+02 4.63906942e+02 4.73973151e+02
 4.84039360e+02 4.94105569e+02 5.04171778e+02 5.14237987e+02
 5.24304196e+02 5.34370405e+02 5.44436614e+02 5.54502823e+02
 5.64569032e+02 5.74635241e+02 5.84701450e+02 5.94767659e+02
 6.04833868e+02 6.14900077e+02 6.24966286e+02 6.35032495e+02
 6.45098705e+02 6.55164914e+02 6.65231123e+02 6.75297332e+02
 6.85363541e+02 6.95429750e+02 7.05495959e+02 7.15562168e+02
 7.25628377e+02 7.35694586e+02 7.45760795e+02 7.55827004e+02
 7.65893213e+02 7.75959422e+02 7.86025631e+02 7.96091840e+02
 8.06158049e+02 8.16224258e+02 8.26290467e+02 8.36356676e+02
 8.46422885e+02 8.56489094e+02 8.66555303e+02 8.76621512e+02
 8.86687721e+02 8.96753930e+02 9.06820139e+02 9.16886348e+02
 9.26952557e+02 9.37018766e+02 9.47084976e+02 9.57151185e+02
 9.67217394e+02 9.77283603e+02 9.87349812e+02 9.97416021e+02]
a_y_fitting=[1.8128655  2.65430434 3.34919984 3.91013179 4.34968    4.68042427
 4.91494443 5.06582026 5.14563157 5.16695818 5.14237988 5.08447649
 5.00582781 4.91859125 4.82842315 4.73588118 4.64138626 4.54535935
 4.44822138 4.3503933  4.25229605 4.15435056 4.05697779 3.96059868
 3.8656336  3.77249286 3.681578   3.5932903  3.50803101 3.42620141
 3.34820275 3.27443632 3.20530336 3.14120516 3.08254296 3.02971804
 2.98313167 2.94318511 2.91027963 2.88481648 2.86719694 2.85770151
 2.85589335 2.86107182 2.87253585 2.8895844  2.91151641 2.93763081
 2.96722656 2.99960259 3.03405786 3.0698913  3.10640187 3.14288849
 3.17865013 3.21298571 3.24519419 3.27457451 3.30042561 3.32204644
 3.33874161 3.35009812 3.3561102  3.35680379 3.35220484 3.34233927
 3.32723303 3.30691205 3.28140229 3.25072966 3.21492012 3.17399961
 3.12799405 3.07692939 3.02083157 2.95972653 2.89364021 2.82259854
 2.74662746 2.66575291 2.58000084 2.48939717 2.39396786 2.29373883
 2.18873603 2.07898539 1.96451286 1.84534437 1.72150586 1.59302327
 1.45992254 1.32222961 1.17997042 1.0331709  0.88185699 0.72605464
 0.56578978 0.40108835 0.23197629 0.05847953]
d_x_fitting=[8.61326443e-01 1.09188352e+01 2.09763440e+01 3.10338527e+01
 4.10913615e+01 5.11488703e+01 6.12063790e+01 7.12638878e+01
 8.13213966e+01 9.13789053e+01 1.01436414e+02 1.11493923e+02
 1.21551432e+02 1.31608940e+02 1.41666449e+02 1.51723958e+02
 1.61781467e+02 1.71838975e+02 1.81896484e+02 1.91953993e+02
 2.02011502e+02 2.12069011e+02 2.22126519e+02 2.32184028e+02
 2.42241537e+02 2.52299046e+02 2.62356554e+02 2.72414063e+02
 2.82471572e+02 2.92529081e+02 3.02586589e+02 3.12644098e+02
 3.22701607e+02 3.32759116e+02 3.42816624e+02 3.52874133e+02
 3.62931642e+02 3.72989151e+02 3.83046660e+02 3.93104168e+02
 4.03161677e+02 4.13219186e+02 4.23276695e+02 4.33334203e+02
 4.43391712e+02 4.53449221e+02 4.63506730e+02 4.73564238e+02
 4.83621747e+02 4.93679256e+02 5.03736765e+02 5.13794273e+02
 5.23851782e+02 5.33909291e+02 5.43966800e+02 5.54024309e+02
 5.64081817e+02 5.74139326e+02 5.84196835e+02 5.94254344e+02
 6.04311852e+02 6.14369361e+02 6.24426870e+02 6.34484379e+02
 6.44541887e+02 6.54599396e+02 6.64656905e+02 6.74714414e+02
 6.84771922e+02 6.94829431e+02 7.04886940e+02 7.14944449e+02
 7.25001958e+02 7.35059466e+02 7.45116975e+02 7.55174484e+02
 7.65231993e+02 7.75289501e+02 7.85347010e+02 7.95404519e+02
 8.05462028e+02 8.15519536e+02 8.25577045e+02 8.35634554e+02
 8.45692063e+02 8.55749572e+02 8.65807080e+02 8.75864589e+02
 8.85922098e+02 8.95979607e+02 9.06037115e+02 9.16094624e+02
 9.26152133e+02 9.36209642e+02 9.46267150e+02 9.56324659e+02
 9.66382168e+02 9.76439677e+02 9.86497185e+02 9.96554694e+02]
d_y_fitting=[0.40935673 1.4921894  2.30617292 2.89391795 3.29803515 3.56113517
 3.72582866 3.83472628 3.9304229  4.04305058 4.16791897 4.29430269
 4.41147638 4.50871539 4.57803258 4.62036956 4.6384854  4.63513914
 4.61308984 4.57509653 4.52391828 4.46231412 4.39304312 4.31886431
 4.24253675 4.16681949 4.09447157 4.02825135 3.97018205 3.92015919
 3.87769562 3.84230417 3.81349766 3.79078892 3.7736908  3.76171612
 3.75437772 3.75118842 3.75166106 3.75530846 3.76164347 3.77017891
 3.78042762 3.79190242 3.80411685 3.81668057 3.82939624 3.84208962
 3.85458645 3.86671248 3.87829348 3.88915518 3.89912335 3.90802374
 3.91568209 3.92192415 3.92657569 3.92946244 3.93041017 3.92924462
 3.92579155 3.91987671 3.91132901 3.90000334 3.88576735 3.86848878
 3.84803536 3.82427483 3.79707493 3.76630339 3.73182795 3.69351634
 3.6512363  3.60485557 3.55424187 3.49926296 3.43978656 3.3756804
 3.30681224 3.23304979 3.1542608  3.07031301 2.98107414 2.88641194
 2.78619414 2.68028848 2.56856269 2.45088451 2.32712168 2.19714193
 2.06081299 1.91800261 1.76857852 1.61240845 1.44936014 1.27930133
 1.10209976 0.91762315 0.72573925 0.52631579]