
p_x=[0.8613264427217916, 119.72437553832903, 218.77691645133507, 353.1438415159345, 636.5202411714039, 796.7269595176572, 900.947459086994, 995.693367786391]
p_y=[0.23529411764705976, 3.764705882352941, 4.470588235294118, 4.352941176470589, 4.352941176470589, 4.23529411764706, 3.2941176470588243, 0.35294117647058876]
a_x=[0.8613264427217916, 55.12489233419466, 111.1111111111111, 161.92937123169682, 205.85701981050818, 234.28079242032732, 275.62446167097335, 331.61068044788976, 393.62618432385875, 458.2256675279931, 521.102497846684, 691.6451335055987, 806.2015503875969, 911.2833763996555, 995.693367786391]
a_y=[0.4093567251461998, 3.450292397660819, 3.8011695906432754, 2.1637426900584797, 0.6432748538011701, 4.385964912280702, 6.257309941520468, 4.269005847953217, 4.385964912280702, 6.7251461988304095, 6.023391812865498, 5.43859649122807, 5.321637426900585, 3.5672514619883042, 0.4093567251461998]
d_x=[1.7226528854435832, 105.08182601205857, 192.0757967269595, 285.9603789836348, 402.2394487510766, 604.6511627906976, 801.894918173988, 908.69939707149, 995.693367786391]
d_y=[0.526315789473685, 3.9181286549707606, 5.672514619883041, 6.374269005847953, 5.2046783625731, 4.619883040935672, 5.555555555555555, 4.035087719298246, 0.7602339181286553]
p_x_fitting=[8.61326443e-01 1.09101349e+01 2.09589434e+01 3.10077519e+01
 4.10565604e+01 5.11053689e+01 6.11541774e+01 7.12029859e+01
 8.12517944e+01 9.13006029e+01 1.01349411e+02 1.11398220e+02
 1.21447028e+02 1.31495837e+02 1.41544645e+02 1.51593454e+02
 1.61642262e+02 1.71691071e+02 1.81739879e+02 1.91788688e+02
 2.01837496e+02 2.11886305e+02 2.21935113e+02 2.31983922e+02
 2.42032730e+02 2.52081539e+02 2.62130347e+02 2.72179156e+02
 2.82227964e+02 2.92276773e+02 3.02325581e+02 3.12374390e+02
 3.22423198e+02 3.32472007e+02 3.42520815e+02 3.52569624e+02
 3.62618432e+02 3.72667241e+02 3.82716049e+02 3.92764858e+02
 4.02813666e+02 4.12862475e+02 4.22911283e+02 4.32960092e+02
 4.43008900e+02 4.53057709e+02 4.63106517e+02 4.73155326e+02
 4.83204134e+02 4.93252943e+02 5.03301751e+02 5.13350560e+02
 5.23399368e+02 5.33448177e+02 5.43496985e+02 5.53545794e+02
 5.63594602e+02 5.73643411e+02 5.83692219e+02 5.93741028e+02
 6.03789836e+02 6.13838645e+02 6.23887453e+02 6.33936262e+02
 6.43985070e+02 6.54033879e+02 6.64082687e+02 6.74131496e+02
 6.84180304e+02 6.94229113e+02 7.04277921e+02 7.14326730e+02
 7.24375538e+02 7.34424347e+02 7.44473155e+02 7.54521964e+02
 7.64570772e+02 7.74619581e+02 7.84668389e+02 7.94717198e+02
 8.04766006e+02 8.14814815e+02 8.24863623e+02 8.34912432e+02
 8.44961240e+02 8.55010049e+02 8.65058857e+02 8.75107666e+02
 8.85156474e+02 8.95205283e+02 9.05254091e+02 9.15302900e+02
 9.25351708e+02 9.35400517e+02 9.45449325e+02 9.55498134e+02
 9.65546942e+02 9.75595751e+02 9.85644559e+02 9.95693368e+02]
p_y_fitting=[0.23529412 0.69757873 1.12514421 1.51934779 1.8815467  2.21309818
 2.51535946 2.78968777 3.03744035 3.25997443 3.45864723 3.63481601
 3.78983798 3.92507037 4.04187044 4.1415954  4.22560248 4.29524893
 4.35189198 4.39688886 4.43159679 4.45737302 4.47557101 4.48728361
 4.49317859 4.49388456 4.49003014 4.48224395 4.47115459 4.45739069
 4.44158085 4.4243537  4.40633784 4.38816189 4.37045446 4.35384418
 4.33886225 4.32557734 4.31392089 4.30382435 4.29521916 4.28803676
 4.28220859 4.27766608 4.27434067 4.27216381 4.27106693 4.27098147
 4.27183887 4.27357057 4.27610801 4.27938263 4.28332587 4.28786916
 4.29294394 4.29848166 4.30441375 4.31067166 4.31718681 4.32389066
 4.33071463 4.33759017 4.34444872 4.35122172 4.35782484 4.36403328
 4.36954848 4.37407122 4.37730227 4.37894242 4.37869244 4.37625312
 4.37132523 4.36360956 4.35280687 4.33861796 4.3207436  4.29888457
 4.27274166 4.24201563 4.20628516 4.16422645 4.11411121 4.05420924
 3.98279035 3.89812433 3.79848099 3.68213012 3.54734154 3.39238505
 3.21553044 3.01504752 2.78920609 2.53627595 2.2545269  1.94222876
 1.59765131 1.21906436 0.80473772 0.35294118]
a_x_fitting=[8.61326443e-01 1.09101349e+01 2.09589434e+01 3.10077519e+01
 4.10565604e+01 5.11053689e+01 6.11541774e+01 7.12029859e+01
 8.12517944e+01 9.13006029e+01 1.01349411e+02 1.11398220e+02
 1.21447028e+02 1.31495837e+02 1.41544645e+02 1.51593454e+02
 1.61642262e+02 1.71691071e+02 1.81739879e+02 1.91788688e+02
 2.01837496e+02 2.11886305e+02 2.21935113e+02 2.31983922e+02
 2.42032730e+02 2.52081539e+02 2.62130347e+02 2.72179156e+02
 2.82227964e+02 2.92276773e+02 3.02325581e+02 3.12374390e+02
 3.22423198e+02 3.32472007e+02 3.42520815e+02 3.52569624e+02
 3.62618432e+02 3.72667241e+02 3.82716049e+02 3.92764858e+02
 4.02813666e+02 4.12862475e+02 4.22911283e+02 4.32960092e+02
 4.43008900e+02 4.53057709e+02 4.63106517e+02 4.73155326e+02
 4.83204134e+02 4.93252943e+02 5.03301751e+02 5.13350560e+02
 5.23399368e+02 5.33448177e+02 5.43496985e+02 5.53545794e+02
 5.63594602e+02 5.73643411e+02 5.83692219e+02 5.93741028e+02
 6.03789836e+02 6.13838645e+02 6.23887453e+02 6.33936262e+02
 6.43985070e+02 6.54033879e+02 6.64082687e+02 6.74131496e+02
 6.84180304e+02 6.94229113e+02 7.04277921e+02 7.14326730e+02
 7.24375538e+02 7.34424347e+02 7.44473155e+02 7.54521964e+02
 7.64570772e+02 7.74619581e+02 7.84668389e+02 7.94717198e+02
 8.04766006e+02 8.14814815e+02 8.24863623e+02 8.34912432e+02
 8.44961240e+02 8.55010049e+02 8.65058857e+02 8.75107666e+02
 8.85156474e+02 8.95205283e+02 9.05254091e+02 9.15302900e+02
 9.25351708e+02 9.35400517e+02 9.45449325e+02 9.55498134e+02
 9.65546942e+02 9.75595751e+02 9.85644559e+02 9.95693368e+02]
a_y_fitting=[0.40935673 1.24260088 1.94229337 2.51794183 2.97905394 3.33513735
 3.59569972 3.7702487  3.86829195 3.89933713 3.87289189 3.79846374
 3.67823423 3.48748612 3.1953301  2.77087688 2.18323715 1.44286226
 0.74037259 0.31545795 0.40780917 1.23132298 2.61393938 4.0864882
 5.21452998 5.90720286 6.24039833 6.29111012 6.13518458 5.83465782
 5.44242685 5.01122577 4.59378862 4.24284355 3.99905817 3.86572961
 3.8389386  3.91476587 4.08929215 4.35859817 4.71463569 5.12797435
 5.5622832  5.98122788 6.34847401 6.62768725 6.78375714 6.81170517
 6.73782904 6.58987924 6.3956063  6.18276071 5.97903376 5.80315595
 5.65539509 5.53374195 5.43618732 5.36072199 5.30533674 5.26802235
 5.24676961 5.23956931 5.24441223 5.25928915 5.28219086 5.31110814
 5.34403179 5.37895257 5.41386129 5.44675148 5.4759284  5.50029094
 5.51880457 5.53043478 5.53414705 5.52890686 5.51367969 5.48743103
 5.44912634 5.39773113 5.33221085 5.25156686 5.15502168 5.0418822
 4.91145543 4.76304839 4.59596812 4.40952164 4.20301597 3.97575814
 3.72705518 3.45621411 3.16254196 2.84534575 2.50393251 2.13760926
 1.74568303 1.32746085 0.88224974 0.40935673]
d_x_fitting=[  1.72265289  11.76276112  21.80286935  31.84297758  41.88308581
  51.92319404  61.96330227  72.0034105   82.04351874  92.08362697
 102.1237352  112.16384343 122.20395166 132.24405989 142.28416812
 152.32427636 162.36438459 172.40449282 182.44460105 192.48470928
 202.52481751 212.56492574 222.60503397 232.64514221 242.68525044
 252.72535867 262.7654669  272.80557513 282.84568336 292.88579159
 302.92589983 312.96600806 323.00611629 333.04622452 343.08633275
 353.12644098 363.16654921 373.20665744 383.24676568 393.28687391
 403.32698214 413.36709037 423.4071986  433.44730683 443.48741506
 453.52752329 463.56763153 473.60773976 483.64784799 493.68795622
 503.72806445 513.76817268 523.80828091 533.84838915 543.88849738
 553.92860561 563.96871384 574.00882207 584.0489303  594.08903853
 604.12914676 614.169255   624.20936323 634.24947146 644.28957969
 654.32968792 664.36979615 674.40990438 684.45001262 694.49012085
 704.53022908 714.57033731 724.61044554 734.65055377 744.690662
 754.73077023 764.77087847 774.8109867  784.85109493 794.89120316
 804.93131139 814.97141962 825.01152785 835.05163609 845.09174432
 855.13185255 865.17196078 875.21206901 885.25217724 895.29228547
 905.3323937  915.37250194 925.41261017 935.4527184  945.49282663
 955.53293486 965.57304309 975.61315132 985.65325956 995.69336779]
d_y_fitting=[0.52631579 0.92377263 1.3060323  1.6733005  2.02578295 2.36368537
 2.68721347 2.99657298 3.2919696  3.57360905 3.84169706 4.09643933
 4.33804159 4.56670955 4.78264892 4.98606542 5.17716477 5.35615269
 5.52323489 5.67861706 5.8221925  5.95274829 6.06882683 6.16897051
 6.25172171 6.31562282 6.35921622 6.38104432 6.37964949 6.35381478
 6.30489851 6.23582075 6.14952346 6.04894858 5.93703806 5.81673385
 5.69097791 5.56271219 5.43487863 5.31041919 5.19227518 5.08270909
 4.98201483 4.89013148 4.80699809 4.73255376 4.66673755 4.60948855
 4.56074581 4.52044843 4.48853547 4.46494601 4.44961913 4.44249389
 4.44350938 4.45260467 4.46971883 4.49479094 4.52776007 4.5685653
 4.6171457  4.67327027 4.73591264 4.80381414 4.87571607 4.95035975
 5.02648647 5.10283753 5.17815425 5.25117793 5.32064986 5.38531136
 5.44390372 5.49516826 5.53784627 5.57067906 5.59240794 5.60177421
 5.59751916 5.57838412 5.54311278 5.49063207 5.42017737 5.3310137
 5.22240609 5.09361956 4.94391913 4.77256983 4.57883667 4.36198468
 4.12127888 3.85598429 3.56536594 3.24868884 2.90521803 2.53421851
 2.13495532 1.70669348 1.248698   0.76023392]