
p_x=[1.7226528854435832, 39.621016365202415, 86.13264427217916, 134.36692506459949, 270.4565030146425, 403.96210163652023, 483.2041343669251, 583.1180017226529, 822.566752799311, 997.4160206718346]
p_y=[0.117647058823529, 2.7058823529411766, 4.0, 4.117647058823529, 4.0, 2.4705882352941178, 3.764705882352941, 4.352941176470589, 3.5294117647058822, -0.117647058823529]
a_x=[2.5839793281653747, 46.51162790697674, 93.02325581395348, 138.67355727820842, 187.76916451335057, 285.9603789836348, 414.2980189491817, 599.4832041343669, 768.303186907838, 885.4435831180017, 996.5546942291128]
a_y=[0.058479532163742576, 2.1637426900584797, 5.2046783625731, 5.906432748538012, 5.906432748538012, 5.321637426900585, 3.9181286549707606, 3.5672514619883042, 3.9181286549707606, 3.0994152046783627, -0.058479532163742576]
d_x=[3.4453057708871664, 46.51162790697674, 89.57795004306632, 142.9801894918174, 310.07751937984494, 481.48148148148147, 602.0671834625323, 673.5572782084411, 774.3324720068906, 881.1369509043928, 939.7071490094746, 997.4160206718346]
d_y=[0.1754385964912295, 3.0994152046783627, 3.9181286549707606, 3.450292397660819, 3.0994152046783627, 2.6315789473684212, 5.087719298245615, 5.087719298245615, 2.7485380116959064, 2.6315789473684212, 1.8128654970760234, 0.058479532163742576]
p_x_fitting=[  1.72265289  11.78016165  21.83767042  31.89517918  41.95268795
  52.01019671  62.06770548  72.12521424  82.18272301  92.24023178
 102.29774054 112.35524931 122.41275807 132.47026684 142.5277756
 152.58528437 162.64279313 172.7003019  182.75781066 192.81531943
 202.8728282  212.93033696 222.98784573 233.04535449 243.10286326
 253.16037202 263.21788079 273.27538955 283.33289832 293.39040709
 303.44791585 313.50542462 323.56293338 333.62044215 343.67795091
 353.73545968 363.79296844 373.85047721 383.90798598 393.96549474
 404.02300351 414.08051227 424.13802104 434.1955298  444.25303857
 454.31054733 464.3680561  474.42556486 484.48307363 494.5405824
 504.59809116 514.65559993 524.71310869 534.77061746 544.82812622
 554.88563499 564.94314375 575.00065252 585.05816129 595.11567005
 605.17317882 615.23068758 625.28819635 635.34570511 645.40321388
 655.46072264 665.51823141 675.57574018 685.63324894 695.69075771
 705.74826647 715.80577524 725.863284   735.92079277 745.97830153
 756.0358103  766.09331906 776.15082783 786.2083366  796.26584536
 806.32335413 816.38086289 826.43837166 836.49588042 846.55338919
 856.61089795 866.66840672 876.72591549 886.78342425 896.84093302
 906.89844178 916.95595055 927.01345931 937.07096808 947.12847684
 957.18598561 967.24349438 977.30100314 987.35851191 997.41602067]
p_y_fitting=[ 0.11764706  0.96768367  1.69483453  2.30757779  2.8143916   3.22375409
  3.54414343  3.78403776  3.95191522  4.05650724  4.11022807  4.12827325
  4.12590685  4.11839295  4.11936282  4.13081326  4.14969111  4.17292273
  4.19743448  4.22015271  4.23800377  4.24791402  4.24680981  4.23161749
  4.19926343  4.14667396  4.07077546  3.9685284   3.84001038  3.69087245
  3.52734368  3.35565316  3.18202996  3.01270317  2.85390186  2.71185513
  2.59279204  2.50294167  2.44853312  2.43579546  2.47095776  2.55739251
  2.68725145  2.84993163  3.03483013  3.23134399  3.42887029  3.61680609
  3.78455307  3.92471497  4.03868684  4.12935917  4.19962245  4.25236717
  4.29048382  4.31686289  4.33439487  4.34597025  4.35447564  4.3618939
  4.36815101  4.37288824  4.37574684  4.37636808  4.37439322  4.36946353
  4.36122028  4.34930472  4.33335812  4.31302174  4.28793685  4.25774471
  4.22208659  4.18060374  4.13293744  4.07872894  4.01761951  3.94925042
  3.87326293  3.7892983   3.69699779  3.59600267  3.48595421  3.36649366
  3.23726229  3.09790137  2.94805216  2.78735592  2.61545392  2.43198741
  2.23659767  2.02892596  1.80861354  1.57530168  1.32863164  1.06824467
  0.79378206  0.50488506  0.20119493 -0.11764706]
a_x_fitting=[  2.58397933  12.62408756  22.66419579  32.70430402  42.74441225
  52.78452048  62.82462872  72.86473695  82.90484518  92.94495341
 102.98506164 113.02516987 123.0652781  133.10538634 143.14549457
 153.1856028  163.22571103 173.26581926 183.30592749 193.34603572
 203.38614395 213.42625219 223.46636042 233.50646865 243.54657688
 253.58668511 263.62679334 273.66690157 283.70700981 293.74711804
 303.78722627 313.8273345  323.86744273 333.90755096 343.94765919
 353.98776742 364.02787566 374.06798389 384.10809212 394.14820035
 404.18830858 414.22841681 424.26852504 434.30863328 444.34874151
 454.38884974 464.42895797 474.4690662  484.50917443 494.54928266
 504.58939089 514.62949913 524.66960736 534.70971559 544.74982382
 554.78993205 564.83004028 574.87014851 584.91025674 594.95036498
 604.99047321 615.03058144 625.07068967 635.1107979  645.15090613
 655.19101436 665.2311226  675.27123083 685.31133906 695.35144729
 705.39155552 715.43166375 725.47177198 735.51188021 745.55198845
 755.59209668 765.63220491 775.67231314 785.71242137 795.7525296
 805.79263783 815.83274607 825.8728543  835.91296253 845.95307076
 855.99317899 866.03328722 876.07339545 886.11350368 896.15361192
 906.19372015 916.23382838 926.27393661 936.31404484 946.35415307
 956.3942613  966.43436954 976.47447777 986.514586   996.55469423]
a_y_fitting=[ 0.05847953  0.26334762  0.66896831  1.22857972  1.89541995  2.62272711
  3.3637393   4.07169464  4.69983123  5.20138719  5.54325741  5.74825722
  5.85351298  5.89615105  5.91273884  5.92297826  5.92712191  5.92434345
  5.91381649  5.89474276  5.86682838  5.83021587  5.78506216  5.73152415
  5.66975878  5.59992296  5.52217361  5.43666765  5.343562    5.24310434
  5.13626843  5.02437637  4.90875249  4.79072111  4.67160655  4.55273312
  4.43542515  4.32100694  4.21080283  4.10613713  4.00833416  3.91871824
  3.83833474  3.76708981  3.70459881  3.65047708  3.60433999  3.56580288
  3.53448113  3.50999007  3.49194506  3.47996147  3.47365464  3.47263993
  3.47653269  3.48494829  3.49750207  3.51380939  3.5334856   3.55614607
  3.5814023   3.60879498  3.63780233  3.66790046  3.69856546  3.72927344
  3.7595005   3.78872272  3.81641623  3.84205711  3.86512146  3.88508539
  3.90142499  3.91361637  3.92113563  3.92345886  3.92006217  3.91038407
  3.8935179   3.86837127  3.83385002  3.78885997  3.73230695  3.66309679
  3.58013533  3.48232839  3.3685818   3.23780139  3.08889299  2.92076242
  2.73231553  2.52245814  2.29009607  2.03413516  1.75348124  1.44704014
  1.11371768  0.75241969  0.36205201 -0.05847953]
d_x_fitting=[  3.44530577  13.485414    23.52552223  33.56563046  43.6057387
  53.64584693  63.68595516  73.72606339  83.76617162  93.80627985
 103.84638808 113.88649632 123.92660455 133.96671278 144.00682101
 154.04692924 164.08703747 174.1271457  184.16725393 194.20736217
 204.2474704  214.28757863 224.32768686 234.36779509 244.40790332
 254.44801155 264.48811979 274.52822802 284.56833625 294.60844448
 304.64855271 314.68866094 324.72876917 334.7688774  344.80898564
 354.84909387 364.8892021  374.92931033 384.96941856 395.00952679
 405.04963502 415.08974326 425.12985149 435.16995972 445.21006795
 455.25017618 465.29028441 475.33039264 485.37050087 495.41060911
 505.45071734 515.49082557 525.5309338  535.57104203 545.61115026
 555.65125849 565.69136672 575.73147496 585.77158319 595.81169142
 605.85179965 615.89190788 625.93201611 635.97212434 646.01223258
 656.05234081 666.09244904 676.13255727 686.1726655  696.21277373
 706.25288196 716.29299019 726.33309843 736.37320666 746.41331489
 756.45342312 766.49353135 776.53363958 786.57374781 796.61385605
 806.65396428 816.69407251 826.73418074 836.77428897 846.8143972
 856.85450543 866.89461366 876.9347219  886.97483013 897.01493836
 907.05504659 917.09515482 927.13526305 937.17537128 947.21547952
 957.25558775 967.29569598 977.33580421 987.37591244 997.41602067]
d_y_fitting=[0.1754386  1.09034394 1.85516737 2.4807498  2.97793215 3.35755535
 3.63046031 3.80748794 3.89947917 3.91735307 3.87471934 3.78849411
 3.67579641 3.5537453  3.43945638 3.34572349 3.27258336 3.21773028
 3.17885853 3.15366242 3.13983623 3.13507426 3.1370708  3.14352014
 3.15211659 3.16055442 3.16652793 3.16773142 3.16185917 3.14660548
 3.11966465 3.0788161  3.02422969 2.95873377 2.88529565 2.80688265
 2.72646207 2.64700123 2.57146742 2.50282796 2.44405016 2.39810133
 2.36794877 2.35655979 2.36690171 2.40194183 2.46464746 2.5579859
 2.68483974 2.84453722 3.0316329  3.2403461  3.46489611 3.69950223
 3.93838376 4.17576001 4.40585027 4.62287385 4.82105005 4.99459816
 5.13776992 5.24626782 5.31779706 5.35020926 5.34135603 5.28908901
 5.19125981 5.04575486 4.85441449 4.62662235 4.37261013 4.10260952
 3.82685221 3.55556989 3.29899425 3.067357   2.87088981 2.71979169
 2.61877002 2.56092035 2.5378618  2.54121349 2.56259455 2.59362408
 2.62592122 2.65110508 2.66079479 2.64660947 2.60048397 2.51944277
 2.40462398 2.25728345 2.07867703 1.8700606  1.63269    1.36782109
 1.07670973 0.76061178 0.42078309 0.05847953]