
p_x=[3.4453057708871664, 162.79069767441862, 360.89577950043065, 571.9207579672697, 798.4496124031008, 936.2618432385874, 994.8320413436692]
p_y=[0.35294117647058876, 4.23529411764706, 5.647058823529411, 6.235294117647059, 5.294117647058823, 3.4117647058823533, 0.7058823529411757]
a_x=[2.5839793281653747, 200.6890611541774, 380.70628768303186, 624.4616709732989, 743.3247200689061, 850.1291989664082, 920.7579672695952, 996.5546942291128]
a_y=[0.4093567251461998, 4.385964912280702, 5.906432748538012, 7.076023391812866, 7.309941520467836, 6.140350877192983, 4.035087719298246, 0.526315789473685]
d_x=[2.5839793281653747, 175.71059431524546, 397.9328165374677, 600.3445305770887, 812.2308354866494, 995.693367786391]
d_y=[0.526315789473685, 3.333333333333334, 5.321637426900585, 6.959064327485381, 4.853801169590644, 0.8771929824561404]
p_x_fitting=[  3.44530577  13.4593132   23.47332063  33.48732806  43.50133549
  53.51534292  63.52935035  73.54335778  83.55736521  93.57137264
 103.58538007 113.5993875  123.61339493 133.62740236 143.64140979
 153.65541722 163.66942465 173.68343208 183.69743951 193.71144694
 203.72545437 213.7394618  223.75346923 233.76747666 243.78148409
 253.79549152 263.80949895 273.82350638 283.83751381 293.85152124
 303.86552867 313.8795361  323.89354353 333.90755096 343.92155839
 353.93556582 363.94957325 373.96358068 383.97758811 393.99159554
 404.00560297 414.0196104  424.03361783 434.04762526 444.06163269
 454.07564012 464.08964755 474.10365498 484.11766241 494.13166984
 504.14567727 514.1596847  524.17369213 534.18769956 544.20170699
 554.21571442 564.22972185 574.24372928 584.25773671 594.27174414
 604.28575157 614.299759   624.31376643 634.32777386 644.34178129
 654.35578872 664.36979615 674.38380358 684.39781101 694.41181844
 704.42582587 714.4398333  724.45384073 734.46784816 744.48185559
 754.49586302 764.50987045 774.52387788 784.53788531 794.55189274
 804.56590017 814.5799076  824.59391503 834.60792246 844.62192989
 854.63593732 864.64994475 874.66395218 884.67795961 894.69196704
 904.70597447 914.7199819  924.73398933 934.74799676 944.76200419
 954.77601162 964.79001905 974.80402648 984.81803391 994.83204134]
p_y_fitting=[0.35294118 0.71747119 1.0632295  1.39077772 1.70067748 1.9934904
 2.26977811 2.53010223 2.77502439 3.0051062  3.22090929 3.42299529
 3.61192582 3.7882625  3.95256695 4.10540081 4.24732569 4.37890322
 4.50069502 4.61326272 4.71716794 4.8129723  4.90123743 4.98252495
 5.05739648 5.12641365 5.19013808 5.2491314  5.30395523 5.3551712
 5.40334092 5.44902602 5.49278813 5.53518887 5.57678986 5.61815272
 5.65983507 5.70209549 5.74469246 5.78733687 5.82973958 5.87161147
 5.9126634  5.95260625 5.99115089 6.02800819 6.06288903 6.09550428
 6.1255648  6.15278148 6.17686518 6.19752678 6.21447714 6.22742715
 6.23608767 6.24016957 6.23938373 6.23344227 6.22223959 6.20604215
 6.18516178 6.15991031 6.13059957 6.09754139 6.0610476  6.02143004
 5.97900053 5.9340709  5.88695299 5.83795863 5.78739964 5.73558786
 5.68283512 5.62945325 5.57575408 5.52204944 5.46865117 5.41587108
 5.36402103 5.31341282 5.2642273  5.21476634 5.16192589 5.10256796
 5.0335546  4.95174784 4.85400969 4.7372022  4.59818739 4.4338273
 4.24098395 4.01651937 3.75729561 3.46017467 3.12201861 2.73968944
 2.3100492  1.82995992 1.29628363 0.70588235]
a_x_fitting=[  2.58397933  12.62408756  22.66419579  32.70430402  42.74441225
  52.78452048  62.82462872  72.86473695  82.90484518  92.94495341
 102.98506164 113.02516987 123.0652781  133.10538634 143.14549457
 153.1856028  163.22571103 173.26581926 183.30592749 193.34603572
 203.38614395 213.42625219 223.46636042 233.50646865 243.54657688
 253.58668511 263.62679334 273.66690157 283.70700981 293.74711804
 303.78722627 313.8273345  323.86744273 333.90755096 343.94765919
 353.98776742 364.02787566 374.06798389 384.10809212 394.14820035
 404.18830858 414.22841681 424.26852504 434.30863328 444.34874151
 454.38884974 464.42895797 474.4690662  484.50917443 494.54928266
 504.58939089 514.62949913 524.66960736 534.70971559 544.74982382
 554.78993205 564.83004028 574.87014851 584.91025674 594.95036498
 604.99047321 615.03058144 625.07068967 635.1107979  645.15090613
 655.19101436 665.2311226  675.27123083 685.31133906 695.35144729
 705.39155552 715.43166375 725.47177198 735.51188021 745.55198845
 755.59209668 765.63220491 775.67231314 785.71242137 795.7525296
 805.79263783 815.83274607 825.8728543  835.91296253 845.95307076
 855.99317899 866.03328722 876.07339545 886.11350368 896.15361192
 906.19372015 916.23382838 926.27393661 936.31404484 946.35415307
 956.3942613  966.43436954 976.47447777 986.514586   996.55469423]
a_y_fitting=[0.40935673 0.69912107 0.97790734 1.24597913 1.50359998 1.75103349
 1.98854321 2.21639273 2.43484561 2.64416543 2.84461575 3.03646015
 3.21996221 3.39538548 3.56299355 3.72304998 3.87581835 4.02156222
 4.16054518 4.29303079 4.41928262 4.53956425 4.65413925 4.76327118
 4.86722362 4.96626015 5.06064433 5.15063973 5.23650993 5.31851851
 5.39692902 5.47200504 5.54401015 5.61320791 5.6798619  5.74423569
 5.80659284 5.86719694 5.9263102  5.98411622 6.04067861 6.09605081
 6.15028629 6.2034385  6.25556092 6.306707   6.3569302  6.40628399
 6.45482182 6.50259716 6.54966346 6.59607419 6.64188281 6.68714277
 6.73190755 6.7762306  6.82016538 6.86376536 6.90708399 6.95017473
 6.99309105 7.03588641 7.07861423 7.1211229  7.16257667 7.20199729
 7.23840647 7.27082595 7.29827745 7.31978272 7.33436347 7.34104145
 7.33883837 7.32677597 7.30387562 7.2690996  7.22128616 7.15925789
 7.08183741 6.98784731 6.87611021 6.74544871 6.59468542 6.42264294
 6.22814387 6.0100565  5.76797756 5.50208859 5.21258759 4.89967259
 4.5635416  4.20439263 3.8224237  3.41783283 2.99081804 2.54157734
 2.07030875 1.57721028 1.06247996 0.52631579]
d_x_fitting=[  2.58397933  12.61538729  22.64679526  32.67820322  42.70961119
  52.74101915  62.77242711  72.80383508  82.83524304  92.86665101
 102.89805897 112.92946693 122.9608749  132.99228286 143.02369083
 153.05509879 163.08650676 173.11791472 183.14932268 193.18073065
 203.21213861 213.24354658 223.27495454 233.30636251 243.33777047
 253.36917843 263.4005864  273.43199436 283.46340233 293.49481029
 303.52621825 313.55762622 323.58903418 333.62044215 343.65185011
 353.68325808 363.71466604 373.746074   383.77748197 393.80888993
 403.8402979  413.87170586 423.90311383 433.93452179 443.96592975
 453.99733772 464.02874568 474.06015365 484.09156161 494.12296958
 504.15437754 514.1857855  524.21719347 534.24860143 544.2800094
 554.31141736 564.34282532 574.37423329 584.40564125 594.43704922
 604.46845718 614.49986515 624.53127311 634.56268107 644.59408904
 654.625497   664.65690497 674.68831293 684.7197209  694.75112886
 704.78253682 714.81394479 724.84535275 734.87676072 744.90816868
 754.93957665 764.97098461 775.00239257 785.03380054 795.0652085
 805.09661647 815.12802443 825.15943239 835.19084036 845.22224832
 855.25365629 865.28506425 875.31647222 885.34788018 895.37928814
 905.41069611 915.44210407 925.47351204 935.50492    945.53632797
 955.56773593 965.59914389 975.63055186 985.66195982 995.69336779]
d_y_fitting=[0.52631579 0.75552647 0.97476548 1.18438347 1.38473104 1.57615884
 1.75901748 1.93365758 2.10042978 2.25968471 2.41177297 2.55704521
 2.69585205 2.8285441  2.95547201 3.07698639 3.19343786 3.30517706
 3.41255462 3.51592114 3.61562727 3.71202362 3.80546083 3.89628951
 3.98486029 4.07152381 4.15663067 4.24053152 4.32357697 4.40611766
 4.48850419 4.57108721 4.65421734 4.7382452  4.82352142 4.91039662
 4.99922143 5.09034648 5.18412238 5.28089977 5.38099029 5.4840958
 5.58943487 5.6962128  5.80363488 5.91090643 6.01723273 6.12181909
 6.22387082 6.32259321 6.41719156 6.50687117 6.59083735 6.66829539
 6.73845059 6.80050826 6.8536737  6.8971522  6.93014908 6.95186962
 6.96153209 6.95882738 6.94404259 6.91750299 6.87953383 6.83046036
 6.77060783 6.70030149 6.61986659 6.52962839 6.42991214 6.32104308
 6.20334647 6.07714757 5.94277161 5.80054386 5.65078957 5.49383398
 5.33000235 5.15961993 4.98301198 4.80050373 4.61242045 4.41908739
 4.22082979 4.01797291 3.81084201 3.59976232 3.38505911 3.16705763
 2.94608312 2.72246084 2.49651604 2.26857396 2.03895988 1.80799902
 1.57601666 1.34333803 1.11028838 0.87719298]