
p_x=[0.8613264427217916, 31.007751937984494, 64.59948320413436, 91.3006029285099, 170.54263565891472, 210.16365202411714, 352.2825150732127, 455.64168819982774, 499.5693367786391, 618.4323858742463, 785.5297157622739, 891.4728682170543, 987.0801033591732]
p_y=[4.823529411764706, 7.0588235294117645, 7.294117647058824, 5.764705882352941, 4.588235294117648, 4.9411764705882355, 5.0588235294117645, 4.823529411764706, 6.235294117647059, 5.0588235294117645, 4.23529411764706, 5.647058823529411, 5.411764705882353]
a_x=[2.5839793281653747, 36.17571059431524, 64.59948320413436, 82.68733850129199, 141.25753660637383, 171.40396210163652, 270.4565030146425, 304.90956072351423, 334.1946597760551, 446.167097329888, 588.2859603789836, 694.229112833764, 823.4280792420327, 883.7209302325582, 979.328165374677]
a_y=[5.321637426900585, 5.321637426900585, 3.9181286549707606, 0.7602339181286553, 4.385964912280702, 1.6959064327485383, 3.8011695906432754, 4.385964912280702, 4.736842105263158, 2.0467836257309946, 2.514619883040936, 3.0994152046783627, 4.502923976608187, 4.152046783625732, 0.4093567251461998]
d_x=[0.0, 63.738156761412576, 222.2222222222222, 372.09302325581393, 446.167097329888, 489.2334194659776, 552.9715762273901, 693.3677863910423, 800.1722652885444, 882.8596037898363, 976.7441860465116]
d_y=[2.8654970760233924, 3.0994152046783627, 2.397660818713451, 4.385964912280702, 4.619883040935672, 3.450292397660819, 4.502923976608187, 4.385964912280702, 4.736842105263158, 5.672514619883041, 2.8654970760233924]
p_x_fitting=[8.61326443e-01 1.08231323e+01 2.07849381e+01 3.07467439e+01
 4.07085498e+01 5.06703556e+01 6.06321614e+01 7.05939672e+01
 8.05557731e+01 9.05175789e+01 1.00479385e+02 1.10441191e+02
 1.20402996e+02 1.30364802e+02 1.40326608e+02 1.50288414e+02
 1.60250220e+02 1.70212026e+02 1.80173831e+02 1.90135637e+02
 2.00097443e+02 2.10059249e+02 2.20021055e+02 2.29982860e+02
 2.39944666e+02 2.49906472e+02 2.59868278e+02 2.69830084e+02
 2.79791890e+02 2.89753695e+02 2.99715501e+02 3.09677307e+02
 3.19639113e+02 3.29600919e+02 3.39562725e+02 3.49524530e+02
 3.59486336e+02 3.69448142e+02 3.79409948e+02 3.89371754e+02
 3.99333560e+02 4.09295365e+02 4.19257171e+02 4.29218977e+02
 4.39180783e+02 4.49142589e+02 4.59104395e+02 4.69066200e+02
 4.79028006e+02 4.88989812e+02 4.98951618e+02 5.08913424e+02
 5.18875229e+02 5.28837035e+02 5.38798841e+02 5.48760647e+02
 5.58722453e+02 5.68684259e+02 5.78646064e+02 5.88607870e+02
 5.98569676e+02 6.08531482e+02 6.18493288e+02 6.28455094e+02
 6.38416899e+02 6.48378705e+02 6.58340511e+02 6.68302317e+02
 6.78264123e+02 6.88225929e+02 6.98187734e+02 7.08149540e+02
 7.18111346e+02 7.28073152e+02 7.38034958e+02 7.47996764e+02
 7.57958569e+02 7.67920375e+02 7.77882181e+02 7.87843987e+02
 7.97805793e+02 8.07767598e+02 8.17729404e+02 8.27691210e+02
 8.37653016e+02 8.47614822e+02 8.57576628e+02 8.67538433e+02
 8.77500239e+02 8.87462045e+02 8.97423851e+02 9.07385657e+02
 9.17347463e+02 9.27309268e+02 9.37271074e+02 9.47232880e+02
 9.57194686e+02 9.67156492e+02 9.77118298e+02 9.87080103e+02]
p_y_fitting=[4.82352941 5.7265617  6.47623459 7.04652907 7.41142614 7.54490679
 7.420952   7.02053709 6.42857218 5.80960977 5.30616724 4.9388129
 4.68957479 4.54046604 4.47349975 4.47068905 4.51404705 4.58558688
 4.6694417  4.7591133  4.85069051 4.94026223 5.02437536 5.10146734
 5.17046334 5.23028853 5.27986807 5.31812713 5.34399086 5.35638445
 5.35423305 5.33646182 5.30199595 5.24976058 5.17868089 5.08768204
 4.97644176 4.85180945 4.72460835 4.60570393 4.50596168 4.43624706
 4.40742556 4.43036264 4.51592378 4.67497445 4.91800554 5.23517819
 5.5863183  5.92877503 6.21989753 6.42424944 6.54116686 6.58044865
 6.55189579 6.46530922 6.33048991 6.15723882 5.95535691 5.73464514
 5.50490447 5.27593586 5.05754027 4.85782064 4.6782112  4.51850934
 4.37851243 4.25801785 4.15682298 4.07472519 4.01152186 3.96701036
 3.94098806 3.93325236 3.94360062 3.97183021 4.01773852 4.08112292
 4.16178079 4.25950333 4.37318562 4.49989535 4.63647763 4.77977752
 4.92664013 5.07391054 5.21843384 5.35705511 5.48661945 5.60397195
 5.70595768 5.78942175 5.85120923 5.88816522 5.8971348  5.87496306
 5.8184951  5.72457599 5.59005083 5.41176471]
a_x_fitting=[  2.58397933  12.45008222  22.31618511  32.182288    42.04839089
  51.91449377  61.78059666  71.64669955  81.51280244  91.37890533
 101.24500822 111.11111111 120.977214   130.84331689 140.70941978
 150.57552267 160.44162556 170.30772845 180.17383134 190.03993423
 199.90603712 209.77214    219.63824289 229.50434578 239.37044867
 249.23655156 259.10265445 268.96875734 278.83486023 288.70096312
 298.56706601 308.4331689  318.29927179 328.16537468 338.03147757
 347.89758046 357.76368335 367.62978623 377.49588912 387.36199201
 397.2280949  407.09419779 416.96030068 426.82640357 436.69250646
 446.55860935 456.42471224 466.29081513 476.15691802 486.02302091
 495.8891238  505.75522669 515.62132957 525.48743246 535.35353535
 545.21963824 555.08574113 564.95184402 574.81794691 584.6840498
 594.55015269 604.41625558 614.28235847 624.14846136 634.01456425
 643.88066714 653.74677003 663.61287292 673.4789758  683.34507869
 693.21118158 703.07728447 712.94338736 722.80949025 732.67559314
 742.54169603 752.40779892 762.27390181 772.1400047  782.00610759
 791.87221048 801.73831337 811.60441626 821.47051914 831.33662203
 841.20272492 851.06882781 860.9349307  870.80103359 880.66713648
 890.53323937 900.39934226 910.26544515 920.13154804 929.99765093
 939.86375382 949.72985671 959.5959596  969.46206249 979.32816537]
a_y_fitting=[5.32163743 4.92263493 4.98486462 5.23200524 5.38773551 5.17573415
 4.31967988 2.64005186 0.90829654 0.23837342 0.61949545 1.63852902
 2.88185381 3.93584946 4.38689563 3.94740961 2.92556944 1.80541067
 1.00712396 0.59349918 0.50307803 0.67427743 1.04551432 1.55520561
 2.14176825 2.74361915 3.29917526 3.7468535  4.03801584 4.20590968
 4.31570735 4.43176937 4.57347038 4.69474016 4.74499341 4.70032895
 4.57253863 4.37590617 4.12471528 3.83324967 3.51579305 3.18662914
 2.86004164 2.55031429 2.27173077 2.03857461 1.86145022 1.73789458
 1.66254482 1.63003806 1.63501141 1.67210199 1.73594692 1.82118331
 1.92244828 2.03437895 2.15161243 2.26878584 2.38053629 2.48150092
 2.56668798 2.6359582  2.69257877 2.73988741 2.78122188 2.8199199
 2.85931921 2.90275756 2.95357268 3.01510231 3.0906842  3.18285743
 3.28979937 3.40820576 3.53477113 3.66619    3.7991569  3.93036636
 4.0565129  4.17429104 4.28039532 4.37152026 4.44436038 4.49561021
 4.52205923 4.52119501 4.49081666 4.42872471 4.33271971 4.20060218
 4.03017268 3.81923173 3.56557987 3.26701765 2.9213456  2.52636426
 2.07987416 1.57967585 1.02356986 0.40935673]
d_x_fitting=[  0.           9.86610289  19.73220578  29.59830867  39.46441156
  49.33051445  59.19661734  69.06272023  78.92882311  88.794926
  98.66102889 108.52713178 118.39323467 128.25933756 138.12544045
 147.99154334 157.85764623 167.72374912 177.58985201 187.4559549
 197.32205779 207.18816068 217.05426357 226.92036646 236.78646934
 246.65257223 256.51867512 266.38477801 276.2508809  286.11698379
 295.98308668 305.84918957 315.71529246 325.58139535 335.44749824
 345.31360113 355.17970402 365.04580691 374.9119098  384.77801268
 394.64411557 404.51021846 414.37632135 424.24242424 434.10852713
 443.97463002 453.84073291 463.7068358  473.57293869 483.43904158
 493.30514447 503.17124736 513.03735025 522.90345314 532.76955603
 542.63565891 552.5017618  562.36786469 572.23396758 582.10007047
 591.96617336 601.83227625 611.69837914 621.56448203 631.43058492
 641.29668781 651.1627907  661.02889359 670.89499648 680.76109937
 690.62720226 700.49330514 710.35940803 720.22551092 730.09161381
 739.9577167  749.82381959 759.68992248 769.55602537 779.42212826
 789.28823115 799.15433404 809.02043693 818.88653982 828.75264271
 838.6187456  848.48484848 858.35095137 868.21705426 878.08315715
 887.94926004 897.81536293 907.68146582 917.54756871 927.4136716
 937.27977449 947.14587738 957.01198027 966.87808316 976.74418605]
d_y_fitting=[2.86549708 2.96409563 3.03657653 3.08513612 3.11197074 3.11927676
 3.10925051 3.08408835 3.04598664 2.99714171 2.93974992 2.87600762
 2.80811116 2.73825689 2.66864116 2.60146031 2.53891071 2.4831887
 2.43649062 2.40101284 2.3789517  2.37250354 2.38386473 2.41516326
 2.4667646  2.53715868 2.62474446 2.72792092 2.84508704 2.97464177
 3.11498411 3.26451301 3.42162745 3.5847264  3.75220883 3.92247372
 4.09392003 4.26494674 4.43390716 4.59517635 4.73612036 4.84339176
 4.90364315 4.9035271  4.82969619 4.66880303 4.41321874 4.10072962
 3.79077912 3.54294412 3.41571953 3.42853172 3.55172167 3.75251225
 3.99812637 4.25578689 4.49271672 4.68158528 4.82019851 4.91360898
 4.96686993 4.98503462 4.97315628 4.93628818 4.87948355 4.80779564
 4.72627771 4.639983   4.55396476 4.47327624 4.40297068 4.34778473
 4.30942844 4.28793055 4.28330183 4.29555302 4.32469489 4.37073817
 4.43369363 4.51357202 4.61038409 4.72414059 4.85399459 4.99441497
 5.13827944 5.27846441 5.40784629 5.5193015  5.60570645 5.65993754
 5.67487119 5.64338381 5.55835181 5.41265161 5.19915961 4.91075223
 4.54030587 4.08069695 3.52480188 2.86549708]