
p_x=[0.0, 12.058570198105082, 65.46080964685616, 197.24375538329025, 400.5167958656331, 568.4754521963824, 723.5142118863049, 889.7502153316107, 995.693367786391]
p_y=[0.23529411764705976, 1.4117647058823533, 3.764705882352941, 4.705882352941177, 1.882352941176471, 4.352941176470589, 4.705882352941177, 3.647058823529412, 0.47058823529411775]
a_x=[2.5839793281653747, 10.335917312661499, 64.59948320413436, 198.10508182601205, 399.6554694229113, 568.4754521963824, 720.9302325581394, 889.7502153316107, 995.693367786391]
a_y=[0.526315789473685, 1.6959064327485383, 4.502923976608187, 4.853801169590644, 1.6959064327485383, 5.087719298245615, 5.7894736842105265, 3.5672514619883042, 0.29239766081871466]
d_x=[0.8613264427217916, 12.919896640826872, 63.738156761412576, 198.10508182601205, 397.9328165374677, 571.0594315245479, 716.6236003445306, 889.7502153316107, 995.693367786391]
d_y=[0.526315789473685, 2.397660818713451, 5.087719298245615, 5.321637426900585, 2.1637426900584797, 5.087719298245615, 6.023391812865498, 4.152046783625732, 0.6432748538011701]
p_x_fitting=[  0.          10.05750877  20.11501753  30.1725263   40.23003506
  50.28754383  60.34505259  70.40256136  80.46007012  90.51757889
 100.57508766 110.63259642 120.69010519 130.74761395 140.80512272
 150.86263148 160.92014025 170.97764901 181.03515778 191.09266654
 201.15017531 211.20768408 221.26519284 231.32270161 241.38021037
 251.43771914 261.4952279  271.55273667 281.61024543 291.6677542
 301.72526297 311.78277173 321.8402805  331.89778926 341.95529803
 352.01280679 362.07031556 372.12782432 382.18533309 392.24284186
 402.30035062 412.35785939 422.41536815 432.47287692 442.53038568
 452.58789445 462.64540321 472.70291198 482.76042074 492.81792951
 502.87543828 512.93294704 522.99045581 533.04796457 543.10547334
 553.1629821  563.22049087 573.27799963 583.3355084  593.39301717
 603.45052593 613.5080347  623.56554346 633.62305223 643.68056099
 653.73806976 663.79557852 673.85308729 683.91059606 693.96810482
 704.02561359 714.08312235 724.14063112 734.19813988 744.25564865
 754.31315741 764.37066618 774.42817494 784.48568371 794.54319248
 804.60070124 814.65821001 824.71571877 834.77322754 844.8307363
 854.88824507 864.94575383 875.0032626  885.06077137 895.11828013
 905.1757889  915.23329766 925.29080643 935.34831519 945.40582396
 955.46333272 965.52084149 975.57835026 985.63585902 995.69336779]
p_y_fitting=[0.23529412 1.2397143  2.02097075 2.61590672 3.06136547 3.39419025
 3.65122433 3.86857413 4.0646906  4.23996621 4.39397603 4.5262951
 4.63649848 4.72416123 4.7888584  4.83016505 4.84765623 4.840907
 4.80949242 4.75298753 4.67100105 4.56454402 4.43650567 4.28990659
 4.12776736 3.95310858 3.76895083 3.57831472 3.38422082 3.18968973
 2.99774203 2.81139833 2.63367921 2.46760525 2.31619706 2.18247521
 2.06946031 1.98017294 1.91763369 1.88486315 1.88487595 1.91896612
 1.98433572 2.07759166 2.19534084 2.33419017 2.49074657 2.66161694
 2.84340819 3.03272723 3.22618097 3.42037632 3.61192019 3.79741948
 3.9734811  4.13671197 4.28371899 4.41119846 4.5181372  4.60595094
 4.67617256 4.73033491 4.76997085 4.79661324 4.81179494 4.81704881
 4.8139077  4.80390448 4.78857201 4.76944314 4.74805073 4.72592765
 4.70460663 4.68504251 4.66627108 4.64693026 4.625658   4.60109226
 4.57187096 4.53663205 4.49401348 4.44265318 4.38118911 4.3082592
 4.22250139 4.12255364 4.00705387 3.87464004 3.72395009 3.55362196
 3.3622936  3.14860294 2.91118793 2.64868651 2.35973662 2.04297622
 1.69704323 1.32057561 0.9122113  0.47058824]
a_x_fitting=[  2.58397933  12.61538729  22.64679526  32.67820322  42.70961119
  52.74101915  62.77242711  72.80383508  82.83524304  92.86665101
 102.89805897 112.92946693 122.9608749  132.99228286 143.02369083
 153.05509879 163.08650676 173.11791472 183.14932268 193.18073065
 203.21213861 213.24354658 223.27495454 233.30636251 243.33777047
 253.36917843 263.4005864  273.43199436 283.46340233 293.49481029
 303.52621825 313.55762622 323.58903418 333.62044215 343.65185011
 353.68325808 363.71466604 373.746074   383.77748197 393.80888993
 403.8402979  413.87170586 423.90311383 433.93452179 443.96592975
 453.99733772 464.02874568 474.06015365 484.09156161 494.12296958
 504.15437754 514.1857855  524.21719347 534.24860143 544.2800094
 554.31141736 564.34282532 574.37423329 584.40564125 594.43704922
 604.46845718 614.49986515 624.53127311 634.56268107 644.59408904
 654.625497   664.65690497 674.68831293 684.7197209  694.75112886
 704.78253682 714.81394479 724.84535275 734.87676072 744.90816868
 754.93957665 764.97098461 775.00239257 785.03380054 795.0652085
 805.09661647 815.12802443 825.15943239 835.19084036 845.22224832
 855.25365629 865.28506425 875.31647222 885.34788018 895.37928814
 905.41069611 915.44210407 925.47351204 935.50492    945.53632797
 955.56773593 965.59914389 975.63055186 985.66195982 995.69336779]
a_y_fitting=[0.52631579 1.98712714 3.01774924 3.70042866 4.11741198 4.35094577
 4.48327662 4.58898442 4.68912857 4.78195669 4.86563172 4.93831659
 4.99817426 5.04336766 5.07205973 5.08241342 5.07259167 5.04075741
 4.98507359 4.90370316 4.79492691 4.65962378 4.5012099  4.32320702
 4.12913692 3.92252136 3.7068821  3.48574091 3.26261955 3.04103979
 2.82452339 2.61659212 2.42076774 2.24057202 2.07952672 1.94115361
 1.82897445 1.74651101 1.69728505 1.68481834 1.71254239 1.78071154
 1.88563495 2.02337568 2.18999679 2.38156134 2.59413238 2.82377296
 3.06654615 3.318515   3.57574257 3.83429191 4.09022608 4.33960814
 4.57850114 4.80296814 5.0090722  5.19304664 5.35379734 5.49235326
 5.60980192 5.70723084 5.78572752 5.84637949 5.89027426 5.91849935
 5.93214226 5.93229053 5.92003165 5.89645316 5.86264255 5.81968736
 5.76866054 5.71003583 5.64348833 5.5686377  5.48510361 5.39250571
 5.29046365 5.17859711 5.05652573 4.92386918 4.78024711 4.62527919
 4.45858507 4.27978441 4.08849687 3.88434211 3.66693979 3.43590957
 3.1908711  2.93144405 2.65724808 2.36790283 2.06302798 1.74224318
 1.40516809 1.05142237 0.68062567 0.29239766]
d_x_fitting=[8.61326443e-01 1.09101349e+01 2.09589434e+01 3.10077519e+01
 4.10565604e+01 5.11053689e+01 6.11541774e+01 7.12029859e+01
 8.12517944e+01 9.13006029e+01 1.01349411e+02 1.11398220e+02
 1.21447028e+02 1.31495837e+02 1.41544645e+02 1.51593454e+02
 1.61642262e+02 1.71691071e+02 1.81739879e+02 1.91788688e+02
 2.01837496e+02 2.11886305e+02 2.21935113e+02 2.31983922e+02
 2.42032730e+02 2.52081539e+02 2.62130347e+02 2.72179156e+02
 2.82227964e+02 2.92276773e+02 3.02325581e+02 3.12374390e+02
 3.22423198e+02 3.32472007e+02 3.42520815e+02 3.52569624e+02
 3.62618432e+02 3.72667241e+02 3.82716049e+02 3.92764858e+02
 4.02813666e+02 4.12862475e+02 4.22911283e+02 4.32960092e+02
 4.43008900e+02 4.53057709e+02 4.63106517e+02 4.73155326e+02
 4.83204134e+02 4.93252943e+02 5.03301751e+02 5.13350560e+02
 5.23399368e+02 5.33448177e+02 5.43496985e+02 5.53545794e+02
 5.63594602e+02 5.73643411e+02 5.83692219e+02 5.93741028e+02
 6.03789836e+02 6.13838645e+02 6.23887453e+02 6.33936262e+02
 6.43985070e+02 6.54033879e+02 6.64082687e+02 6.74131496e+02
 6.84180304e+02 6.94229113e+02 7.04277921e+02 7.14326730e+02
 7.24375538e+02 7.34424347e+02 7.44473155e+02 7.54521964e+02
 7.64570772e+02 7.74619581e+02 7.84668389e+02 7.94717198e+02
 8.04766006e+02 8.14814815e+02 8.24863623e+02 8.34912432e+02
 8.44961240e+02 8.55010049e+02 8.65058857e+02 8.75107666e+02
 8.85156474e+02 8.95205283e+02 9.05254091e+02 9.15302900e+02
 9.25351708e+02 9.35400517e+02 9.45449325e+02 9.55498134e+02
 9.65546942e+02 9.75595751e+02 9.85644559e+02 9.95693368e+02]
d_y_fitting=[0.52631579 2.13316041 3.2882379  4.07456256 4.57514869 4.87301057
 5.05116252 5.18690313 5.30657984 5.40978664 5.49588045 5.56421818
 5.61415677 5.64505312 5.65626415 5.64714679 5.61705796 5.56535457
 5.49139353 5.39453178 5.274158   5.13113285 4.96837887 4.78897253
 4.59599035 4.3925088  4.18160437 3.96635356 3.74983286 3.53511875
 3.32528773 3.12341629 2.93258092 2.7558581  2.59632433 2.4570561
 2.34112989 2.25162221 2.19160953 2.16416836 2.1722548  2.2158615
 2.29190509 2.39715931 2.52839791 2.68239463 2.8559232  3.04575738
 3.24867091 3.46143753 3.68083099 3.90362502 4.12659337 4.34650978
 4.56014801 4.76428178 4.95568484 5.13114222 5.28871123 5.42887227
 5.55237756 5.65997931 5.75242975 5.83048108 5.89488552 5.9463953
 5.98576262 6.0137397  6.03107876 6.03853202 6.03685169 6.02678999
 6.00899725 5.98329783 5.94911514 5.90586996 5.85298309 5.7898753
 5.71596738 5.6306801  5.53343425 5.42365062 5.30074997 5.1641531
 5.01328079 4.84755382 4.66639297 4.46921903 4.25545277 4.02451497
 3.77582643 3.50880792 3.22288023 2.91746413 2.59198041 2.24584985
 1.87849323 1.48933134 1.07778495 0.64327485]