
p_x=[1.7226528854435832, 55.98621877691645, 193.79844961240312, 401.3781223083548, 608.0964685615849, 807.9242032730405, 996.5546942291128]
p_y=[0.117647058823529, 2.11764705882353, 2.5882352941176467, 2.4705882352941178, 3.647058823529412, 3.0588235294117645, 0.0]
a_x=[0.0, 51.67958656330749, 192.0757967269595, 397.9328165374677, 601.2058570198105, 800.1722652885444, 997.4160206718346]
a_y=[0.4093567251461998, 2.280701754385966, 2.6315789473684212, 2.6315789473684212, 3.5672514619883042, 3.333333333333334, 0.29239766081871466]
d_x=[0.8613264427217916, 46.51162790697674, 193.79844961240312, 393.62618432385875, 602.0671834625323, 795.8656330749354, 997.4160206718346]
d_y=[0.6432748538011701, 3.5672514619883042, 4.269005847953217, 2.7485380116959064, 5.087719298245615, 4.619883040935672, 0.8771929824561404]
p_x_fitting=[  1.72265289  11.77146138  21.82026988  31.86907838  41.91788688
  51.96669538  62.01550388  72.06431237  82.11312087  92.16192937
 102.21073787 112.25954637 122.30835487 132.35716336 142.40597186
 152.45478036 162.50358886 172.55239736 182.60120586 192.65001436
 202.69882285 212.74763135 222.79643985 232.84524835 242.89405685
 252.94286535 262.99167384 273.04048234 283.08929084 293.13809934
 303.18690784 313.23571634 323.28452483 333.33333333 343.38214183
 353.43095033 363.47975883 373.52856733 383.57737583 393.62618432
 403.67499282 413.72380132 423.77260982 433.82141832 443.87022682
 453.91903531 463.96784381 474.01665231 484.06546081 494.11426931
 504.16307781 514.2118863  524.2606948  534.3095033  544.3583118
 554.4071203  564.4559288  574.5047373  584.55354579 594.60235429
 604.65116279 614.69997129 624.74877979 634.79758829 644.84639678
 654.89520528 664.94401378 674.99282228 685.04163078 695.09043928
 705.13924777 715.18805627 725.23686477 735.28567327 745.33448177
 755.38329027 765.43209877 775.48090726 785.52971576 795.57852426
 805.62733276 815.67614126 825.72494976 835.77375825 845.82256675
 855.87137525 865.92018375 875.96899225 886.01780075 896.06660924
 906.11541774 916.16422624 926.21303474 936.26184324 946.31065174
 956.35946024 966.40826873 976.45707723 986.50588573 996.55469423]
p_y_fitting=[0.11764706 0.61288325 1.04730906 1.42450083 1.74803491 2.02148764
 2.24843537 2.43245445 2.57712121 2.68601201 2.76270319 2.8107711
 2.83379207 2.83534246 2.81899861 2.78833687 2.74693358 2.69836509
 2.64620774 2.59403787 2.54502391 2.5000293  2.45910873 2.422316
 2.38970495 2.36132937 2.33724309 2.31749992 2.30215368 2.29125817
 2.28486723 2.28303465 2.28581425 2.29325986 2.30542527 2.32236432
 2.34413081 2.37077855 2.40236137 2.43893308 2.4805463  2.52707484
 2.57802401 2.63285369 2.69102374 2.75199405 2.81522449 2.88017493
 2.94630524 3.01307531 3.07994499 3.14637417 3.21182272 3.27575052
 3.33761743 3.39688334 3.45300811 3.50545161 3.55367374 3.59713434
 3.63529331 3.66763394 3.69392154 3.71410804 3.72814869 3.73599874
 3.73761344 3.73294805 3.72195782 3.704598   3.68082385 3.65059062
 3.61385356 3.57056792 3.52068897 3.46417194 3.40097209 3.33104469
 3.25434497 3.17082819 3.08044961 2.98316448 2.87892805 2.76769557
 2.6494223  2.52406348 2.39157438 2.25191025 2.10502633 1.95087789
 1.78942017 1.62060843 1.44439791 1.26074388 1.06960159 0.87092628
 0.66467322 0.45079765 0.22925482 0.        ]
a_x_fitting=[  0.          10.0749093   20.1498186   30.2247279   40.2996372
  50.3745465   60.4494558   70.5243651   80.5992744   90.6741837
 100.749093   110.8240023  120.8989116  130.9738209  141.0487302
 151.1236395  161.1985488  171.2734581  181.34836739 191.42327669
 201.49818599 211.57309529 221.64800459 231.72291389 241.79782319
 251.87273249 261.94764179 272.02255109 282.09746039 292.17236969
 302.24727899 312.32218829 322.39709759 332.47200689 342.54691619
 352.62182549 362.69673479 372.77164409 382.84655339 392.92146269
 402.99637199 413.07128129 423.14619059 433.22109989 443.29600919
 453.37091849 463.44582779 473.52073709 483.59564639 493.67055569
 503.74546499 513.82037429 523.89528359 533.97019288 544.04510218
 554.12001148 564.19492078 574.26983008 584.34473938 594.41964868
 604.49455798 614.56946728 624.64437658 634.71928588 644.79419518
 654.86910448 664.94401378 675.01892308 685.09383238 695.16874168
 705.24365098 715.31856028 725.39346958 735.46837888 745.54328818
 755.61819748 765.69310678 775.76801608 785.84292538 795.91783468
 805.99274398 816.06765328 826.14256258 836.21747188 846.29238118
 856.36729048 866.44219978 876.51710908 886.59201837 896.66692767
 906.74183697 916.81674627 926.89165557 936.96656487 947.04147417
 957.11638347 967.19129277 977.26620207 987.34111137 997.41602067]
a_y_fitting=[0.40935673 0.89540616 1.31874199 1.68319783 1.99260731 2.25080404
 2.46162164 2.62889374 2.75645394 2.84813588 2.90777316 2.93919941
 2.94624824 2.93275328 2.90254814 2.85946644 2.80734181 2.75000786
 2.6912982  2.63504647 2.58453719 2.54038633 2.50240029 2.47038529
 2.44414755 2.42349329 2.40822874 2.3981601  2.3930936  2.39283547
 2.39719192 2.40596917 2.41897344 2.43601096 2.45688793 2.48141059
 2.50938516 2.54061785 2.57491488 2.61208248 2.65192488 2.69420129
 2.73862619 2.78491213 2.83277168 2.8819174  2.93206183 2.98291754
 3.03419708 3.08561302 3.1368779  3.1877043  3.23780476 3.28689184
 3.33467811 3.38087611 3.42519841 3.46735757 3.50706614 3.54403667
 3.5779822  3.60864514 3.63581431 3.65928263 3.678843   3.69428835
 3.70541158 3.71200561 3.71386337 3.71077775 3.70254167 3.68894806
 3.66978982 3.64485987 3.61395112 3.57685648 3.53336888 3.48328123
 3.42638643 3.36247741 3.29134707 3.21278834 3.12659413 3.03255735
 2.93047091 2.82012773 2.70132073 2.57384282 2.43748691 2.29204592
 2.13731276 1.97308035 1.7991416  1.61528943 1.42131674 1.21701646
 1.0021815  0.77660477 0.54007918 0.29239766]
d_x_fitting=[8.61326443e-01 1.09275355e+01 2.09937445e+01 3.10599535e+01
 4.11261626e+01 5.11923716e+01 6.12585806e+01 7.13247897e+01
 8.13909987e+01 9.14572077e+01 1.01523417e+02 1.11589626e+02
 1.21655835e+02 1.31722044e+02 1.41788253e+02 1.51854462e+02
 1.61920671e+02 1.71986880e+02 1.82053089e+02 1.92119298e+02
 2.02185507e+02 2.12251716e+02 2.22317925e+02 2.32384134e+02
 2.42450343e+02 2.52516552e+02 2.62582761e+02 2.72648970e+02
 2.82715179e+02 2.92781388e+02 3.02847597e+02 3.12913806e+02
 3.22980015e+02 3.33046225e+02 3.43112434e+02 3.53178643e+02
 3.63244852e+02 3.73311061e+02 3.83377270e+02 3.93443479e+02
 4.03509688e+02 4.13575897e+02 4.23642106e+02 4.33708315e+02
 4.43774524e+02 4.53840733e+02 4.63906942e+02 4.73973151e+02
 4.84039360e+02 4.94105569e+02 5.04171778e+02 5.14237987e+02
 5.24304196e+02 5.34370405e+02 5.44436614e+02 5.54502823e+02
 5.64569032e+02 5.74635241e+02 5.84701450e+02 5.94767659e+02
 6.04833868e+02 6.14900077e+02 6.24966286e+02 6.35032495e+02
 6.45098705e+02 6.55164914e+02 6.65231123e+02 6.75297332e+02
 6.85363541e+02 6.95429750e+02 7.05495959e+02 7.15562168e+02
 7.25628377e+02 7.35694586e+02 7.45760795e+02 7.55827004e+02
 7.65893213e+02 7.75959422e+02 7.86025631e+02 7.96091840e+02
 8.06158049e+02 8.16224258e+02 8.26290467e+02 8.36356676e+02
 8.46422885e+02 8.56489094e+02 8.66555303e+02 8.76621512e+02
 8.86687721e+02 8.96753930e+02 9.06820139e+02 9.16886348e+02
 9.26952557e+02 9.37018766e+02 9.47084976e+02 9.57151185e+02
 9.67217394e+02 9.77283603e+02 9.87349812e+02 9.97416021e+02]
d_y_fitting=[0.64327485 1.45875114 2.17285148 2.79124234 3.31959018 3.76356145
 4.12882264 4.42104018 4.64588056 4.80901022 4.91609564 4.97280327
 4.98479958 4.95775102 4.89732407 4.80918517 4.6990008  4.57243742
 4.43516149 4.29283947 4.1506659  4.01069656 3.8737063  3.74046615
 3.61174715 3.48832035 3.3709568  3.26042753 3.15750359 3.06295603
 2.97755588 2.9020742  2.83728202 2.7839504  2.74285036 2.71475296
 2.70042924 2.70065024 2.71618702 2.7478106  2.79594535 2.85955128
 2.93720182 3.0274704  3.12893047 3.24015545 3.35971879 3.4861939
 3.61815424 3.75417323 3.89282431 4.03268092 4.17231648 4.31030443
 4.44521821 4.57563126 4.700117   4.81724887 4.92560031 5.02374475
 5.11026134 5.18427665 5.24591056 5.29538795 5.33293366 5.35877255
 5.37312947 5.37622927 5.36829681 5.34955695 5.32023453 5.28055441
 5.23074145 5.1710205  5.10161641 5.02275404 4.93465825 4.83755387
 4.73166578 4.61721882 4.49443785 4.36354772 4.22477329 4.0783394
 3.92447092 3.7633927  3.59532959 3.42050645 3.23914813 3.05147948
 2.85772536 2.65811062 2.45286012 2.24219871 2.02635125 1.80554258
 1.57999757 1.34994106 1.11559791 0.87719298]