
p_x=[2.5839793281653747, 85.27131782945736, 204.9956933677864, 453.91903531438413, 611.5417743324721, 807.0628768303187, 906.1154177433248, 996.5546942291128]
p_y=[0.23529411764705976, 2.9411764705882346, 4.823529411764706, 5.764705882352941, 4.470588235294118, 4.0, 2.8235294117647056, 0.35294117647058876]
a_x=[2.5839793281653747, 86.99397071490095, 188.63049095607235, 398.7941429801895, 795.0043066322137, 912.1447028423772, 996.5546942291128]
a_y=[0.1754385964912295, 2.6315789473684212, 4.385964912280702, 5.087719298245615, 5.2046783625731, 3.5672514619883042, 0.4093567251461998]
d_x=[2.5839793281653747, 74.93540051679587, 200.6890611541774, 414.2980189491817, 601.2058570198105, 800.1722652885444, 918.1739879414298, 995.693367786391]
d_y=[0.6432748538011701, 3.0994152046783627, 4.385964912280702, 5.555555555555555, 5.672514619883041, 4.619883040935672, 2.7485380116959064, 0.526315789473685]
p_x_fitting=[  2.58397933  12.62408756  22.66419579  32.70430402  42.74441225
  52.78452048  62.82462872  72.86473695  82.90484518  92.94495341
 102.98506164 113.02516987 123.0652781  133.10538634 143.14549457
 153.1856028  163.22571103 173.26581926 183.30592749 193.34603572
 203.38614395 213.42625219 223.46636042 233.50646865 243.54657688
 253.58668511 263.62679334 273.66690157 283.70700981 293.74711804
 303.78722627 313.8273345  323.86744273 333.90755096 343.94765919
 353.98776742 364.02787566 374.06798389 384.10809212 394.14820035
 404.18830858 414.22841681 424.26852504 434.30863328 444.34874151
 454.38884974 464.42895797 474.4690662  484.50917443 494.54928266
 504.58939089 514.62949913 524.66960736 534.70971559 544.74982382
 554.78993205 564.83004028 574.87014851 584.91025674 594.95036498
 604.99047321 615.03058144 625.07068967 635.1107979  645.15090613
 655.19101436 665.2311226  675.27123083 685.31133906 695.35144729
 705.39155552 715.43166375 725.47177198 735.51188021 745.55198845
 755.59209668 765.63220491 775.67231314 785.71242137 795.7525296
 805.79263783 815.83274607 825.8728543  835.91296253 845.95307076
 855.99317899 866.03328722 876.07339545 886.11350368 896.15361192
 906.19372015 916.23382838 926.27393661 936.31404484 946.35415307
 956.3942613  966.43436954 976.47447777 986.514586   996.55469423]
p_y_fitting=[0.23529412 0.65416046 1.04545134 1.41042376 1.75033477 2.06644138
 2.36000061 2.6322695  2.88450507 3.11796434 3.33390434 3.53358209
 3.71825462 3.88917895 4.04761211 4.19481112 4.33203301 4.4605348
 4.58157352 4.6964062  4.80628985 4.9123324  5.01467016 5.11305017
 5.20721843 5.29692094 5.38190371 5.46191274 5.53669404 5.60599362
 5.66955747 5.72713161 5.77846203 5.82329474 5.86137574 5.89245104
 5.91626665 5.93256857 5.9411028  5.94161534 5.93385221 5.9175594
 5.89248292 5.85836878 5.81496297 5.76201153 5.69954979 5.62861903
 5.55047902 5.46638958 5.37761048 5.28540151 5.19102248 5.09573316
 5.00079336 4.90746285 4.81700143 4.7306689  4.64972504 4.57542964
 4.50904249 4.45180732 4.40409471 4.36497203 4.33340023 4.30834022
 4.28875294 4.27359931 4.26184026 4.25243672 4.24434962 4.23653989
 4.22796845 4.21759624 4.20438418 4.18729321 4.16528424 4.13731821
 4.10235606 4.05935869 4.00728705 3.94514579 3.8721961  3.78779245
 3.69128942 3.5820416  3.45940359 3.32272998 3.17137536 3.00469432
 2.82204146 2.62277136 2.40623862 2.17179783 1.91880358 1.64661047
 1.35457308 1.042046   0.70838384 0.35294118]
a_x_fitting=[  2.58397933  12.62408756  22.66419579  32.70430402  42.74441225
  52.78452048  62.82462872  72.86473695  82.90484518  92.94495341
 102.98506164 113.02516987 123.0652781  133.10538634 143.14549457
 153.1856028  163.22571103 173.26581926 183.30592749 193.34603572
 203.38614395 213.42625219 223.46636042 233.50646865 243.54657688
 253.58668511 263.62679334 273.66690157 283.70700981 293.74711804
 303.78722627 313.8273345  323.86744273 333.90755096 343.94765919
 353.98776742 364.02787566 374.06798389 384.10809212 394.14820035
 404.18830858 414.22841681 424.26852504 434.30863328 444.34874151
 454.38884974 464.42895797 474.4690662  484.50917443 494.54928266
 504.58939089 514.62949913 524.66960736 534.70971559 544.74982382
 554.78993205 564.83004028 574.87014851 584.91025674 594.95036498
 604.99047321 615.03058144 625.07068967 635.1107979  645.15090613
 655.19101436 665.2311226  675.27123083 685.31133906 695.35144729
 705.39155552 715.43166375 725.47177198 735.51188021 745.55198845
 755.59209668 765.63220491 775.67231314 785.71242137 795.7525296
 805.79263783 815.83274607 825.8728543  835.91296253 845.95307076
 855.99317899 866.03328722 876.07339545 886.11350368 896.15361192
 906.19372015 916.23382838 926.27393661 936.31404484 946.35415307
 956.3942613  966.43436954 976.47447777 986.514586   996.55469423]
a_y_fitting=[0.1754386  0.51617796 0.84368885 1.15802167 1.45922681 1.74735467
 2.02245563 2.28458008 2.53377843 2.77010106 2.99359837 3.20432075
 3.40231859 3.58764229 3.76034223 3.92046882 4.06807244 4.20320348
 4.32591235 4.43626103 4.53462075 4.6216974  4.69821359 4.76489191
 4.82245499 4.87162542 4.9131258  4.94767876 4.97600688 4.99883278
 5.01687907 5.03086834 5.04152321 5.04956628 5.05572016 5.06070745
 5.06525076 5.07007269 5.07589585 5.08344285 5.09341147 5.10601719
 5.12103791 5.13823567 5.15737249 5.17821041 5.20051146 5.22403767
 5.24855108 5.27381372 5.29958761 5.3256348  5.35171732 5.37759719
 5.40303645 5.42779713 5.45164126 5.47433089 5.49562803 5.51529472
 5.53309299 5.54878488 5.56213242 5.57289764 5.58084257 5.58572925
 5.58731971 5.58537597 5.57966008 5.56993406 5.55595994 5.53749977
 5.51431557 5.48616937 5.45282321 5.41403911 5.36957912 5.31920526
 5.26267956 5.19976397 5.12994111 5.05179905 4.96374718 4.86419489
 4.75155156 4.62422656 4.48062929 4.31916913 4.13825545 3.93629765
 3.71170509 3.46288718 3.18825328 2.88621279 2.55517508 2.19354954
 1.79974556 1.3721725  0.90923976 0.40935673]
d_x_fitting=[  2.58397933  12.61538729  22.64679526  32.67820322  42.70961119
  52.74101915  62.77242711  72.80383508  82.83524304  92.86665101
 102.89805897 112.92946693 122.9608749  132.99228286 143.02369083
 153.05509879 163.08650676 173.11791472 183.14932268 193.18073065
 203.21213861 213.24354658 223.27495454 233.30636251 243.33777047
 253.36917843 263.4005864  273.43199436 283.46340233 293.49481029
 303.52621825 313.55762622 323.58903418 333.62044215 343.65185011
 353.68325808 363.71466604 373.746074   383.77748197 393.80888993
 403.8402979  413.87170586 423.90311383 433.93452179 443.96592975
 453.99733772 464.02874568 474.06015365 484.09156161 494.12296958
 504.15437754 514.1857855  524.21719347 534.24860143 544.2800094
 554.31141736 564.34282532 574.37423329 584.40564125 594.43704922
 604.46845718 614.49986515 624.53127311 634.56268107 644.59408904
 654.625497   664.65690497 674.68831293 684.7197209  694.75112886
 704.78253682 714.81394479 724.84535275 734.87676072 744.90816868
 754.93957665 764.97098461 775.00239257 785.03380054 795.0652085
 805.09661647 815.12802443 825.15943239 835.19084036 845.22224832
 855.25365629 865.28506425 875.31647222 885.34788018 895.37928814
 905.41069611 915.44210407 925.47351204 935.50492    945.53632797
 955.56773593 965.59914389 975.63055186 985.66195982 995.69336779]
d_y_fitting=[0.64327485 1.10614897 1.52538904 1.90344154 2.24275293 2.54576967
 2.81493824 3.05270508 3.26151668 3.44381949 3.60205998 3.73868461
 3.85613984 3.95687215 4.043328   4.11795385 4.18319617 4.24150141
 4.29531606 4.34708656 4.39925215 4.4533892  4.50940524 4.56701705
 4.62594141 4.68589507 4.74659483 4.80775744 4.86909968 4.93033832
 4.99119014 5.0513719  5.11060039 5.16859237 5.22506461 5.27973389
 5.33231698 5.38253065 5.43009167 5.47471682 5.51612287 5.55402658
 5.58820075 5.61867263 5.64554175 5.66890766 5.68886988 5.70552795
 5.71898141 5.72932978 5.73667261 5.74110944 5.74273978 5.74166319
 5.73797919 5.73178732 5.72318711 5.7122781  5.69915982 5.68393182
 5.66669162 5.64741018 5.6258579  5.60178743 5.57495141 5.54510248
 5.51199329 5.47537649 5.43500472 5.39063062 5.34200684 5.28888603
 5.23102083 5.16816388 5.10006782 5.02648532 4.947169   4.86187151
 4.77034551 4.67234362 4.5676114  4.45572359 4.33608007 4.20807281
 4.07109374 3.92453481 3.76778797 3.60024517 3.42129836 3.23033948
 3.02676049 2.80995333 2.57930995 2.3342223  2.07408232 1.79828197
 1.50621319 1.19726794 0.87083816 0.52631579]