
p_x=[2.5839793281653747, 24.117140396210164, 55.12489233419466, 91.3006029285099, 211.02497846683892, 403.96210163652023, 626.1843238587425, 809.6468561584841, 997.4160206718346]
p_y=[0.0, 3.647058823529412, 5.411764705882353, 6.235294117647059, 5.882352941176471, 7.647058823529411, 5.882352941176471, 4.117647058823529, 0.35294117647058876]
a_x=[3.4453057708871664, 86.13264427217916, 200.6890611541774, 402.2394487510766, 651.1627906976745, 767.4418604651163, 894.0568475452196, 997.4160206718346]
a_y=[0.1754385964912295, 2.9824561403508776, 5.087719298245615, 6.608187134502924, 6.608187134502924, 6.257309941520468, 4.736842105263158, 0.4093567251461998]
d_x=[1.7226528854435832, 397.9328165374677, 599.4832041343669, 801.894918173988, 998.2773471145564]
d_y=[0.7602339181286553, 4.385964912280702, 4.269005847953217, 3.8011695906432754, 0.9941520467836256]
p_x_fitting=[  2.58397933  12.63278783  22.68159633  32.73040482  42.77921332
  52.82802182  62.87683032  72.92563882  82.97444732  93.02325581
 103.07206431 113.12087281 123.16968131 133.21848981 143.26729831
 153.3161068  163.3649153  173.4137238  183.4625323  193.5113408
 203.5601493  213.6089578  223.65776629 233.70657479 243.75538329
 253.80419179 263.85300029 273.90180879 283.95061728 293.99942578
 304.04823428 314.09704278 324.14585128 334.19465978 344.24346827
 354.29227677 364.34108527 374.38989377 384.43870227 394.48751077
 404.53631927 414.58512776 424.63393626 434.68274476 444.73155326
 454.78036176 464.82917026 474.87797875 484.92678725 494.97559575
 505.02440425 515.07321275 525.12202125 535.17082974 545.21963824
 555.26844674 565.31725524 575.36606374 585.41487224 595.46368073
 605.51248923 615.56129773 625.61010623 635.65891473 645.70772323
 655.75653173 665.80534022 675.85414872 685.90295722 695.95176572
 706.00057422 716.04938272 726.09819121 736.14699971 746.19580821
 756.24461671 766.29342521 776.34223371 786.3910422  796.4398507
 806.4886592  816.5374677  826.5862762  836.6350847  846.6838932
 856.73270169 866.78151019 876.83031869 886.87912719 896.92793569
 906.97674419 917.02555268 927.07436118 937.12316968 947.17197818
 957.22078668 967.26959518 977.31840367 987.36721217 997.41602067]
p_y_fitting=[0.         2.06644607 3.48809749 4.41080765 4.98042991 5.34281766
 5.63202937 5.88648661 6.09819417 6.25886314 6.36433616 6.42044768
 6.43451271 6.41384629 6.36576342 6.29757915 6.2166085  6.13016648
 6.04556813 5.97012847 5.91116253 5.87595722 5.86862718 5.88724557
 5.92920778 5.99190923 6.07274534 6.1691115  6.27840314 6.39801566
 6.52534447 6.65778499 6.79273261 6.92758277 7.05973085 7.18657229
 7.30550248 7.41391683 7.50921076 7.58877968 7.65001911 7.69107282
 7.71260741 7.71582069 7.70191045 7.67207451 7.62751065 7.56941667
 7.49899039 7.41742959 7.32593208 7.22569565 7.11791812 7.00379727
 6.88453091 6.76131683 6.63535284 6.50783674 6.37996632 6.2529394
 6.12795375 6.0062072  5.88889753 5.77696884 5.67016021 5.56785334
 5.46942988 5.37427149 5.2817598  5.19127648 5.10220316 5.0139215
 4.92581314 4.83725974 4.74764294 4.65634439 4.56274574 4.46622864
 4.36617473 4.26196568 4.15298311 4.03860869 3.91822407 3.79121088
 3.65695078 3.51482542 3.36421645 3.20450552 3.03507426 2.85530434
 2.66457741 2.4622751  2.24777907 2.02047097 1.77973245 1.52494515
 1.25549072 0.97075082 0.67010709 0.35294118]
a_x_fitting=[  3.44530577  13.485414    23.52552223  33.56563046  43.6057387
  53.64584693  63.68595516  73.72606339  83.76617162  93.80627985
 103.84638808 113.88649632 123.92660455 133.96671278 144.00682101
 154.04692924 164.08703747 174.1271457  184.16725393 194.20736217
 204.2474704  214.28757863 224.32768686 234.36779509 244.40790332
 254.44801155 264.48811979 274.52822802 284.56833625 294.60844448
 304.64855271 314.68866094 324.72876917 334.7688774  344.80898564
 354.84909387 364.8892021  374.92931033 384.96941856 395.00952679
 405.04963502 415.08974326 425.12985149 435.16995972 445.21006795
 455.25017618 465.29028441 475.33039264 485.37050087 495.41060911
 505.45071734 515.49082557 525.5309338  535.57104203 545.61115026
 555.65125849 565.69136672 575.73147496 585.77158319 595.81169142
 605.85179965 615.89190788 625.93201611 635.97212434 646.01223258
 656.05234081 666.09244904 676.13255727 686.1726655  696.21277373
 706.25288196 716.29299019 726.33309843 736.37320666 746.41331489
 756.45342312 766.49353135 776.53363958 786.57374781 796.61385605
 806.65396428 816.69407251 826.73418074 836.77428897 846.8143972
 856.85450543 866.89461366 876.9347219  886.97483013 897.01493836
 907.05504659 917.09515482 927.13526305 937.17537128 947.21547952
 957.25558775 967.29569598 977.33580421 987.37591244 997.41602067]
a_y_fitting=[0.1754386  0.59497367 0.99080283 1.36386553 1.71510122 2.04544936
 2.35584941 2.64724081 2.92056301 3.17675548 3.41675766 3.64150901
 3.85194898 4.04901703 4.2336526  4.40679516 4.56938415 4.72235903
 4.86665926 5.00322428 5.13298757 5.25657325 5.37415208 5.48585872
 5.59182786 5.69219416 5.78709229 5.87665694 5.96102278 6.04032447
 6.11469669 6.18427411 6.24919142 6.30958327 6.36558434 6.41732931
 6.46495285 6.50858963 6.54837432 6.58444161 6.61692607 6.64595481
 6.67164148 6.69409838 6.71343778 6.72977196 6.74321318 6.75387374
 6.76186591 6.76730196 6.77029418 6.77095484 6.76939621 6.76573059
 6.76007023 6.75252743 6.74321445 6.73224359 6.7197271  6.70577728
 6.69050639 6.67402672 6.65645055 6.63789014 6.61845779 6.59825841
 6.57721711 6.55507296 6.53155644 6.50639803 6.47932821 6.45007747
 6.41837629 6.38395514 6.34654452 6.30587489 6.26167674 6.21348024
 6.15975023 6.09859881 6.02813786 5.94647924 5.85173482 5.74201648
 5.61543609 5.47010551 5.30413663 5.11564132 4.90273144 4.66351886
 4.39611546 4.09863312 3.76918369 3.40587906 3.00683109 2.57015166
 2.09395263 1.57634589 1.0154433  0.40935673]
d_x_fitting=[  1.72265289  11.78886192  21.85507095  31.92127998  41.98748902
  52.05369805  62.11990708  72.18611611  82.25232515  92.31853418
 102.38474321 112.45095224 122.51716128 132.58337031 142.64957934
 152.71578837 162.78199741 172.84820644 182.91441547 192.98062451
 203.04683354 213.11304257 223.1792516  233.24546064 243.31166967
 253.3778787  263.44408773 273.51029677 283.5765058  293.64271483
 303.70892386 313.7751329  323.84134193 333.90755096 343.97375999
 354.03996903 364.10617806 374.17238709 384.23859612 394.30480516
 404.37101419 414.43722322 424.50343226 434.56964129 444.63585032
 454.70205935 464.76826839 474.83447742 484.90068645 494.96689548
 505.03310452 515.09931355 525.16552258 535.23173161 545.29794065
 555.36414968 565.43035871 575.49656774 585.56277678 595.62898581
 605.69519484 615.76140388 625.82761291 635.89382194 645.96003097
 656.02624001 666.09244904 676.15865807 686.2248671  696.29107614
 706.35728517 716.4234942  726.48970323 736.55591227 746.6221213
 756.68833033 766.75453936 776.8207484  786.88695743 796.95316646
 807.01937549 817.08558453 827.15179356 837.21800259 847.28421163
 857.35042066 867.41662969 877.48283872 887.54904776 897.61525679
 907.68146582 917.74767485 927.81388389 937.88009292 947.94630195
 958.01251098 968.07872002 978.14492905 988.21113808 998.27734711]
d_y_fitting=[0.76023392 0.97362652 1.17876112 1.3757931  1.56487784 1.74617072
 1.9198271  2.08600239 2.24485194 2.39653114 2.54119538 2.67900001
 2.81010044 2.93465202 3.05281015 3.1647302  3.27056755 3.37047757
 3.46461565 3.55313717 3.63619749 3.71395201 3.78655609 3.85416513
 3.91693449 3.97501955 4.0285757  4.0777583  4.12272275 4.16362442
 4.20061868 4.23386091 4.2635065  4.28971082 4.31262925 4.33241717
 4.34922996 4.36322299 4.37455165 4.3833713  4.38983734 4.39410514
 4.39633007 4.39666752 4.39527286 4.39230148 4.38790875 4.38225004
 4.37548075 4.36775624 4.35923189 4.35006309 4.34040521 4.33041363
 4.32024372 4.31005088 4.29999047 4.29021787 4.28088846 4.27215763
 4.26416107 4.2567593  4.24961029 4.24236733 4.23468369 4.22621267
 4.21660755 4.20552161 4.19260814 4.17752042 4.15991173 4.13943536
 4.1157446  4.08849272 4.05733302 4.02191877 3.98190326 3.93693977
 3.88668159 3.830782   3.76889429 3.70067174 3.62576763 3.54383525
 3.45452789 3.35749882 3.25240133 3.1388887  3.01661422 2.88523118
 2.74439285 2.59375253 2.43296349 2.26167901 2.0795524  1.88623691
 1.68138586 1.4646525  1.23569014 0.99415205]