
p_x=[0.8613264427217916, 54.263565891472865, 182.6012058570198, 322.99741602067184, 544.3583118001723, 797.588285960379, 924.2032730404824, 996.5546942291128]
p_y=[0.35294117647058876, 3.0588235294117645, 3.88235294117647, 3.0588235294117645, 4.9411764705882355, 4.470588235294118, 4.470588235294118, 0.23529411764705976]
a_x=[2.5839793281653747, 55.12489233419466, 115.41774332472008, 191.2144702842377, 254.9526270456503, 317.82945736434107, 376.3996554694229, 434.1085271317829, 470.2842377260982, 505.59862187769164, 542.6356589147287, 577.0887166236004, 650.3014642549526, 751.937984496124, 783.8070628768303, 870.8010335917312, 999.1386735572783]
a_y=[0.29239766081871466, 2.8654970760233924, 0.1754385964912295, 2.8654970760233924, 3.9181286549707606, 3.9181286549707606, 2.0467836257309946, 0.4093567251461998, 3.0994152046783627, 0.6432748538011701, 1.9298245614035086, 2.8654970760233924, 4.035087719298246, 0.058479532163742576, 1.9298245614035086, 2.397660818713451, 0.1754385964912295]
d_x=[0.8613264427217916, 51.67958656330749, 177.43324720068907, 310.07751937984494, 554.6942291128337, 753.6606373815677, 885.4435831180017, 999.1386735572783]
d_y=[0.29239766081871466, 3.333333333333334, 4.736842105263158, 4.269005847953217, 4.152046783625732, 4.035087719298246, 3.5672514619883042, 0.4093567251461998]
p_x_fitting=[8.61326443e-01 1.09188352e+01 2.09763440e+01 3.10338527e+01
 4.10913615e+01 5.11488703e+01 6.12063790e+01 7.12638878e+01
 8.13213966e+01 9.13789053e+01 1.01436414e+02 1.11493923e+02
 1.21551432e+02 1.31608940e+02 1.41666449e+02 1.51723958e+02
 1.61781467e+02 1.71838975e+02 1.81896484e+02 1.91953993e+02
 2.02011502e+02 2.12069011e+02 2.22126519e+02 2.32184028e+02
 2.42241537e+02 2.52299046e+02 2.62356554e+02 2.72414063e+02
 2.82471572e+02 2.92529081e+02 3.02586589e+02 3.12644098e+02
 3.22701607e+02 3.32759116e+02 3.42816624e+02 3.52874133e+02
 3.62931642e+02 3.72989151e+02 3.83046660e+02 3.93104168e+02
 4.03161677e+02 4.13219186e+02 4.23276695e+02 4.33334203e+02
 4.43391712e+02 4.53449221e+02 4.63506730e+02 4.73564238e+02
 4.83621747e+02 4.93679256e+02 5.03736765e+02 5.13794273e+02
 5.23851782e+02 5.33909291e+02 5.43966800e+02 5.54024309e+02
 5.64081817e+02 5.74139326e+02 5.84196835e+02 5.94254344e+02
 6.04311852e+02 6.14369361e+02 6.24426870e+02 6.34484379e+02
 6.44541887e+02 6.54599396e+02 6.64656905e+02 6.74714414e+02
 6.84771922e+02 6.94829431e+02 7.04886940e+02 7.14944449e+02
 7.25001958e+02 7.35059466e+02 7.45116975e+02 7.55174484e+02
 7.65231993e+02 7.75289501e+02 7.85347010e+02 7.95404519e+02
 8.05462028e+02 8.15519536e+02 8.25577045e+02 8.35634554e+02
 8.45692063e+02 8.55749572e+02 8.65807080e+02 8.75864589e+02
 8.85922098e+02 8.95979607e+02 9.06037115e+02 9.16094624e+02
 9.26152133e+02 9.36209642e+02 9.46267150e+02 9.56324659e+02
 9.66382168e+02 9.76439677e+02 9.86497185e+02 9.96554694e+02]
p_y_fitting=[0.35294118 1.0225593  1.61307753 2.12888829 2.57438403 2.9539572
 3.27200023 3.53290557 3.74106566 3.90087294 4.01671985 4.09299884
 4.13410234 4.14442281 4.12835267 4.09028437 4.03461036 3.96572307
 3.88801495 3.80549904 3.72031461 3.63402355 3.54818753 3.46436826
 3.38412744 3.30902676 3.24062793 3.18049264 3.13018258 3.09125946
 3.06528498 3.05382083 3.05842871 3.0802007  3.11817703 3.17083774
 3.23666279 3.31413221 3.40172597 3.49792409 3.60120655 3.71005336
 3.82294451 3.93835999 4.05477981 4.17068397 4.28455245 4.39486527
 4.5001024  4.59874386 4.68926964 4.77015973 4.83989413 4.89695285
 4.93981587 4.96739149 4.98051353 4.98055676 4.96889596 4.94690592
 4.9159614  4.87743721 4.83270813 4.78314893 4.7301344  4.67503933
 4.61923849 4.56410668 4.51101867 4.46134925 4.4164732  4.37776531
 4.34660036 4.32435314 4.31239842 4.31211099 4.32486564 4.35203714
 4.39500029 4.45512986 4.53310998 4.62422996 4.72124266 4.81688623
 4.90389879 4.97501846 5.02298338 5.04053169 5.0204015  4.95533094
 4.83805816 4.66132127 4.41785841 4.10040771 3.7017073  3.21449531
 2.63150986 1.9454891  1.14917114 0.23529412]
a_x_fitting=[  2.58397933  12.65018836  22.71639739  32.78260643  42.84881546
  52.91502449  62.98123352  73.04744256  83.11365159  93.17986062
 103.24606965 113.31227869 123.37848772 133.44469675 143.51090578
 153.57711482 163.64332385 173.70953288 183.77574192 193.84195095
 203.90815998 213.97436901 224.04057805 234.10678708 244.17299611
 254.23920514 264.30541418 274.37162321 284.43783224 294.50404127
 304.57025031 314.63645934 324.70266837 334.7688774  344.83508644
 354.90129547 364.9675045  375.03371354 385.09992257 395.1661316
 405.23234063 415.29854967 425.3647587  435.43096773 445.49717676
 455.5633858  465.62959483 475.69580386 485.76201289 495.82822193
 505.89443096 515.96063999 526.02684902 536.09305806 546.15926709
 556.22547612 566.29168515 576.35789419 586.42410322 596.49031225
 606.55652129 616.62273032 626.68893935 636.75514838 646.82135742
 656.88756645 666.95377548 677.01998451 687.08619355 697.15240258
 707.21861161 717.28482064 727.35102968 737.41723871 747.48344774
 757.54965677 767.61586581 777.68207484 787.74828387 797.8144929
 807.88070194 817.94691097 828.01312    838.07932904 848.14553807
 858.2117471  868.27795613 878.34416517 888.4103742  898.47658323
 908.54279226 918.6090013  928.67521033 938.74141936 948.80762839
 958.87383743 968.94004646 979.00625549 989.07246452 999.13867356]
a_y_fitting=[ 0.29239766  1.66472576  2.54182104  2.99676709  3.10264754  2.932546
  2.55954608  2.0567314   1.49718557  0.95399221  0.50023493  0.20899734
  0.14339026  0.29061185  0.60295261  1.03251853  1.5314156   2.0517498
  2.54562714  2.96534746  3.28429448  3.51558169  3.67672173  3.78522725
  3.85861087  3.91438525  3.96656204  4.01182058  4.04148624  4.04688288
  4.0193343   3.95016435  3.8306116   3.6509794   3.40099324  3.07037005
  2.64882677  2.12608034  1.5053295   0.87114596  0.33847953  0.02233218
  0.03770591  0.49940405  1.39614216  2.37464966  3.02423368  2.95705704
  2.22861084  1.29628105  0.6319946   0.5742251   0.97263628  1.56500639
  2.091646    2.42801438  2.64992739  2.84941196  3.10112199  3.39325166
  3.6871509   3.94416128  4.12562437  4.19288176  4.10727503  3.83437891
  3.39125869  2.82931503  2.20057316  1.55705829  0.95079561  0.43381035
  0.0581277  -0.12422711 -0.06122888  0.2932237   0.87974808  1.54817831
  2.14706011  2.59342436  2.89527312  3.06689436  3.12257603  3.07660608
  2.94327248  2.73686317  2.47166611  2.16196925  1.82206055  1.46622797
  1.10875946  0.76394298  0.44606647  0.1694179  -0.05171478 -0.20304361
 -0.27028065 -0.23913793 -0.0953275   0.1754386 ]
d_x_fitting=[8.61326443e-01 1.09449360e+01 2.10285456e+01 3.11121551e+01
 4.11957647e+01 5.12793743e+01 6.13629838e+01 7.14465934e+01
 8.15302030e+01 9.16138125e+01 1.01697422e+02 1.11781032e+02
 1.21864641e+02 1.31948251e+02 1.42031860e+02 1.52115470e+02
 1.62199080e+02 1.72282689e+02 1.82366299e+02 1.92449908e+02
 2.02533518e+02 2.12617127e+02 2.22700737e+02 2.32784346e+02
 2.42867956e+02 2.52951566e+02 2.63035175e+02 2.73118785e+02
 2.83202394e+02 2.93286004e+02 3.03369613e+02 3.13453223e+02
 3.23536833e+02 3.33620442e+02 3.43704052e+02 3.53787661e+02
 3.63871271e+02 3.73954880e+02 3.84038490e+02 3.94122100e+02
 4.04205709e+02 4.14289319e+02 4.24372928e+02 4.34456538e+02
 4.44540147e+02 4.54623757e+02 4.64707367e+02 4.74790976e+02
 4.84874586e+02 4.94958195e+02 5.05041805e+02 5.15125414e+02
 5.25209024e+02 5.35292633e+02 5.45376243e+02 5.55459853e+02
 5.65543462e+02 5.75627072e+02 5.85710681e+02 5.95794291e+02
 6.05877900e+02 6.15961510e+02 6.26045120e+02 6.36128729e+02
 6.46212339e+02 6.56295948e+02 6.66379558e+02 6.76463167e+02
 6.86546777e+02 6.96630387e+02 7.06713996e+02 7.16797606e+02
 7.26881215e+02 7.36964825e+02 7.47048434e+02 7.57132044e+02
 7.67215654e+02 7.77299263e+02 7.87382873e+02 7.97466482e+02
 8.07550092e+02 8.17633701e+02 8.27717311e+02 8.37800920e+02
 8.47884530e+02 8.57968140e+02 8.68051749e+02 8.78135359e+02
 8.88218968e+02 8.98302578e+02 9.08386187e+02 9.18469797e+02
 9.28553407e+02 9.38637016e+02 9.48720626e+02 9.58804235e+02
 9.68887845e+02 9.78971454e+02 9.89055064e+02 9.99138674e+02]
d_y_fitting=[0.29239766 1.07007502 1.75590486 2.35537824 2.8739862  3.31721978
 3.69057003 3.999528   4.24958472 4.44623124 4.5949586  4.70125786
 4.77062005 4.80853623 4.82049742 4.81199469 4.78851907 4.75556161
 4.71851257 4.68032268 4.64143348 4.60217182 4.56286454 4.5238385
 4.48542053 4.44793748 4.4117162  4.37708354 4.34436634 4.31389145
 4.28598571 4.26097278 4.23898652 4.21986775 4.20343222 4.18949567
 4.17787385 4.1683825  4.16083738 4.15505422 4.15084878 4.14803679
 4.14643401 4.14585618 4.14611904 4.14703835 4.14842984 4.15010927
 4.15189238 4.15359491 4.15503261 4.15602123 4.15637652 4.15591421
 4.15445005 4.15179983 4.14785153 4.14272354 4.13658008 4.12958534
 4.12190353 4.11369886 4.10513555 4.09637779 4.08758979 4.07893576
 4.07057991 4.06268645 4.05541958 4.04894352 4.04342246 4.03902061
 4.03590219 4.0342314  4.03417245 4.03587646 4.03876777 4.04117656
 4.0413426  4.03750564 4.02790543 4.01078173 3.98437428 3.94692285
 3.89666718 3.83184703 3.75070216 3.65147231 3.53239725 3.39171672
 3.22767048 3.03849829 2.82243989 2.57773504 2.3026235  1.99534501
 1.65413934 1.27724623 0.86290544 0.40935673]