
p_x=[1.7226528854435832, 35.31438415159346, 99.91386735572783, 175.71059431524546, 403.1007751937984, 601.2058570198105, 805.3402239448751, 994.8320413436692]
p_y=[0.7058823529411757, 2.8235294117647056, 4.705882352941177, 5.764705882352941, 4.588235294117648, 4.352941176470589, 4.117647058823529, 0.8235294117647065]
a_x=[2.5839793281653747, 62.01550387596899, 140.39621016365203, 308.35486649440134, 397.0714900947459, 593.4539190353145, 801.0335917312663, 897.5021533161068, 994.8320413436692]
a_y=[0.526315789473685, 3.5672514619883042, 4.619883040935672, 1.578947368421053, 3.6842105263157894, 3.9181286549707606, 4.152046783625732, 3.2163742690058488, 0.6432748538011701]
d_x=[2.5839793281653747, 80.1033591731266, 194.6597760551249, 403.1007751937984, 601.2058570198105, 801.894918173988, 996.5546942291128]
d_y=[0.7602339181286553, 4.152046783625732, 5.7894736842105265, 6.023391812865498, 4.853801169590644, 3.333333333333334, 0.6432748538011701]
p_x_fitting=[  1.72265289  11.75406085  21.78546881  31.81687678  41.84828474
  51.87969271  61.91110067  71.94250864  81.9739166   92.00532456
 102.03673253 112.06814049 122.09954846 132.13095642 142.16236438
 152.19377235 162.22518031 172.25658828 182.28799624 192.31940421
 202.35081217 212.38222013 222.4136281  232.44503606 242.47644403
 252.50785199 262.53925996 272.57066792 282.60207588 292.63348385
 302.66489181 312.69629978 322.72770774 332.7591157  342.79052367
 352.82193163 362.8533396  372.88474756 382.91615553 392.94756349
 402.97897145 413.01037942 423.04178738 433.07319535 443.10460331
 453.13601128 463.16741924 473.1988272  483.23023517 493.26164313
 503.2930511  513.32445906 523.35586703 533.38727499 543.41868295
 553.45009092 563.48149888 573.51290685 583.54431481 593.57572277
 603.60713074 613.6385387  623.66994667 633.70135463 643.7327626
 653.76417056 663.79557852 673.82698649 683.85839445 693.88980242
 703.92121038 713.95261835 723.98402631 734.01543427 744.04684224
 754.0782502  764.10965817 774.14106613 784.17247409 794.20388206
 804.23529002 814.26669799 824.29810595 834.32951392 844.36092188
 854.39232984 864.42373781 874.45514577 884.48655374 894.5179617
 904.54936967 914.58077763 924.61218559 934.64359356 944.67500152
 954.70640949 964.73781745 974.76922542 984.80063338 994.83204134]
p_y_fitting=[0.70588235 1.45883284 2.10402602 2.65278771 3.11644372 3.50631985
 3.83374193 4.11003576 4.34652715 4.5545419  4.74538524 4.92657765
 5.09746545 5.25632963 5.40145117 5.53111103 5.64359021 5.73716967
 5.81027269 5.86304429 5.89677339 5.91276948 5.91234206 5.89680064
 5.86745472 5.8256138  5.77258739 5.70968498 5.63821608 5.55949019
 5.47481682 5.38550546 5.29286561 5.19820679 5.10283848 5.0080702
 4.91521145 4.82557173 4.74046053 4.66118737 4.58906174 4.52511462
 4.4692215  4.42095829 4.37990091 4.34562527 4.31770728 4.29572286
 4.27924793 4.26785839 4.26113016 4.25863915 4.25996128 4.26467246
 4.27234861 4.28256563 4.29489944 4.30892596 4.3242211  4.34036077
 4.35692088 4.37347778 4.38960862 4.40489067 4.41890119 4.43121743
 4.44141667 4.44907616 4.45377317 4.45508495 4.45258878 4.4458619
 4.43448159 4.41802511 4.39606971 4.36819266 4.33397123 4.29298266
 4.24480423 4.1890132  4.12518683 4.05290238 3.97173711 3.88126829
 3.78107317 3.67072903 3.54981311 3.41790269 3.27457502 3.11940737
 2.951977   2.77186117 2.57863714 2.37188217 2.15117353 1.91608848
 1.66620429 1.4010982  1.12034749 0.82352941]
a_x_fitting=[  2.58397933  12.60668703  22.62939472  32.65210242  42.67481012
  52.69751781  62.72022551  72.74293321  82.76564091  92.7883486
 102.8110563  112.833764   122.85647169 132.87917939 142.90188709
 152.92459479 162.94730248 172.97001018 182.99271788 193.01542557
 203.03813327 213.06084097 223.08354866 233.10625636 243.12896406
 253.15167176 263.17437945 273.19708715 283.21979485 293.24250254
 303.26521024 313.28791794 323.31062564 333.33333333 343.35604103
 353.37874873 363.40145642 373.42416412 383.44687182 393.46957952
 403.49228721 413.51499491 423.53770261 433.5604103  443.583118
 453.6058257  463.6285334  473.65124109 483.67394879 493.69665649
 503.71936418 513.74207188 523.76477958 533.78748728 543.81019497
 553.83290267 563.85561037 573.87831806 583.90102576 593.92373346
 603.94644116 613.96914885 623.99185655 634.01456425 644.03727194
 654.05997964 664.08268734 674.10539504 684.12810273 694.15081043
 704.17351813 714.19622582 724.21893352 734.24164122 744.26434892
 754.28705661 764.30976431 774.33247201 784.3551797  794.3778874
 804.4005951  814.4233028  824.44601049 834.46871819 844.49142589
 854.51413358 864.53684128 874.55954898 884.58225668 894.60496437
 904.62767207 914.65037977 924.67308746 934.69579516 944.71850286
 954.74121056 964.76391825 974.78662595 984.80933365 994.83204134]
a_y_fitting=[0.52631579 1.17469535 1.76808982 2.30649377 2.78990176 3.21830837
 3.59170816 3.9100957  4.17346556 4.3818123  4.5351305  4.63341472
 4.67665953 4.66485951 4.59802927 4.47861185 4.31376652 4.11119443
 3.87859672 3.62367455 3.35412907 3.07766142 2.80197276 2.53476423
 2.28373698 2.05659216 1.86103093 1.70475442 1.59546379 1.54086019
 1.54864477 1.62611028 1.77080278 1.97032094 2.2118149  2.48243478
 2.76933072 3.05965286 3.34055133 3.59917627 3.82335834 4.00963655
 4.16057146 4.27884375 4.36713413 4.42812329 4.46449193 4.47892074
 4.47409041 4.45268164 4.41737513 4.37085157 4.31579165 4.25487607
 4.19078552 4.1262007  4.06380231 4.00627104 3.95628757 3.91653255
 3.88894227 3.87286541 3.86708873 3.87039896 3.88158287 3.8994272
 3.92271871 3.95024413 3.98079022 4.01314374 4.04609142 4.07842002
 4.10891629 4.13636697 4.15955882 4.17727859 4.18831303 4.19144888
 4.18547289 4.16917182 4.1413368  4.1010174  4.04766098 3.9807488
 3.89976211 3.80418216 3.69349022 3.56716754 3.42469538 3.26555499
 3.08922762 2.89519454 2.682937   2.45193626 2.20167357 1.93163019
 1.64128737 1.33012637 0.99762844 0.64327485]
d_x_fitting=[  2.58397933  12.62408756  22.66419579  32.70430402  42.74441225
  52.78452048  62.82462872  72.86473695  82.90484518  92.94495341
 102.98506164 113.02516987 123.0652781  133.10538634 143.14549457
 153.1856028  163.22571103 173.26581926 183.30592749 193.34603572
 203.38614395 213.42625219 223.46636042 233.50646865 243.54657688
 253.58668511 263.62679334 273.66690157 283.70700981 293.74711804
 303.78722627 313.8273345  323.86744273 333.90755096 343.94765919
 353.98776742 364.02787566 374.06798389 384.10809212 394.14820035
 404.18830858 414.22841681 424.26852504 434.30863328 444.34874151
 454.38884974 464.42895797 474.4690662  484.50917443 494.54928266
 504.58939089 514.62949913 524.66960736 534.70971559 544.74982382
 554.78993205 564.83004028 574.87014851 584.91025674 594.95036498
 604.99047321 615.03058144 625.07068967 635.1107979  645.15090613
 655.19101436 665.2311226  675.27123083 685.31133906 695.35144729
 705.39155552 715.43166375 725.47177198 735.51188021 745.55198845
 755.59209668 765.63220491 775.67231314 785.71242137 795.7525296
 805.79263783 815.83274607 825.8728543  835.91296253 845.95307076
 855.99317899 866.03328722 876.07339545 886.11350368 896.15361192
 906.19372015 916.23382838 926.27393661 936.31404484 946.35415307
 956.3942613  966.43436954 976.47447777 986.514586   996.55469423]
d_y_fitting=[0.76023392 1.35521629 1.89901009 2.39416429 2.84322786 3.24874976
 3.61327896 3.93936442 4.2295551  4.48639998 4.71244801 4.91024816
 5.08234941 5.2313007  5.35965101 5.4699493  5.56474454 5.64658569
 5.71802172 5.7816016  5.83960002 5.89266096 5.94082803 5.98414396
 6.02265141 6.05639311 6.08541173 6.10974998 6.12945056 6.14455616
 6.15510948 6.16115321 6.16273005 6.1598827  6.15265386 6.14108621
 6.12522247 6.10510532 6.08077746 6.05228159 6.01966044 5.98300032
 5.94251386 5.89843646 5.85100353 5.80045048 5.74701271 5.69092562
 5.63242461 5.5717451  5.50912249 5.44479218 5.37898957 5.31195008
 5.24390911 5.17510205 5.10576432 5.03613132 4.96643846 4.89692113
 4.82781096 4.75917003 4.69082638 4.62259096 4.5542747  4.48568854
 4.41664343 4.34695029 4.27642008 4.20486372 4.13209217 4.05791635
 3.9821472  3.90459567 3.8250727  3.74338921 3.65935616 3.57278448
 3.48348511 3.39126899 3.29594705 3.19733025 3.0952295  2.98945577
 2.87981997 2.76613306 2.64820598 2.52584965 2.39887502 2.26709303
 2.13031462 1.98835073 1.84101229 1.68811024 1.52945553 1.3648591
 1.19413187 1.0170848  0.83352881 0.64327485]