
p_x=[2.5839793281653747, 26.701119724375538, 58.57019810508183, 81.8260120585702, 144.70284237726096, 329.02670111972435, 508.182601205857, 695.9517657192076, 832.9026701119724, 917.312661498708, 996.5546942291128]
p_y=[0.0, 2.3529411764705888, 3.5294117647058822, 3.764705882352941, 4.117647058823529, 3.5294117647058822, 4.352941176470589, 4.470588235294118, 4.23529411764706, 2.8235294117647056, -0.117647058823529]
a_x=[0.8613264427217916, 24.117140396210164, 62.01550387596899, 95.60723514211885, 198.10508182601205, 351.4211886304909, 497.8466838931955, 698.5357450473729, 841.5159345391904, 919.0353143841517, 995.693367786391]
a_y=[0.1754385964912295, 3.0994152046783627, 4.502923976608187, 4.385964912280702, 3.6842105263157894, 3.2163742690058488, 4.619883040935672, 5.555555555555555, 4.853801169590644, 3.2163742690058488, 0.058479532163742576]
d_x=[3.4453057708871664, 23.25581395348837, 62.01550387596899, 95.60723514211885, 199.82773471145566, 340.22394487510763, 532.2997416020671, 766.5805340223944, 870.8010335917312, 999.1386735572783]
d_y=[0.1754385964912295, 3.2163742690058488, 4.736842105263158, 4.853801169590644, 4.502923976608187, 4.502923976608187, 4.853801169590644, 4.035087719298246, 3.2163742690058488, 0.29239766081871466]
p_x_fitting=[  2.58397933  12.62408756  22.66419579  32.70430402  42.74441225
  52.78452048  62.82462872  72.86473695  82.90484518  92.94495341
 102.98506164 113.02516987 123.0652781  133.10538634 143.14549457
 153.1856028  163.22571103 173.26581926 183.30592749 193.34603572
 203.38614395 213.42625219 223.46636042 233.50646865 243.54657688
 253.58668511 263.62679334 273.66690157 283.70700981 293.74711804
 303.78722627 313.8273345  323.86744273 333.90755096 343.94765919
 353.98776742 364.02787566 374.06798389 384.10809212 394.14820035
 404.18830858 414.22841681 424.26852504 434.30863328 444.34874151
 454.38884974 464.42895797 474.4690662  484.50917443 494.54928266
 504.58939089 514.62949913 524.66960736 534.70971559 544.74982382
 554.78993205 564.83004028 574.87014851 584.91025674 594.95036498
 604.99047321 615.03058144 625.07068967 635.1107979  645.15090613
 655.19101436 665.2311226  675.27123083 685.31133906 695.35144729
 705.39155552 715.43166375 725.47177198 735.51188021 745.55198845
 755.59209668 765.63220491 775.67231314 785.71242137 795.7525296
 805.79263783 815.83274607 825.8728543  835.91296253 845.95307076
 855.99317899 866.03328722 876.07339545 886.11350368 896.15361192
 906.19372015 916.23382838 926.27393661 936.31404484 946.35415307
 956.3942613  966.43436954 976.47447777 986.514586   996.55469423]
p_y_fitting=[ 0.          1.18319717  2.06955606  2.70634918  3.14084901  3.42032806
  3.59190376  3.69743218  3.77234014  3.84318249  3.91185396  3.97579267
  4.03243673  4.07922425  4.11359337  4.1333903   4.13907797  4.13215213
  4.11411108  4.08645311  4.0506765   4.00827954  3.96076053  3.90961776
  3.85634951  3.80245408  3.74942975  3.69877482  3.65198757  3.61056629
  3.57600928  3.54981482  3.53348121  3.52845741  3.53498046  3.55203085
  3.57853083  3.61340262  3.65556846  3.70395058  3.75747121  3.8150526
  3.87561697  3.93808655  4.00138359  4.06443031  4.12614895  4.18546175
  4.24129093  4.29255873  4.33818739  4.37717146  4.40942596  4.43549983
  4.45595453  4.47135155  4.48225234  4.48921839  4.49281115  4.4935921
  4.49212271  4.48896444  4.48467878  4.47982718  4.47497112  4.47067207
  4.46749149  4.46599086  4.46673165  4.47027533  4.47690118  4.48553751
  4.49470876  4.50293934  4.50875361  4.51067598  4.50723082  4.49694252
  4.47833548  4.44993406  4.41026267  4.35784569  4.29120749  4.20887453
  4.10953224  3.99213566  3.85566601  3.69910446  3.52143221  3.32163047
  3.09868041  2.85156324  2.57926014  2.28075232  1.95502096  1.60104727
  1.21781242  0.80429762  0.35948407 -0.11764706]
a_x_fitting=[8.61326443e-01 1.09101349e+01 2.09589434e+01 3.10077519e+01
 4.10565604e+01 5.11053689e+01 6.11541774e+01 7.12029859e+01
 8.12517944e+01 9.13006029e+01 1.01349411e+02 1.11398220e+02
 1.21447028e+02 1.31495837e+02 1.41544645e+02 1.51593454e+02
 1.61642262e+02 1.71691071e+02 1.81739879e+02 1.91788688e+02
 2.01837496e+02 2.11886305e+02 2.21935113e+02 2.31983922e+02
 2.42032730e+02 2.52081539e+02 2.62130347e+02 2.72179156e+02
 2.82227964e+02 2.92276773e+02 3.02325581e+02 3.12374390e+02
 3.22423198e+02 3.32472007e+02 3.42520815e+02 3.52569624e+02
 3.62618432e+02 3.72667241e+02 3.82716049e+02 3.92764858e+02
 4.02813666e+02 4.12862475e+02 4.22911283e+02 4.32960092e+02
 4.43008900e+02 4.53057709e+02 4.63106517e+02 4.73155326e+02
 4.83204134e+02 4.93252943e+02 5.03301751e+02 5.13350560e+02
 5.23399368e+02 5.33448177e+02 5.43496985e+02 5.53545794e+02
 5.63594602e+02 5.73643411e+02 5.83692219e+02 5.93741028e+02
 6.03789836e+02 6.13838645e+02 6.23887453e+02 6.33936262e+02
 6.43985070e+02 6.54033879e+02 6.64082687e+02 6.74131496e+02
 6.84180304e+02 6.94229113e+02 7.04277921e+02 7.14326730e+02
 7.24375538e+02 7.34424347e+02 7.44473155e+02 7.54521964e+02
 7.64570772e+02 7.74619581e+02 7.84668389e+02 7.94717198e+02
 8.04766006e+02 8.14814815e+02 8.24863623e+02 8.34912432e+02
 8.44961240e+02 8.55010049e+02 8.65058857e+02 8.75107666e+02
 8.85156474e+02 8.95205283e+02 9.05254091e+02 9.15302900e+02
 9.25351708e+02 9.35400517e+02 9.45449325e+02 9.55498134e+02
 9.65546942e+02 9.75595751e+02 9.85644559e+02 9.95693368e+02]
a_y_fitting=[0.1754386  1.70126833 2.82124659 3.59811483 4.09461448 4.37348699
 4.49747379 4.5247609  4.48994384 4.42000479 4.34107119 4.26497594
 4.1916908  4.12082854 4.05200189 3.98482363 3.91890648 3.85386322
 3.78930658 3.72484932 3.6601159  3.59527353 3.53124962 3.46902839
 3.40959402 3.35393071 3.30302265 3.25785406 3.21940911 3.18867201
 3.16662695 3.15425814 3.15254976 3.16248601 3.1850511  3.2212286
 3.27144617 3.33454689 3.40909347 3.49364858 3.58677492 3.68703516
 3.79299199 3.90320809 4.01624616 4.13066888 4.24503893 4.357919
 4.46787177 4.57345994 4.673289   4.76677631 4.85406513 4.93532431
 5.01072267 5.08042907 5.14461235 5.20344133 5.25708487 5.30571179
 5.34949095 5.38859118 5.42318133 5.45343022 5.47950671 5.50157962
 5.51981781 5.53439011 5.54546536 5.55321239 5.55776517 5.55867161
 5.55499333 5.54577726 5.53007032 5.50691943 5.47537149 5.43447344
 5.38327219 5.32081466 5.24614777 5.15831842 5.05637356 4.93936008
 4.80632289 4.6561932  4.48773051 4.29968001 4.09078691 3.85979641
 3.60545371 3.32650403 3.02169256 2.68976451 2.32946509 1.9395395
 1.51873295 1.06579063 0.57945776 0.05847953]
d_x_fitting=[  3.44530577  13.50281454  23.5603233   33.61783207  43.67534083
  53.7328496   63.79035836  73.84786713  83.9053759   93.96288466
 104.02039343 114.07790219 124.13541096 134.19291972 144.25042849
 154.30793725 164.36544602 174.42295478 184.48046355 194.53797232
 204.59548108 214.65298985 224.71049861 234.76800738 244.82551614
 254.88302491 264.94053367 274.99804244 285.05555121 295.11305997
 305.17056874 315.2280775  325.28558627 335.34309503 345.4006038
 355.45811256 365.51562133 375.5731301  385.63063886 395.68814763
 405.74565639 415.80316516 425.86067392 435.91818269 445.97569145
 456.03320022 466.09070898 476.14821775 486.20572652 496.26323528
 506.32074405 516.37825281 526.43576158 536.49327034 546.55077911
 556.60828787 566.66579664 576.72330541 586.78081417 596.83832294
 606.8958317  616.95334047 627.01084923 637.068358   647.12586676
 657.18337553 667.2408843  677.29839306 687.35590183 697.41341059
 707.47091936 717.52842812 727.58593689 737.64344565 747.70095442
 757.75846318 767.81597195 777.87348072 787.93098948 797.98849825
 808.04600701 818.10351578 828.16102454 838.21853331 848.27604207
 858.33355084 868.39105961 878.44856837 888.50607714 898.5635859
 908.62109467 918.67860343 928.7361122  938.79362096 948.85112973
 958.9086385  968.96614726 979.02365603 989.08116479 999.13867356]
d_y_fitting=[0.1754386  2.00092256 3.24669825 4.0285524  4.46227172 4.66364296
 4.74834843 4.80155674 4.8356899  4.85256048 4.85401307 4.84210299
 4.81897074 4.78675708 4.74760275 4.7036485  4.65703507 4.60990321
 4.56439368 4.52264721 4.48675927 4.45764487 4.43495587 4.4182823
 4.40721416 4.40134148 4.40025426 4.40354253 4.41079629 4.42160556
 4.43556036 4.45225071 4.47126661 4.49219809 4.51463828 4.53824769
 4.5627516  4.58787793 4.6133546  4.63890954 4.66427065 4.68916585
 4.71332308 4.73647024 4.75833525 4.77864604 4.79713053 4.81351662
 4.82753225 4.83890533 4.84736378 4.85263552 4.85444846 4.85253548
 4.84680359 4.83737621 4.82439027 4.8079827  4.78829042 4.76545037
 4.73959947 4.71087465 4.67941284 4.64535096 4.60882594 4.56997471
 4.5289342  4.48584134 4.44083304 4.39404625 4.34561789 4.29568489
 4.24438417 4.19185266 4.13822729 4.08364499 4.0282423  3.97186529
 3.91355243 3.85220299 3.78671624 3.71599142 3.63892782 3.55442469
 3.46138129 3.35869689 3.24527076 3.12000215 2.98179033 2.82953456
 2.6621341  2.47848823 2.27749619 2.05805727 1.81907071 1.55943578
 1.27805175 0.97381788 0.64563343 0.29239766]