
p_x=[0.8613264427217916, 51.67958656330749, 100.7751937984496, 161.06804478897502, 292.85099052540914, 419.4659776055125, 606.3738156761412, 793.2816537467701, 997.4160206718346]
p_y=[0.35294117647058876, 4.823529411764706, 6.705882352941177, 6.8235294117647065, 5.882352941176471, 6.117647058823529, 6.0, 4.470588235294118, 0.5882352941176467]
a_x=[4.3066322136089585, 108.52713178294573, 193.79844961240312, 291.98966408268734, 405.68475452196384, 596.0378983634797, 796.7269595176572, 896.640826873385, 996.5546942291128]
a_y=[0.526315789473685, 4.502923976608187, 6.374269005847953, 6.374269005847953, 4.853801169590644, 5.43859649122807, 5.43859649122807, 3.5672514619883042, 0.6432748538011701]
d_x=[1.7226528854435832, 34.45305770887167, 102.4978466838932, 193.79844961240312, 288.5443583118002, 395.3488372093023, 592.5925925925926, 798.4496124031008, 996.5546942291128]
d_y=[0.6432748538011701, 3.450292397660819, 2.8654970760233924, 2.9824561403508776, 2.0467836257309946, 2.280701754385966, 3.2163742690058488, 3.333333333333334, 0.6432748538011701]
p_x_fitting=[8.61326443e-01 1.09275355e+01 2.09937445e+01 3.10599535e+01
 4.11261626e+01 5.11923716e+01 6.12585806e+01 7.13247897e+01
 8.13909987e+01 9.14572077e+01 1.01523417e+02 1.11589626e+02
 1.21655835e+02 1.31722044e+02 1.41788253e+02 1.51854462e+02
 1.61920671e+02 1.71986880e+02 1.82053089e+02 1.92119298e+02
 2.02185507e+02 2.12251716e+02 2.22317925e+02 2.32384134e+02
 2.42450343e+02 2.52516552e+02 2.62582761e+02 2.72648970e+02
 2.82715179e+02 2.92781388e+02 3.02847597e+02 3.12913806e+02
 3.22980015e+02 3.33046225e+02 3.43112434e+02 3.53178643e+02
 3.63244852e+02 3.73311061e+02 3.83377270e+02 3.93443479e+02
 4.03509688e+02 4.13575897e+02 4.23642106e+02 4.33708315e+02
 4.43774524e+02 4.53840733e+02 4.63906942e+02 4.73973151e+02
 4.84039360e+02 4.94105569e+02 5.04171778e+02 5.14237987e+02
 5.24304196e+02 5.34370405e+02 5.44436614e+02 5.54502823e+02
 5.64569032e+02 5.74635241e+02 5.84701450e+02 5.94767659e+02
 6.04833868e+02 6.14900077e+02 6.24966286e+02 6.35032495e+02
 6.45098705e+02 6.55164914e+02 6.65231123e+02 6.75297332e+02
 6.85363541e+02 6.95429750e+02 7.05495959e+02 7.15562168e+02
 7.25628377e+02 7.35694586e+02 7.45760795e+02 7.55827004e+02
 7.65893213e+02 7.75959422e+02 7.86025631e+02 7.96091840e+02
 8.06158049e+02 8.16224258e+02 8.26290467e+02 8.36356676e+02
 8.46422885e+02 8.56489094e+02 8.66555303e+02 8.76621512e+02
 8.86687721e+02 8.96753930e+02 9.06820139e+02 9.16886348e+02
 9.26952557e+02 9.37018766e+02 9.47084976e+02 9.57151185e+02
 9.67217394e+02 9.77283603e+02 9.87349812e+02 9.97416021e+02]
p_y_fitting=[0.35294118 1.47153099 2.47005293 3.35336733 4.12633453 4.79381487
 5.36066868 5.8317563  6.21193807 6.50607432 6.71902585 6.85705405
 6.93090824 6.95223486 6.93268033 6.88389109 6.81751253 6.74304606
 6.66332983 6.57991135 6.49433811 6.40815762 6.32291738 6.24016488
 6.16144763 6.08831313 6.02230888 5.96498238 5.91788113 5.88255263
 5.86006707 5.84954538 5.84961094 5.85888715 5.87599741 5.8995651
 5.92821362 5.96056636 5.99524672 6.03087809 6.06608385 6.09948741
 6.12972869 6.15603713 6.17837864 6.19676552 6.21121004 6.22172451
 6.2283212  6.2310124  6.22981041 6.22472751 6.215776   6.20296814
 6.18631625 6.1658326  6.14152948 6.11341919 6.081514   6.04582621
 6.00636811 5.9631409  5.91607517 5.86507383 5.81003973 5.75087568
 5.68748453 5.61976912 5.54763228 5.47097684 5.38970565 5.30372154
 5.21292735 5.1172259  5.01652004 4.91071261 4.79970644 4.68340436
 4.56170922 4.43452384 4.30175107 4.16329374 4.01905468 3.86893674
 3.71284275 3.55067554 3.38233795 3.20773283 3.02676299 2.83933128
 2.64534054 2.4446936  2.2372933  2.02304248 1.80184396 1.57360059
 1.3382152  1.09559063 0.84562972 0.58823529]
a_x_fitting=[  4.30663221  14.32933991  24.35204761  34.3747553   44.397463
  54.4201707   64.4428784   74.46558609  84.48829379  94.51100149
 104.53370918 114.55641688 124.57912458 134.60183228 144.62453997
 154.64724767 164.66995537 174.69266306 184.71537076 194.73807846
 204.76078616 214.78349385 224.80620155 234.82890925 244.85161694
 254.87432464 264.89703234 274.91974004 284.94244773 294.96515543
 304.98786313 315.01057082 325.03327852 335.05598622 345.07869392
 355.10140161 365.12410931 375.14681701 385.1695247  395.1922324
 405.2149401  415.2376478  425.26035549 435.28306319 445.30577089
 455.32847858 465.35118628 475.37389398 485.39660168 495.41930937
 505.44201707 515.46472477 525.48743246 535.51014016 545.53284786
 555.55555556 565.57826325 575.60097095 585.62367865 595.64638634
 605.66909404 615.69180174 625.71450944 635.73721713 645.75992483
 655.78263253 665.80534022 675.82804792 685.85075562 695.87346332
 705.89617101 715.91887871 725.94158641 735.9642941  745.9870018
 756.0097095  766.0324172  776.05512489 786.07783259 796.10054029
 806.12324798 816.14595568 826.16866338 836.19137108 846.21407877
 856.23678647 866.25949417 876.28220186 886.30490956 896.32761726
 906.35032495 916.37303265 926.39574035 936.41844805 946.44115574
 956.46386344 966.48657114 976.50927883 986.53198653 996.55469423]
a_y_fitting=[0.52631579 0.95941324 1.38473047 1.80119471 2.20773316 2.60327303
 2.98674155 3.35706592 3.71317336 4.05399109 4.3784463  4.68546623
 4.97397808 5.24290907 5.4911864  5.7177373  5.92148898 6.10136865
 6.25630352 6.38522107 6.48747419 6.56370309 6.61479059 6.6416195
 6.64507264 6.62603283 6.58538287 6.52400559 6.4427838  6.34261149
 6.22527059 6.09406079 5.95243045 5.80382792 5.65170153 5.49949964
 5.35067059 5.20866273 5.07692442 4.95890399 4.85804979 4.77712926
 4.71577438 4.67271522 4.64668175 4.63640396 4.64061181 4.6580353
 4.68740441 4.7274491  4.77689937 4.83448519 4.89893655 4.96898342
 5.04335577 5.12078361 5.19999689 5.27972561 5.35869974 5.43564926
 5.50939923 5.57920241 5.6444317  5.70446004 5.75866036 5.80640559
 5.84706866 5.88002251 5.90464006 5.92029425 5.92635801 5.92220426
 5.90720594 5.88073598 5.84216731 5.79087286 5.72622556 5.64759835
 5.55436414 5.44589589 5.32172575 5.18215451 5.02771459 4.85893843
 4.6763585  4.48050724 4.27191712 4.05112057 3.81865007 3.57503805
 3.32081699 3.05651932 2.78267751 2.499824   2.20849126 1.90921173
 1.60251787 1.28894213 0.96901698 0.64327485]
d_x_fitting=[  1.72265289  11.77146138  21.82026988  31.86907838  41.91788688
  51.96669538  62.01550388  72.06431237  82.11312087  92.16192937
 102.21073787 112.25954637 122.30835487 132.35716336 142.40597186
 152.45478036 162.50358886 172.55239736 182.60120586 192.65001436
 202.69882285 212.74763135 222.79643985 232.84524835 242.89405685
 252.94286535 262.99167384 273.04048234 283.08929084 293.13809934
 303.18690784 313.23571634 323.28452483 333.33333333 343.38214183
 353.43095033 363.47975883 373.52856733 383.57737583 393.62618432
 403.67499282 413.72380132 423.77260982 433.82141832 443.87022682
 453.91903531 463.96784381 474.01665231 484.06546081 494.11426931
 504.16307781 514.2118863  524.2606948  534.3095033  544.3583118
 554.4071203  564.4559288  574.5047373  584.55354579 594.60235429
 604.65116279 614.69997129 624.74877979 634.79758829 644.84639678
 654.89520528 664.94401378 674.99282228 685.04163078 695.09043928
 705.13924777 715.18805627 725.23686477 735.28567327 745.33448177
 755.38329027 765.43209877 775.48090726 785.52971576 795.57852426
 805.62733276 815.67614126 825.72494976 835.77375825 845.82256675
 855.87137525 865.92018375 875.96899225 886.01780075 896.06660924
 906.11541774 916.16422624 926.21303474 936.26184324 946.31065174
 956.35946024 966.40826873 976.45707723 986.50588573 996.55469423]
d_y_fitting=[0.64327485 1.88454364 2.76908934 3.34580411 3.66358007 3.77130936
 3.71788411 3.55219647 3.32313857 3.07960254 2.87048053 2.73498809
 2.67016872 2.6615803  2.69478044 2.75532677 2.82877689 2.90068844
 2.95661903 2.98212628 2.96537664 2.90927752 2.82190856 2.71135498
 2.58570202 2.4530349  2.32143887 2.19899913 2.09380094 2.01375259
 1.96174069 1.93503573 1.93061195 1.94544361 1.97650496 2.02077024
 2.0752137  2.13680959 2.20253216 2.26935566 2.33454955 2.39737555
 2.45791919 2.51626861 2.57251192 2.62673727 2.6790328  2.72948663
 2.77818691 2.82522175 2.87067931 2.91464771 2.95721509 2.99846958
 3.03849931 3.07739242 3.11523705 3.15212133 3.18813339 3.22336083
 3.25777748 3.29110331 3.32302396 3.35322508 3.38139229 3.40721123
 3.43036753 3.45054684 3.46743479 3.48071701 3.49007914 3.49520681
 3.49578567 3.49150135 3.48203947 3.46708569 3.44632563 3.41944494
 3.38612924 3.34606417 3.29893537 3.24442847 3.18222912 3.11202294
 3.03349557 2.94633265 2.85021982 2.7448427  2.62988694 2.50503817
 2.36998202 2.22440414 2.06799016 1.90042571 1.72139643 1.53058796
 1.32768593 1.11237598 0.88434374 0.64327485]