
p_x=[2.5839793281653747, 91.3006029285099, 194.6597760551249, 410.8527131782946, 600.3445305770887, 798.4496124031008, 993.9707149009474]
p_y=[0.117647058823529, 2.7058823529411766, 4.588235294117648, 4.705882352941177, 3.2941176470588243, 2.11764705882353, 0.5882352941176467]
a_x=[4.3066322136089585, 197.24375538329025, 416.0206718346253, 598.6218776916451, 801.0335917312663, 902.6701119724376, 993.1093884582257]
a_y=[0.526315789473685, 4.853801169590644, 5.555555555555555, 4.269005847953217, 4.152046783625732, 3.5672514619883042, 0.526315789473685]
d_x=[3.4453057708871664, 197.24375538329025, 416.0206718346253, 599.4832041343669, 799.3109388458226, 909.5607235142119, 997.4160206718346]
d_y=[0.7602339181286553, 4.269005847953217, 4.502923976608187, 3.8011695906432754, 3.5672514619883042, 2.8654970760233924, 0.6432748538011701]
p_x_fitting=[  2.58397933  12.59798676  22.61199419  32.62600162  42.64000905
  52.65401648  62.66802391  72.68203134  82.69603877  92.7100462
 102.72405363 112.73806106 122.75206849 132.76607592 142.78008335
 152.79409078 162.80809821 172.82210564 182.83611307 192.8501205
 202.86412793 212.87813536 222.89214279 232.90615022 242.92015765
 252.93416508 262.94817251 272.96217994 282.97618737 292.9901948
 303.00420223 313.01820966 323.03221709 333.04622452 343.06023195
 353.07423938 363.08824681 373.10225424 383.11626167 393.1302691
 403.14427653 413.15828396 423.17229139 433.18629882 443.20030625
 453.21431368 463.22832111 473.24232854 483.25633597 493.2703434
 503.28435083 513.29835826 523.31236569 533.32637312 543.34038055
 553.35438798 563.36839541 573.38240284 583.39641027 593.4104177
 603.42442513 613.43843256 623.45243999 633.46644742 643.48045485
 653.49446228 663.50846971 673.52247714 683.53648457 693.550492
 703.56449943 713.57850686 723.59251429 733.60652172 743.62052915
 753.63453658 763.64854401 773.66255144 783.67655887 793.6905663
 803.70457373 813.71858116 823.73258859 833.74659602 843.76060345
 853.77461088 863.78861831 873.80262574 883.81663317 893.8306406
 903.84464803 913.85865546 923.87266289 933.88667032 943.90067775
 953.91468518 963.92869261 973.94270004 983.95670747 993.9707149 ]
p_y_fitting=[0.11764706 0.44888022 0.77073406 1.08296089 1.38531302 1.67754277
 1.95940245 2.23064437 2.49102085 2.74028419 2.9781867  3.20448071
 3.41891853 3.62125246 3.81123482 3.98861792 4.15315407 4.3045956
 4.4426948  4.56720399 4.67794559 4.77522923 4.85957136 4.93148917
 4.99149988 5.04012068 5.07786879 5.10526139 5.1228157  5.13104893
 5.13047826 5.12162091 5.10499409 5.08111498 5.05050081 5.01366876
 4.97113605 4.92341987 4.87103744 4.81450594 4.7543426  4.69106407
 4.62510743 4.55674649 4.48623506 4.41382693 4.33977589 4.26433575
 4.18776031 4.11030335 4.03221869 3.95376011 3.87518141 3.79673639
 3.71867885 3.64126258 3.56474139 3.48936906 3.4153994  3.34308621
 3.27268129 3.20429222 3.13778696 3.07301088 3.00980935 2.94802774
 2.88751141 2.82810574 2.76965609 2.71200783 2.65500633 2.59849696
 2.54232509 2.48633608 2.43037531 2.37428814 2.31791994 2.26111608
 2.20372193 2.14558286 2.08654424 2.02645143 1.9651498  1.90248472
 1.83830157 1.7724457  1.70476249 1.63509731 1.56329552 1.48920249
 1.4126636  1.3335242  1.25162968 1.16682539 1.07895671 0.987869
 0.89340764 0.79541799 0.69374542 0.58823529]
a_x_fitting=[  4.30663221  14.29453884  24.28244547  34.2703521   44.25825873
  54.24616536  64.23407199  74.22197861  84.20988524  94.19779187
 104.1856985  114.17360513 124.16151176 134.14941839 144.13732502
 154.12523164 164.11313827 174.1010449  184.08895153 194.07685816
 204.06476479 214.05267142 224.04057805 234.02848467 244.0163913
 254.00429793 263.99220456 273.98011119 283.96801782 293.95592445
 303.94383108 313.9317377  323.91964433 333.90755096 343.89545759
 353.88336422 363.87127085 373.85917748 383.84708411 393.83499073
 403.82289736 413.81080399 423.79871062 433.78661725 443.77452388
 453.76243051 463.75033714 473.73824376 483.72615039 493.71405702
 503.70196365 513.68987028 523.67777691 533.66568354 543.65359017
 553.64149679 563.62940342 573.61731005 583.60521668 593.59312331
 603.58102994 613.56893657 623.5568432  633.54474982 643.53265645
 653.52056308 663.50846971 673.49637634 683.48428297 693.4721896
 703.46009622 713.44800285 723.43590948 733.42381611 743.41172274
 753.39962937 763.387536   773.37544263 783.36334925 793.35125588
 803.33916251 813.32706914 823.31497577 833.3028824  843.29078903
 853.27869566 863.26660228 873.25450891 883.24241554 893.23032217
 903.2182288  913.20613543 923.19404206 933.18194869 943.16985531
 953.15776194 963.14566857 973.1335752  983.12148183 993.10938846]
a_y_fitting=[0.52631579 0.85070743 1.16343233 1.46461309 1.75437234 2.03283271
 2.30011682 2.55634728 2.80164673 3.03613778 3.25994306 3.47318519
 3.67598679 3.86847048 4.05075889 4.22297464 4.38524035 4.53767865
 4.68041215 4.81356348 4.93725526 5.05161011 5.15675066 5.25279953
 5.33987934 5.41811271 5.48762227 5.54853063 5.60096043 5.64503428
 5.6808748  5.70860463 5.72834637 5.74022265 5.7443561  5.74086934
 5.72988499 5.71152567 5.685914   5.65317261 5.61342412 5.56679116
 5.51344704 5.45396655 5.38911536 5.31966033 5.24636832 5.17000617
 5.09134073 5.01113885 4.93016739 4.8491932  4.76898313 4.69030402
 4.61392274 4.54060613 4.47112104 4.40623433 4.34671285 4.29332344
 4.24680745 4.20730985 4.17437378 4.14751578 4.12625241 4.11010021
 4.09857572 4.09119549 4.08747606 4.08693399 4.08908582 4.0934481
 4.09953736 4.10687017 4.11496306 4.12333257 4.13149527 4.13896768
 4.14526637 4.14990787 4.15240419 4.15159755 4.14495876 4.12979075
 4.10339644 4.06307875 4.00614062 3.92988497 3.83161473 3.70863282
 3.55824217 3.3777457  3.16444635 2.91564703 2.62865068 2.30076022
 1.92927857 1.51150867 1.04475343 0.52631579]
d_x_fitting=[  3.44530577  13.485414    23.52552223  33.56563046  43.6057387
  53.64584693  63.68595516  73.72606339  83.76617162  93.80627985
 103.84638808 113.88649632 123.92660455 133.96671278 144.00682101
 154.04692924 164.08703747 174.1271457  184.16725393 194.20736217
 204.2474704  214.28757863 224.32768686 234.36779509 244.40790332
 254.44801155 264.48811979 274.52822802 284.56833625 294.60844448
 304.64855271 314.68866094 324.72876917 334.7688774  344.80898564
 354.84909387 364.8892021  374.92931033 384.96941856 395.00952679
 405.04963502 415.08974326 425.12985149 435.16995972 445.21006795
 455.25017618 465.29028441 475.33039264 485.37050087 495.41060911
 505.45071734 515.49082557 525.5309338  535.57104203 545.61115026
 555.65125849 565.69136672 575.73147496 585.77158319 595.81169142
 605.85179965 615.89190788 625.93201611 635.97212434 646.01223258
 656.05234081 666.09244904 676.13255727 686.1726655  696.21277373
 706.25288196 716.29299019 726.33309843 736.37320666 746.41331489
 756.45342312 766.49353135 776.53363958 786.57374781 796.61385605
 806.65396428 816.69407251 826.73418074 836.77428897 846.8143972
 856.85450543 866.89461366 876.9347219  886.97483013 897.01493836
 907.05504659 917.09515482 927.13526305 937.17537128 947.21547952
 957.25558775 967.29569598 977.33580421 987.37591244 997.41602067]
d_y_fitting=[0.76023392 1.05459072 1.33492914 1.60154678 1.85474125 2.09481014
 2.32205106 2.5367616  2.73923936 2.92978195 3.10868697 3.27625201
 3.43277467 3.57855256 3.71388327 3.83906441 3.95439357 4.06016836
 4.15668638 4.24424522 4.32314249 4.39367578 4.4561427  4.51084085
 4.55806782 4.59812122 4.63129865 4.6578977  4.67821598 4.69255109
 4.70120062 4.70446219 4.70263338 4.69601179 4.68489504 4.66958071
 4.65036642 4.62754975 4.60142831 4.57229969 4.54046151 4.50621136
 4.46984605 4.4316583  4.39193946 4.35098086 4.30907387 4.26650982
 4.22358006 4.18057594 4.13778881 4.09551002 4.0540309  4.01364282
 3.97463711 3.93730513 3.90193821 3.86882772 3.83826499 3.81054138
 3.78592364 3.76435638 3.7455577  3.72924096 3.71511954 3.70290683
 3.6923162  3.68306102 3.67485468 3.66741055 3.66044201 3.65366243
 3.6467852  3.63952368 3.63159127 3.62270133 3.61256724 3.60090238
 3.58742013 3.57183386 3.55376868 3.53203156 3.50498624 3.47099208
 3.42840843 3.37559464 3.31091006 3.23271405 3.13936597 3.02922515
 2.90065097 2.75200276 2.58163989 2.38792171 2.16920757 1.92385682
 1.65022883 1.34668293 1.01157849 0.64327485]