
p_x=[3.4453057708871664, 40.482342807924205, 101.63652024117141, 192.9371231696813, 385.0129198966408, 590.0086132644273, 748.4926787252368, 866.4944013781222, 994.8320413436692]
p_y=[0.23529411764705976, 3.764705882352941, 5.647058823529411, 6.117647058823529, 5.529411764705882, 6.117647058823529, 5.764705882352941, 4.23529411764706, 0.47058823529411775]
a_x=[0.8613264427217916, 45.65030146425495, 105.08182601205857, 196.38242894056847, 284.2377260981912, 399.6554694229113, 595.176571920758, 714.0396210163652, 819.9827734711456, 906.1154177433248, 952.6270456503014, 997.4160206718346]
a_y=[0.6432748538011701, 3.5672514619883042, 4.853801169590644, 5.321637426900585, 6.842105263157895, 5.672514619883041, 6.140350877192983, 7.192982456140351, 5.906432748538012, 4.970760233918129, 3.5672514619883042, 0.526315789473685]
d_x=[0.8613264427217916, 31.007751937984494, 84.40999138673558, 198.10508182601205, 395.3488372093023, 597.7605512489233, 796.7269595176572, 998.2773471145564]
d_y=[0.6432748538011701, 4.152046783625732, 4.619883040935672, 4.152046783625732, 3.5672514619883042, 4.970760233918129, 4.269005847953217, 0.7602339181286553]
p_x_fitting=[  3.44530577  13.4593132   23.47332063  33.48732806  43.50133549
  53.51534292  63.52935035  73.54335778  83.55736521  93.57137264
 103.58538007 113.5993875  123.61339493 133.62740236 143.64140979
 153.65541722 163.66942465 173.68343208 183.69743951 193.71144694
 203.72545437 213.7394618  223.75346923 233.76747666 243.78148409
 253.79549152 263.80949895 273.82350638 283.83751381 293.85152124
 303.86552867 313.8795361  323.89354353 333.90755096 343.92155839
 353.93556582 363.94957325 373.96358068 383.97758811 393.99159554
 404.00560297 414.0196104  424.03361783 434.04762526 444.06163269
 454.07564012 464.08964755 474.10365498 484.11766241 494.13166984
 504.14567727 514.1596847  524.17369213 534.18769956 544.20170699
 554.21571442 564.22972185 574.24372928 584.25773671 594.27174414
 604.28575157 614.299759   624.31376643 634.32777386 644.34178129
 654.35578872 664.36979615 674.38380358 684.39781101 694.41181844
 704.42582587 714.4398333  724.45384073 734.46784816 744.48185559
 754.49586302 764.50987045 774.52387788 784.53788531 794.55189274
 804.56590017 814.5799076  824.59391503 834.60792246 844.62192989
 854.63593732 864.64994475 874.66395218 884.67795961 894.69196704
 904.70597447 914.7199819  924.73398933 934.74799676 944.76200419
 954.77601162 964.79001905 974.80402648 984.81803391 994.83204134]
p_y_fitting=[0.23529412 1.45218831 2.46231746 3.28710002 3.94795443 4.46629917
 4.86355267 5.1611334  5.3804598  5.54295034 5.66999845 5.77731531
 5.86774099 5.94234371 6.00219169 6.04835313 6.08189625 6.10388927
 6.1154004  6.11749784 6.11120317 6.09738995 6.0769024  6.05058472
 6.01928116 5.98383593 5.94509324 5.90389733 5.86109242 5.81752272
 5.77403246 5.73146586 5.69066714 5.65248052 5.61775023 5.58732049
 5.56203551 5.54273952 5.53027675 5.52531642 5.52757143 5.53642962
 5.55127856 5.57150583 5.59649901 5.62564566 5.65833335 5.69394968
 5.73188219 5.77151848 5.81224611 5.85345266 5.89452569 5.9348528
 5.97382153 6.01081948 6.04523422 6.07645331 6.10386433 6.12686052
 6.14502495 6.15817124 6.16612687 6.16871935 6.16577616 6.1571248
 6.14259277 6.12200755 6.09519665 6.06198755 6.02220775 5.97568474
 5.92224602 5.86171908 5.79393141 5.71869945 5.63567377 5.54437709
 5.44432882 5.33504838 5.21605519 5.08686867 4.94700824 4.79599331
 4.6333433  4.45857763 4.27121573 4.070777   3.85678086 3.62874674
 3.38619405 3.12864221 2.85561064 2.56661875 2.26118596 1.9388317
 1.59907538 1.24143642 0.86543423 0.47058824]
a_x_fitting=[8.61326443e-01 1.09275355e+01 2.09937445e+01 3.10599535e+01
 4.11261626e+01 5.11923716e+01 6.12585806e+01 7.13247897e+01
 8.13909987e+01 9.14572077e+01 1.01523417e+02 1.11589626e+02
 1.21655835e+02 1.31722044e+02 1.41788253e+02 1.51854462e+02
 1.61920671e+02 1.71986880e+02 1.82053089e+02 1.92119298e+02
 2.02185507e+02 2.12251716e+02 2.22317925e+02 2.32384134e+02
 2.42450343e+02 2.52516552e+02 2.62582761e+02 2.72648970e+02
 2.82715179e+02 2.92781388e+02 3.02847597e+02 3.12913806e+02
 3.22980015e+02 3.33046225e+02 3.43112434e+02 3.53178643e+02
 3.63244852e+02 3.73311061e+02 3.83377270e+02 3.93443479e+02
 4.03509688e+02 4.13575897e+02 4.23642106e+02 4.33708315e+02
 4.43774524e+02 4.53840733e+02 4.63906942e+02 4.73973151e+02
 4.84039360e+02 4.94105569e+02 5.04171778e+02 5.14237987e+02
 5.24304196e+02 5.34370405e+02 5.44436614e+02 5.54502823e+02
 5.64569032e+02 5.74635241e+02 5.84701450e+02 5.94767659e+02
 6.04833868e+02 6.14900077e+02 6.24966286e+02 6.35032495e+02
 6.45098705e+02 6.55164914e+02 6.65231123e+02 6.75297332e+02
 6.85363541e+02 6.95429750e+02 7.05495959e+02 7.15562168e+02
 7.25628377e+02 7.35694586e+02 7.45760795e+02 7.55827004e+02
 7.65893213e+02 7.75959422e+02 7.86025631e+02 7.96091840e+02
 8.06158049e+02 8.16224258e+02 8.26290467e+02 8.36356676e+02
 8.46422885e+02 8.56489094e+02 8.66555303e+02 8.76621512e+02
 8.86687721e+02 8.96753930e+02 9.06820139e+02 9.16886348e+02
 9.26952557e+02 9.37018766e+02 9.47084976e+02 9.57151185e+02
 9.67217394e+02 9.77283603e+02 9.87349812e+02 9.97416021e+02]
a_y_fitting=[0.64327485 1.50300721 2.2367468  2.85495107 3.36807742 3.7865833
 4.12092612 4.3815633  4.57895229 4.7235505  4.82581535 4.89607954
 4.94311418 4.97462733 4.99830662 5.02183973 5.05291431 5.09921801
 5.1684385  5.26826342 5.40577855 5.57816875 5.77451169 5.98364638
 6.19441189 6.39564723 6.57619146 6.72488361 6.83056272 6.8838847
 6.88701482 6.84661145 6.76934324 6.66187885 6.53088692 6.38303611
 6.22499506 6.06343242 5.90501686 5.75641701 5.62423231 5.51207768
 5.41951224 5.34580527 5.29022606 5.2520439  5.23052807 5.22494786
 5.23457255 5.25867144 5.2965138  5.34736893 5.4105061  5.48519461
 5.57070375 5.66630279 5.77126103 5.88484775 6.00633224 6.13498378
 6.26966665 6.40741494 6.54474597 6.67817707 6.80422554 6.91940868
 7.02024382 7.10324826 7.1649393  7.20183427 7.21045047 7.18731019
 7.1311149  7.04614816 6.93757472 6.81055932 6.67026671 6.52186164
 6.37050885 6.22137309 6.07961911 5.95041165 5.83843774 5.7419387
 5.65453045 5.56972783 5.48104568 5.38199883 5.26610214 5.12687044
 4.95781834 4.75164359 4.49839275 4.18757545 3.80870134 3.35128005
 2.80482121 2.15883446 1.40282944 0.52631579]
d_x_fitting=[8.61326443e-01 1.09362357e+01 2.10111450e+01 3.10860543e+01
 4.11609636e+01 5.12358729e+01 6.13107822e+01 7.13856915e+01
 8.14606008e+01 9.15355101e+01 1.01610419e+02 1.11685329e+02
 1.21760238e+02 1.31835147e+02 1.41910057e+02 1.51984966e+02
 1.62059875e+02 1.72134785e+02 1.82209694e+02 1.92284603e+02
 2.02359512e+02 2.12434422e+02 2.22509331e+02 2.32584240e+02
 2.42659150e+02 2.52734059e+02 2.62808968e+02 2.72883878e+02
 2.82958787e+02 2.93033696e+02 3.03108605e+02 3.13183515e+02
 3.23258424e+02 3.33333333e+02 3.43408243e+02 3.53483152e+02
 3.63558061e+02 3.73632971e+02 3.83707880e+02 3.93782789e+02
 4.03857698e+02 4.13932608e+02 4.24007517e+02 4.34082426e+02
 4.44157336e+02 4.54232245e+02 4.64307154e+02 4.74382064e+02
 4.84456973e+02 4.94531882e+02 5.04606791e+02 5.14681701e+02
 5.24756610e+02 5.34831519e+02 5.44906429e+02 5.54981338e+02
 5.65056247e+02 5.75131157e+02 5.85206066e+02 5.95280975e+02
 6.05355884e+02 6.15430794e+02 6.25505703e+02 6.35580612e+02
 6.45655522e+02 6.55730431e+02 6.65805340e+02 6.75880250e+02
 6.85955159e+02 6.96030068e+02 7.06104977e+02 7.16179887e+02
 7.26254796e+02 7.36329705e+02 7.46404615e+02 7.56479524e+02
 7.66554433e+02 7.76629343e+02 7.86704252e+02 7.96779161e+02
 8.06854070e+02 8.16928980e+02 8.27003889e+02 8.37078798e+02
 8.47153708e+02 8.57228617e+02 8.67303526e+02 8.77378436e+02
 8.87453345e+02 8.97528254e+02 9.07603163e+02 9.17678073e+02
 9.27752982e+02 9.37827891e+02 9.47902801e+02 9.57977710e+02
 9.68052619e+02 9.78127529e+02 9.88202438e+02 9.98277347e+02]
d_y_fitting=[0.64327485 2.23161102 3.3814191  4.15679338 4.62182813 4.84061762
 4.87725612 4.7958379  4.66045725 4.531237   4.42832402 4.34873907
 4.28922125 4.24650968 4.21734348 4.19846176 4.18660365 4.17850825
 4.17091467 4.16056205 4.14424305 4.12058271 4.09045104 4.05485524
 4.01480248 3.97129995 3.92535483 3.8779743  3.83016555 3.78293576
 3.73729211 3.69424178 3.65479197 3.61994984 3.5907226  3.5681174
 3.55314145 3.54680193 3.55010601 3.56406088 3.58946773 3.62580574
 3.67203173 3.72710126 3.78996989 3.85959318 3.93492667 4.01492591
 4.09854648 4.18474391 4.27247377 4.3606916  4.44835297 4.53441343
 4.61782852 4.69755382 4.77254486 4.84175721 4.90414642 4.95866805
 5.00435991 5.04096661 5.06859284 5.08734611 5.09733397 5.09866395
 5.09144358 5.0757804  5.05178194 5.01955573 4.97920931 4.9308502
 4.87458596 4.8105241  4.73877216 4.65943767 4.57262818 4.4784512
 4.37701429 4.26842496 4.15279075 4.03021921 3.90081785 3.76469421
 3.62195584 3.47271025 3.31706499 3.15512759 2.98700557 2.81280649
 2.63263786 2.44660723 2.25482212 2.05739007 1.85441862 1.64601529
 1.43228762 1.21334315 0.9892894  0.76023392]