
p_x=[4.3066322136089585, 49.956933677863915, 112.8337639965547, 202.41171403962102, 409.130060292851, 599.4832041343669, 803.6175710594315, 992.2480620155038]
p_y=[0.23529411764705976, 3.88235294117647, 5.529411764705882, 5.764705882352941, 3.4117647058823533, 3.4117647058823533, 3.4117647058823533, 0.47058823529411775]
a_x=[4.3066322136089585, 34.45305770887167, 101.63652024117141, 196.38242894056847, 401.3781223083548, 602.928509905254, 803.6175710594315, 993.9707149009474]
a_y=[0.6432748538011701, 3.9181286549707606, 5.43859649122807, 4.853801169590644, 5.43859649122807, 4.736842105263158, 3.6842105263157894, 0.1754385964912295]
d_x=[1.7226528854435832, 22.39448751076658, 59.43152454780361, 109.38845822566753, 211.88630490956072, 402.2394487510766, 598.6218776916451, 795.8656330749354, 897.5021533161068, 995.693367786391]
d_y=[0.526315789473685, 3.8011695906432754, 4.970760233918129, 5.2046783625731, 5.43859649122807, 4.502923976608187, 5.321637426900585, 5.2046783625731, 3.6842105263157894, 0.4093567251461998]
p_x_fitting=[  4.30663221  14.28583858  24.26504494  34.2442513   44.22345766
  54.20266402  64.18187038  74.16107675  84.14028311  94.11948947
 104.09869583 114.07790219 124.05710855 134.03631491 144.01552128
 153.99472764 163.973934   173.95314036 183.93234672 193.91155308
 203.89075945 213.86996581 223.84917217 233.82837853 243.80758489
 253.78679125 263.76599762 273.74520398 283.72441034 293.7036167
 303.68282306 313.66202942 323.64123579 333.62044215 343.59964851
 353.57885487 363.55806123 373.53726759 383.51647396 393.49568032
 403.47488668 413.45409304 423.4332994  433.41250576 443.39171213
 453.37091849 463.35012485 473.32933121 483.30853757 493.28774393
 503.2669503  513.24615666 523.22536302 533.20456938 543.18377574
 553.1629821  563.14218847 573.12139483 583.10060119 593.07980755
 603.05901391 613.03822027 623.01742663 632.996633   642.97583936
 652.95504572 662.93425208 672.91345844 682.8926648  692.87187117
 702.85107753 712.83028389 722.80949025 732.78869661 742.76790297
 752.74710934 762.7263157  772.70552206 782.68472842 792.66393478
 802.64314114 812.62234751 822.60155387 832.58076023 842.55996659
 852.53917295 862.51837931 872.49758568 882.47679204 892.4559984
 902.43520476 912.41441112 922.39361748 932.37282385 942.35203021
 952.33123657 962.31044293 972.28964929 982.26885565 992.24806202]
p_y_fitting=[0.23529412 1.2897588  2.18848098 2.94524372 3.57383009 4.08802315
 4.50160597 4.82836162 5.08207317 5.27652367 5.4254962  5.54276952
 5.63897677 5.7160523  5.77443937 5.8145812  5.83692105 5.84190215
 5.82996776 5.8015611  5.75712593 5.69733966 5.6234835  5.53693485
 5.43907114 5.33126978 5.2149082  5.09136381 4.96201403 4.82823629
 4.69140799 4.55290655 4.41410941 4.27639397 4.14113764 4.00971787
 3.88351205 3.76389761 3.65225196 3.54995253 3.45837674 3.37887344
 3.3118722  3.25670833 3.21265325 3.17897839 3.15495518 3.13985506
 3.13294944 3.13350977 3.14080746 3.15411395 3.17270066 3.19583902
 3.22280047 3.25285643 3.28527833 3.31933759 3.35430566 3.38945395
 3.42405683 3.45753688 3.48953163 3.51969545 3.54768273 3.57314786
 3.59574522 3.61512919 3.63095417 3.64287453 3.65054466 3.65361895
 3.65175178 3.64459753 3.63181059 3.61304535 3.58795618 3.55619748
 3.51742363 3.47128901 3.417448   3.35555501 3.2852644  3.20623056
 3.11810788 3.02055074 2.91321353 2.79575063 2.66781643 2.52906531
 2.37915165 2.21772985 2.04445428 1.85897933 1.66095939 1.45004884
 1.22590207 0.98817345 0.73651738 0.47058824]
a_x_fitting=[  4.30663221  14.30323911  24.29984601  34.2964529   44.2930598
  54.28966669  64.28627359  74.28288048  84.27948738  94.27609428
 104.27270117 114.26930807 124.26591496 134.26252186 144.25912876
 154.25573565 164.25234255 174.24894944 184.24555634 194.24216323
 204.23877013 214.23537703 224.23198392 234.22859082 244.22519771
 254.22180461 264.21841151 274.2150184  284.2116253  294.20823219
 304.20483909 314.20144598 324.19805288 334.19465978 344.19126667
 354.18787357 364.18448046 374.18108736 384.17769426 394.17430115
 404.17090805 414.16751494 424.16412184 434.16072873 444.15733563
 454.15394253 464.15054942 474.14715632 484.14376321 494.14037011
 504.13697701 514.1335839  524.1301908  534.12679769 544.12340459
 554.12001148 564.11661838 574.11322528 584.10983217 594.10643907
 604.10304596 614.09965286 624.09625976 634.09286665 644.08947355
 654.08608044 664.08268734 674.07929423 684.07590113 694.07250803
 704.06911492 714.06572182 724.06232871 734.05893561 744.05554251
 754.0521494  764.0487563  774.04536319 784.04197009 794.03857698
 804.03518388 814.03179078 824.02839767 834.02500457 844.02161146
 854.01821836 864.01482526 874.01143215 884.00803905 894.00464594
 904.00125284 913.99785973 923.99446663 933.99107353 943.98768042
 953.98428732 963.98089421 973.97750111 983.97410801 993.9707149 ]
a_y_fitting=[0.64327485 1.99462366 3.07254929 3.90683792 4.52727572 4.96364886
 5.2457435  5.40334581 5.46624197 5.46421813 5.42697825 5.37550748
 5.31448179 5.24678759 5.17531128 5.10293926 5.03255794 4.96705373
 4.90931303 4.86222224 4.82834334 4.8077289  4.79926156 4.8018174
 4.81427253 4.83550302 4.86438497 4.89979446 4.94060758 4.98570043
 5.03394907 5.08422961 5.13541814 5.18639074 5.23602349 5.28319249
 5.32677383 5.36564359 5.39867786 5.42475273 5.44275045 5.45212045
 5.45332883 5.44694741 5.43354805 5.41370258 5.38798285 5.35696071
 5.32120799 5.28129654 5.2377982  5.19128481 5.14232823 5.09150028
 5.03937282 4.98651768 4.93350672 4.88091176 4.82930467 4.77925727
 4.73134113 4.68588542 4.64253484 4.60081419 4.56024823 4.52036176
 4.48067955 4.44072638 4.40002703 4.35810627 4.3144889  4.26869968
 4.2202634  4.16870483 4.11354877 4.05431998 3.99054324 3.92174334
 3.84744506 3.76717316 3.68045245 3.58680768 3.48576365 3.37684513
 3.2595769  3.13348375 2.99809044 2.85292177 2.6975025  2.53135743
 2.35401132 2.16498896 1.96381513 1.75001461 1.52311218 1.28263261
 1.02810069 0.75904119 0.4749789  0.1754386 ]
d_x_fitting=[  1.72265289  11.76276112  21.80286935  31.84297758  41.88308581
  51.92319404  61.96330227  72.0034105   82.04351874  92.08362697
 102.1237352  112.16384343 122.20395166 132.24405989 142.28416812
 152.32427636 162.36438459 172.40449282 182.44460105 192.48470928
 202.52481751 212.56492574 222.60503397 232.64514221 242.68525044
 252.72535867 262.7654669  272.80557513 282.84568336 292.88579159
 302.92589983 312.96600806 323.00611629 333.04622452 343.08633275
 353.12644098 363.16654921 373.20665744 383.24676568 393.28687391
 403.32698214 413.36709037 423.4071986  433.44730683 443.48741506
 453.52752329 463.56763153 473.60773976 483.64784799 493.68795622
 503.72806445 513.76817268 523.80828091 533.84838915 543.88849738
 553.92860561 563.96871384 574.00882207 584.0489303  594.08903853
 604.12914676 614.169255   624.20936323 634.24947146 644.28957969
 654.32968792 664.36979615 674.40990438 684.45001262 694.49012085
 704.53022908 714.57033731 724.61044554 734.65055377 744.690662
 754.73077023 764.77087847 774.8109867  784.85109493 794.89120316
 804.93131139 814.97141962 825.01152785 835.05163609 845.09174432
 855.13185255 865.17196078 875.21206901 885.25217724 895.29228547
 905.3323937  915.37250194 925.41261017 935.4527184  945.49282663
 955.53293486 965.57304309 975.61315132 985.65325956 995.69336779]
d_y_fitting=[0.52631579 2.47463485 3.74437399 4.4824847  4.83591852 4.95162696
 4.97615611 5.00803476 5.05308786 5.10656606 5.16372002 5.2198152
 5.27151536 5.31801072 5.35875702 5.39320997 5.4208253  5.44105874
 5.45336602 5.45720287 5.452025   5.43728823 5.41277876 5.37936275
 5.3381267  5.2901571  5.23654046 5.17836326 5.11671201 5.05267319
 4.98733331 4.92177886 4.85709633 4.79437222 4.73469304 4.67914526
 4.62881539 4.58478993 4.54815537 4.5199982  4.50140454 4.49304984
 4.49441864 4.50478082 4.52340626 4.54956485 4.58252648 4.62156102
 4.66593836 4.71492838 4.76780097 4.82382602 4.88227339 4.94241299
 5.00351468 5.06484836 5.12568391 5.18529122 5.24294016 5.29790062
 5.34945363 5.3970865  5.44046823 5.47927407 5.51317924 5.54185899
 5.56498854 5.58224313 5.593298   5.59782838 5.59550951 5.58601661
 5.56902493 5.54420969 5.51124614 5.46980951 5.41957502 5.36021793
 5.29141345 5.21283684 5.12409985 5.02447406 4.91311757 4.78918835
 4.65184441 4.50024375 4.33354436 4.15090424 3.95148138 3.73443379
 3.49891946 3.24409639 2.96912257 2.67315601 2.35535469 2.01487662
 1.65087979 1.2625222  0.84896184 0.40935673]