
p_x=[0.8613264427217916, 88.71662360034453, 230.83548664944016, 401.3781223083548, 554.6942291128337, 710.594315245478, 881.1369509043928, 996.5546942291128]
p_y=[1.5294117647058822, 3.2941176470588243, 4.823529411764706, 3.88235294117647, 5.529411764705882, 4.0, 2.8235294117647056, 0.117647058823529]
a_x=[2.5839793281653747, 68.04478897502153, 248.92334194659776, 399.6554694229113, 598.6218776916451, 794.1429801894918, 997.4160206718346]
a_y=[1.6959064327485383, 3.333333333333334, 4.385964912280702, 4.385964912280702, 5.555555555555555, 4.853801169590644, 0.4093567251461998]
d_x=[2.5839793281653747, 79.24203273040483, 245.4780361757106, 402.2394487510766, 598.6218776916451, 800.1722652885444, 997.4160206718346]
d_y=[0.8771929824561404, 3.333333333333334, 5.087719298245615, 4.853801169590644, 5.43859649122807, 5.087719298245615, 0.8771929824561404]
p_x_fitting=[8.61326443e-01 1.09188352e+01 2.09763440e+01 3.10338527e+01
 4.10913615e+01 5.11488703e+01 6.12063790e+01 7.12638878e+01
 8.13213966e+01 9.13789053e+01 1.01436414e+02 1.11493923e+02
 1.21551432e+02 1.31608940e+02 1.41666449e+02 1.51723958e+02
 1.61781467e+02 1.71838975e+02 1.81896484e+02 1.91953993e+02
 2.02011502e+02 2.12069011e+02 2.22126519e+02 2.32184028e+02
 2.42241537e+02 2.52299046e+02 2.62356554e+02 2.72414063e+02
 2.82471572e+02 2.92529081e+02 3.02586589e+02 3.12644098e+02
 3.22701607e+02 3.32759116e+02 3.42816624e+02 3.52874133e+02
 3.62931642e+02 3.72989151e+02 3.83046660e+02 3.93104168e+02
 4.03161677e+02 4.13219186e+02 4.23276695e+02 4.33334203e+02
 4.43391712e+02 4.53449221e+02 4.63506730e+02 4.73564238e+02
 4.83621747e+02 4.93679256e+02 5.03736765e+02 5.13794273e+02
 5.23851782e+02 5.33909291e+02 5.43966800e+02 5.54024309e+02
 5.64081817e+02 5.74139326e+02 5.84196835e+02 5.94254344e+02
 6.04311852e+02 6.14369361e+02 6.24426870e+02 6.34484379e+02
 6.44541887e+02 6.54599396e+02 6.64656905e+02 6.74714414e+02
 6.84771922e+02 6.94829431e+02 7.04886940e+02 7.14944449e+02
 7.25001958e+02 7.35059466e+02 7.45116975e+02 7.55174484e+02
 7.65231993e+02 7.75289501e+02 7.85347010e+02 7.95404519e+02
 8.05462028e+02 8.15519536e+02 8.25577045e+02 8.35634554e+02
 8.45692063e+02 8.55749572e+02 8.65807080e+02 8.75864589e+02
 8.85922098e+02 8.95979607e+02 9.06037115e+02 9.16094624e+02
 9.26152133e+02 9.36209642e+02 9.46267150e+02 9.56324659e+02
 9.66382168e+02 9.76439677e+02 9.86497185e+02 9.96554694e+02]
p_y_fitting=[1.52941176 1.73133693 1.93582103 2.14173523 2.34795067 2.55333852
 2.75676993 2.95711606 3.15324807 3.34403712 3.52835435 3.70507094
 3.87305803 4.03118678 4.17832835 4.3133539  4.43513459 4.54254156
 4.63444599 4.70971902 4.76723181 4.80585552 4.82446131 4.82192198
 4.79810148 4.7555311  4.69718623 4.62604228 4.54507467 4.45725879
 4.36557006 4.27298389 4.18247568 4.09702084 4.01959478 3.9531729
 3.90073062 3.86524334 3.84968646 3.85703541 3.89025921 3.95048991
 4.03449074 4.13838953 4.2583141  4.39039227 4.53075186 4.6755207
 4.82082661 4.96279741 5.09756093 5.22124498 5.32997739 5.41988599
 5.48709859 5.52774301 5.53886186 5.52196842 5.47993968 5.41565295
 5.33198555 5.23181477 5.11801795 4.99347238 4.86105539 4.72364428
 4.58411637 4.44534896 4.31021938 4.18160492 4.06238291 3.95536903
 3.86138645 3.77888176 3.70616242 3.64153584 3.58330947 3.52979072
 3.47928702 3.43010582 3.38055454 3.3289406  3.27357145 3.2127545
 3.1447972  3.06800697 2.98069123 2.88115743 2.76771299 2.63866534
 2.49232191 2.32699014 2.14097745 1.93259127 1.70013903 1.44192817
 1.15626611 0.84146029 0.49581812 0.11764706]
a_x_fitting=[  2.58397933  12.63278783  22.68159633  32.73040482  42.77921332
  52.82802182  62.87683032  72.92563882  82.97444732  93.02325581
 103.07206431 113.12087281 123.16968131 133.21848981 143.26729831
 153.3161068  163.3649153  173.4137238  183.4625323  193.5113408
 203.5601493  213.6089578  223.65776629 233.70657479 243.75538329
 253.80419179 263.85300029 273.90180879 283.95061728 293.99942578
 304.04823428 314.09704278 324.14585128 334.19465978 344.24346827
 354.29227677 364.34108527 374.38989377 384.43870227 394.48751077
 404.53631927 414.58512776 424.63393626 434.68274476 444.73155326
 454.78036176 464.82917026 474.87797875 484.92678725 494.97559575
 505.02440425 515.07321275 525.12202125 535.17082974 545.21963824
 555.26844674 565.31725524 575.36606374 585.41487224 595.46368073
 605.51248923 615.56129773 625.61010623 635.65891473 645.70772323
 655.75653173 665.80534022 675.85414872 685.90295722 695.95176572
 706.00057422 716.04938272 726.09819121 736.14699971 746.19580821
 756.24461671 766.29342521 776.34223371 786.3910422  796.4398507
 806.4886592  816.5374677  826.5862762  836.6350847  846.6838932
 856.73270169 866.78151019 876.83031869 886.87912719 896.92793569
 906.97674419 917.02555268 927.07436118 937.12316968 947.17197818
 957.22078668 967.26959518 977.31840367 987.36721217 997.41602067]
a_y_fitting=[1.69590643 2.01210212 2.30328852 2.57045816 2.81460359 3.03671735
 3.23779199 3.41882004 3.58079405 3.72470655 3.85155009 3.96231722
 4.05800046 4.13959237 4.20808549 4.26447235 4.30974551 4.34489749
 4.37092085 4.38880811 4.39955184 4.40414456 4.40357882 4.39884716
 4.39094212 4.38084885 4.36937014 4.35711957 4.34470191 4.33272194
 4.32178444 4.31249417 4.30545593 4.30127447 4.30055459 4.30390104
 4.31191862 4.3252121  4.34438624 4.37004583 4.40277035 4.44251647
 4.4885944  4.54028434 4.59686648 4.657621   4.7218281  4.78876796
 4.85772077 4.92796673 4.99878602 5.06945883 5.13926535 5.20748577
 5.27340027 5.33628906 5.39543231 5.45011022 5.49960298 5.54319077
 5.58018592 5.61024954 5.63325661 5.64908518 5.65761331 5.65871907
 5.65228052 5.63817572 5.61628272 5.5864796  5.5486444  5.5026552
 5.44839005 5.38572701 5.31454414 5.23471951 5.14613117 5.04865719
 4.94217563 4.82656454 4.70170199 4.56746604 4.42373476 4.27038619
 4.1072984  3.93434946 3.75141741 3.55838034 3.35511628 3.14150332
 2.9174195  2.68274288 2.43735154 2.18112352 1.91393689 1.63566971
 1.34620005 1.04540595 0.73316549 0.40935673]
d_x_fitting=[  2.58397933  12.63278783  22.68159633  32.73040482  42.77921332
  52.82802182  62.87683032  72.92563882  82.97444732  93.02325581
 103.07206431 113.12087281 123.16968131 133.21848981 143.26729831
 153.3161068  163.3649153  173.4137238  183.4625323  193.5113408
 203.5601493  213.6089578  223.65776629 233.70657479 243.75538329
 253.80419179 263.85300029 273.90180879 283.95061728 293.99942578
 304.04823428 314.09704278 324.14585128 334.19465978 344.24346827
 354.29227677 364.34108527 374.38989377 384.43870227 394.48751077
 404.53631927 414.58512776 424.63393626 434.68274476 444.73155326
 454.78036176 464.82917026 474.87797875 484.92678725 494.97559575
 505.02440425 515.07321275 525.12202125 535.17082974 545.21963824
 555.26844674 565.31725524 575.36606374 585.41487224 595.46368073
 605.51248923 615.56129773 625.61010623 635.65891473 645.70772323
 655.75653173 665.80534022 675.85414872 685.90295722 695.95176572
 706.00057422 716.04938272 726.09819121 736.14699971 746.19580821
 756.24461671 766.29342521 776.34223371 786.3910422  796.4398507
 806.4886592  816.5374677  826.5862762  836.6350847  846.6838932
 856.73270169 866.78151019 876.83031869 886.87912719 896.92793569
 906.97674419 917.02555268 927.07436118 937.12316968 947.17197818
 957.22078668 967.26959518 977.31840367 987.36721217 997.41602067]
d_y_fitting=[0.87719298 1.27765252 1.65301537 2.00403482 2.33146412 2.63605654
 2.91856536 3.17974384 3.42034525 3.64112285 3.84282992 4.02621971
 4.19204551 4.34106058 4.47401818 4.59167159 4.69477407 4.78407888
 4.86033931 4.92430861 4.97674005 5.01838691 5.05000244 5.07233992
 5.08615262 5.09220685 5.091357   5.08449387 5.07250839 5.05629146
 5.03673401 5.01472696 4.99116122 4.96692772 4.94291736 4.92002108
 4.89912979 4.8811344  4.86692584 4.85739502 4.85343019 4.85551475
 4.86329801 4.8763264  4.89414633 4.91630423 4.94234654 4.97181967
 5.00427006 5.03924414 5.07628832 5.11494903 5.15477271 5.19530577
 5.23609465 5.27668578 5.31662557 5.35546046 5.39273687 5.42800122
 5.46080458 5.49074812 5.51746381 5.54058403 5.55974119 5.57456765
 5.58469583 5.58975812 5.5893869  5.58321456 5.57087351 5.55199613
 5.52621481 5.49316196 5.45246995 5.40377118 5.34669804 5.28088293
 5.20595824 5.12155636 5.02730968 4.9228506  4.8078115  4.68182479
 4.54452284 4.39553806 4.23450283 4.06104956 3.87481062 3.67541842
 3.46250534 3.23570378 2.99464613 2.73896478 2.46829212 2.18226055
 1.88050246 1.56265024 1.22833628 0.87719298]