
p_x=[3.4453057708871664, 86.13264427217916, 187.76916451335057, 395.3488372093023, 596.0378983634797, 801.0335917312663, 901.8087855297158, 994.8320413436692]
p_y=[0.0, 2.9411764705882346, 3.88235294117647, 4.23529411764706, 4.352941176470589, 4.0, 3.0588235294117645, 0.35294117647058876]
a_x=[1.7226528854435832, 86.99397071490095, 196.38242894056847, 396.2101636520241, 596.8992248062015, 795.0043066322137, 906.9767441860464, 994.8320413436692]
a_y=[0.4093567251461998, 3.333333333333334, 4.502923976608187, 4.970760233918129, 4.385964912280702, 4.152046783625732, 3.2163742690058488, 0.7602339181286553]
d_x=[5.167958656330749, 90.43927648578811, 199.82773471145566, 397.9328165374677, 607.2351421188631, 801.0335917312663, 900.0861326442722, 994.8320413436692]
d_y=[0.4093567251461998, 2.7485380116959064, 3.8011695906432754, 4.152046783625732, 3.450292397660819, 3.8011695906432754, 3.5672514619883042, 0.7602339181286553]
p_x_fitting=[  3.44530577  13.4593132   23.47332063  33.48732806  43.50133549
  53.51534292  63.52935035  73.54335778  83.55736521  93.57137264
 103.58538007 113.5993875  123.61339493 133.62740236 143.64140979
 153.65541722 163.66942465 173.68343208 183.69743951 193.71144694
 203.72545437 213.7394618  223.75346923 233.76747666 243.78148409
 253.79549152 263.80949895 273.82350638 283.83751381 293.85152124
 303.86552867 313.8795361  323.89354353 333.90755096 343.92155839
 353.93556582 363.94957325 373.96358068 383.97758811 393.99159554
 404.00560297 414.0196104  424.03361783 434.04762526 444.06163269
 454.07564012 464.08964755 474.10365498 484.11766241 494.13166984
 504.14567727 514.1596847  524.17369213 534.18769956 544.20170699
 554.21571442 564.22972185 574.24372928 584.25773671 594.27174414
 604.28575157 614.299759   624.31376643 634.32777386 644.34178129
 654.35578872 664.36979615 674.38380358 684.39781101 694.41181844
 704.42582587 714.4398333  724.45384073 734.46784816 744.48185559
 754.49586302 764.50987045 774.52387788 784.53788531 794.55189274
 804.56590017 814.5799076  824.59391503 834.60792246 844.62192989
 854.63593732 864.64994475 874.66395218 884.67795961 894.69196704
 904.70597447 914.7199819  924.73398933 934.74799676 944.76200419
 954.77601162 964.79001905 974.80402648 984.81803391 994.83204134]
p_y_fitting=[0.         0.51819334 0.98598434 1.40613356 1.78140156 2.11454891
 2.40833618 2.66552394 2.88887274 3.08114316 3.24509576 3.38349111
 3.49908977 3.59465232 3.67293931 3.73671131 3.7887289  3.83175262
 3.86854306 3.90176852 3.93268012 3.9614189  3.98809623 4.01282349
 4.03571204 4.05687325 4.07641848 4.09445911 4.1111065  4.12647203
 4.14066705 4.15380295 4.16599108 4.17734282 4.18796953 4.19798259
 4.20749335 4.21661319 4.22545348 4.23412559 4.24272514 4.25125282
 4.25967388 4.26795351 4.2760569  4.28394925 4.29159575 4.29896159
 4.30601195 4.31271204 4.31902705 4.32492217 4.33036258 4.33531348
 4.33974007 4.34360754 4.34688107 4.34952586 4.3515071  4.35278998
 4.35332899 4.35300516 4.35166875 4.3491699  4.34535876 4.34008547
 4.33320018 4.32455304 4.31399419 4.30137377 4.28654194 4.26934883
 4.2496446  4.22727938 4.20210333 4.17396659 4.1427193  4.10821161
 4.07029367 4.02881563 3.98361631 3.93394187 3.87816608 3.81459283
 3.74152602 3.65726953 3.56012725 3.44840308 3.3204009  3.17442461
 3.00877809 2.82176524 2.61168994 2.37685609 2.11556757 1.82612828
 1.5068421  1.15601293 0.77194466 0.35294118]
a_x_fitting=[  1.72265289  11.75406085  21.78546881  31.81687678  41.84828474
  51.87969271  61.91110067  71.94250864  81.9739166   92.00532456
 102.03673253 112.06814049 122.09954846 132.13095642 142.16236438
 152.19377235 162.22518031 172.25658828 182.28799624 192.31940421
 202.35081217 212.38222013 222.4136281  232.44503606 242.47644403
 252.50785199 262.53925996 272.57066792 282.60207588 292.63348385
 302.66489181 312.69629978 322.72770774 332.7591157  342.79052367
 352.82193163 362.8533396  372.88474756 382.91615553 392.94756349
 402.97897145 413.01037942 423.04178738 433.07319535 443.10460331
 453.13601128 463.16741924 473.1988272  483.23023517 493.26164313
 503.2930511  513.32445906 523.35586703 533.38727499 543.41868295
 553.45009092 563.48149888 573.51290685 583.54431481 593.57572277
 603.60713074 613.6385387  623.66994667 633.70135463 643.7327626
 653.76417056 663.79557852 673.82698649 683.85839445 693.88980242
 703.92121038 713.95261835 723.98402631 734.01543427 744.04684224
 754.0782502  764.10965817 774.14106613 784.17247409 794.20388206
 804.23529002 814.26669799 824.29810595 834.32951392 844.36092188
 854.39232984 864.42373781 874.45514577 884.48655374 894.5179617
 904.54936967 914.58077763 924.61218559 934.64359356 944.67500152
 954.70640949 964.73781745 974.76922542 984.80063338 994.83204134]
a_y_fitting=[0.40935673 0.89552887 1.33901093 1.74200629 2.10671832 2.43535037
 2.73010582 2.99318803 3.22680037 3.43314621 3.61442892 3.77285186
 3.9106184  4.02993191 4.13299576 4.22201331 4.29918794 4.366723
 4.42682186 4.4816879  4.53344334 4.58297167 4.63019012 4.67499032
 4.7172639  4.75690248 4.7937977  4.82784118 4.85892456 4.88693945
 4.91177749 4.9333303  4.95148952 4.96614677 4.97719368 4.98452188
 4.98802299 4.98758864 4.98311047 4.9744801  4.96161457 4.94471779
 4.9241748  4.90037348 4.8737017  4.84454735 4.81329831 4.78034246
 4.74606767 4.71086183 4.67511282 4.63920851 4.6035368  4.56848554
 4.53444264 4.50179596 4.47093338 4.44224279 4.41611207 4.39292909
 4.37304279 4.35635254 4.34246931 4.33099928 4.32154865 4.31372362
 4.3071304  4.30137518 4.29606417 4.29080356 4.28519956 4.27885836
 4.27138617 4.26238918 4.2514736  4.23824562 4.22231145 4.20327728
 4.18074932 4.15433377 4.12349457 4.08697223 4.04327775 3.99092209
 3.92841617 3.85427093 3.76699731 3.66510625 3.54710868 3.41151555
 3.25683778 3.08158631 2.88427208 2.66340603 2.4174991  2.14506221
 1.84460632 1.51464234 1.15368123 0.76023392]
d_x_fitting=[  5.16795866  15.16456555  25.16117245  35.15777934  45.15438624
  55.15099314  65.14760003  75.14420693  85.14081382  95.13742072
 105.13402761 115.13063451 125.12724141 135.1238483  145.1204552
 155.11706209 165.11366899 175.11027589 185.10688278 195.10348968
 205.10009657 215.09670347 225.09331036 235.08991726 245.08652416
 255.08313105 265.07973795 275.07634484 285.07295174 295.06955864
 305.06616553 315.06277243 325.05937932 335.05598622 345.05259311
 355.04920001 365.04580691 375.0424138  385.0390207  395.03562759
 405.03223449 415.02884139 425.02544828 435.02205518 445.01866207
 455.01526897 465.01187586 475.00848276 485.00508966 495.00169655
 504.99830345 514.99491034 524.99151724 534.98812414 544.98473103
 554.98133793 564.97794482 574.97455172 584.97115861 594.96776551
 604.96437241 614.9609793  624.9575862  634.95419309 644.95079999
 654.94740689 664.94401378 674.94062068 684.93722757 694.93383447
 704.93044136 714.92704826 724.92365516 734.92026205 744.91686895
 754.91347584 764.91008274 774.90668964 784.90329653 794.89990343
 804.89651032 814.89311722 824.88972411 834.88633101 844.88293791
 854.8795448  864.8761517  874.87275859 884.86936549 894.86597239
 904.86257928 914.85918618 924.85579307 934.85239997 944.84900686
 954.84561376 964.84222066 974.83882755 984.83543445 994.83204134]
d_y_fitting=[0.40935673 0.78796343 1.13551095 1.45353194 1.74355911 2.00712513
 2.24576268 2.46100446 2.65438313 2.8274314  2.98168194 3.11866743
 3.23992056 3.34697401 3.44136047 3.52461262 3.59826314 3.66384471
 3.72289003 3.77693177 3.82746303 3.87517362 3.92000553 3.96187226
 4.00068733 4.03636423 4.06881647 4.09795757 4.12370102 4.14596033
 4.16464901 4.17968057 4.1909685  4.19842632 4.20196753 4.20150564
 4.19695416 4.18822659 4.17523643 4.1578972  4.13615535 4.1102857
 4.08075154 4.04801839 4.01255176 3.97481717 3.93528015 3.89440621
 3.85266087 3.81050966 3.76841808 3.72685167 3.68627594 3.6471564
 3.60995859 3.57514802 3.54319021 3.51455067 3.48969493 3.46908851
 3.45319693 3.44242416 3.43667744 3.43562389 3.43892904 3.44625844
 3.45727764 3.47165218 3.48904761 3.50912946 3.53156329 3.55601463
 3.58214904 3.60963205 3.63812921 3.66730607 3.69682817 3.72636105
 3.75557025 3.78412133 3.81165653 3.83683536 3.8569942  3.86937619
 3.87122448 3.85978218 3.83229243 3.78599837 3.71814314 3.62596985
 3.50672166 3.35764169 3.17597307 2.95895894 2.70384243 2.40786668
 2.06827482 1.68230999 1.24721531 0.76023392]