
p_x=[0.8613264427217916, 190.35314384151593, 424.63393626184325, 801.894918173988, 997.4160206718346]
p_y=[0.117647058823529, 2.7058823529411766, 4.470588235294118, 2.0, 0.9411764705882355]
a_x=[3.4453057708871664, 197.24375538329025, 426.3565891472868, 800.1722652885444, 997.4160206718346]
a_y=[0.29239766081871466, 3.6842105263157894, 4.152046783625732, 3.9181286549707606, 0.6432748538011701]
d_x=[1.7226528854435832, 193.79844961240312, 424.63393626184325, 807.0628768303187, 996.5546942291128]
d_y=[0.29239766081871466, 3.6842105263157894, 4.970760233918129, 4.035087719298246, 0.9941520467836256]
p_x_fitting=[8.61326443e-01 1.09275355e+01 2.09937445e+01 3.10599535e+01
 4.11261626e+01 5.11923716e+01 6.12585806e+01 7.13247897e+01
 8.13909987e+01 9.14572077e+01 1.01523417e+02 1.11589626e+02
 1.21655835e+02 1.31722044e+02 1.41788253e+02 1.51854462e+02
 1.61920671e+02 1.71986880e+02 1.82053089e+02 1.92119298e+02
 2.02185507e+02 2.12251716e+02 2.22317925e+02 2.32384134e+02
 2.42450343e+02 2.52516552e+02 2.62582761e+02 2.72648970e+02
 2.82715179e+02 2.92781388e+02 3.02847597e+02 3.12913806e+02
 3.22980015e+02 3.33046225e+02 3.43112434e+02 3.53178643e+02
 3.63244852e+02 3.73311061e+02 3.83377270e+02 3.93443479e+02
 4.03509688e+02 4.13575897e+02 4.23642106e+02 4.33708315e+02
 4.43774524e+02 4.53840733e+02 4.63906942e+02 4.73973151e+02
 4.84039360e+02 4.94105569e+02 5.04171778e+02 5.14237987e+02
 5.24304196e+02 5.34370405e+02 5.44436614e+02 5.54502823e+02
 5.64569032e+02 5.74635241e+02 5.84701450e+02 5.94767659e+02
 6.04833868e+02 6.14900077e+02 6.24966286e+02 6.35032495e+02
 6.45098705e+02 6.55164914e+02 6.65231123e+02 6.75297332e+02
 6.85363541e+02 6.95429750e+02 7.05495959e+02 7.15562168e+02
 7.25628377e+02 7.35694586e+02 7.45760795e+02 7.55827004e+02
 7.65893213e+02 7.75959422e+02 7.86025631e+02 7.96091840e+02
 8.06158049e+02 8.16224258e+02 8.26290467e+02 8.36356676e+02
 8.46422885e+02 8.56489094e+02 8.66555303e+02 8.76621512e+02
 8.86687721e+02 8.96753930e+02 9.06820139e+02 9.16886348e+02
 9.26952557e+02 9.37018766e+02 9.47084976e+02 9.57151185e+02
 9.67217394e+02 9.77283603e+02 9.87349812e+02 9.97416021e+02]
p_y_fitting=[0.11764706 0.25813262 0.39934424 0.54109256 0.68318826 0.82544197
 0.96766436 1.10966607 1.25125777 1.39225011 1.53245374 1.67167932
 1.80973749 1.94643893 2.08159427 2.21501418 2.34650931 2.47589032
 2.60296785 2.72755256 2.84945511 2.96848616 3.08445635 3.19717634
 3.30645679 3.41210835 3.51394168 3.61176742 3.70539624 3.79463878
 3.87930571 3.95920768 4.03415533 4.10395934 4.16843034 4.22737901
 4.28061598 4.32795191 4.36919747 4.4041633  4.43266005 4.45449839
 4.46948897 4.4774945  4.478658   4.47321643 4.46140682 4.44346619
 4.41963156 4.39013997 4.35522843 4.31513397 4.27009362 4.2203444
 4.16612334 4.10766745 4.04521377 3.97899933 3.90926113 3.83623622
 3.76016162 3.68127434 3.59981142 3.51600989 3.43010675 3.34233905
 3.2529438  3.16215803 3.07021877 2.97736304 2.88382786 2.78985027
 2.69566727 2.60151591 2.50763321 2.41425618 2.32162186 2.22996727
 2.13952943 2.05054538 1.96325213 1.8778867  1.79468614 1.71388745
 1.63572767 1.56044381 1.48827292 1.419452   1.35421808 1.2928082
 1.23545937 1.18240862 1.13389297 1.09014946 1.05141509 1.01792691
 0.98992193 0.96763718 0.95130969 0.94117647]
a_x_fitting=[  3.44530577  13.485414    23.52552223  33.56563046  43.6057387
  53.64584693  63.68595516  73.72606339  83.76617162  93.80627985
 103.84638808 113.88649632 123.92660455 133.96671278 144.00682101
 154.04692924 164.08703747 174.1271457  184.16725393 194.20736217
 204.2474704  214.28757863 224.32768686 234.36779509 244.40790332
 254.44801155 264.48811979 274.52822802 284.56833625 294.60844448
 304.64855271 314.68866094 324.72876917 334.7688774  344.80898564
 354.84909387 364.8892021  374.92931033 384.96941856 395.00952679
 405.04963502 415.08974326 425.12985149 435.16995972 445.21006795
 455.25017618 465.29028441 475.33039264 485.37050087 495.41060911
 505.45071734 515.49082557 525.5309338  535.57104203 545.61115026
 555.65125849 565.69136672 575.73147496 585.77158319 595.81169142
 605.85179965 615.89190788 625.93201611 635.97212434 646.01223258
 656.05234081 666.09244904 676.13255727 686.1726655  696.21277373
 706.25288196 716.29299019 726.33309843 736.37320666 746.41331489
 756.45342312 766.49353135 776.53363958 786.57374781 796.61385605
 806.65396428 816.69407251 826.73418074 836.77428897 846.8143972
 856.85450543 866.89461366 876.9347219  886.97483013 897.01493836
 907.05504659 917.09515482 927.13526305 937.17537128 947.21547952
 957.25558775 967.29569598 977.33580421 987.37591244 997.41602067]
a_y_fitting=[0.29239766 0.59203224 0.87552952 1.14333969 1.39591295 1.63369949
 1.85714948 2.06671314 2.26284064 2.44598217 2.61658793 2.7751081
 2.92199288 3.05769246 3.18265703 3.29733677 3.40218187 3.49764254
 3.58416895 3.6622113  3.73221978 3.79464458 3.84993588 3.89854389
 3.94091878 3.97751075 4.00876999 4.03514669 4.05709104 4.07505323
 4.08948345 4.1008319  4.10954875 4.1160842  4.12088845 4.12441167
 4.12710407 4.12941583 4.13179714 4.1346982  4.13856919 4.1438603
 4.15102172 4.16042409 4.17197743 4.18542644 4.20051558 4.2169893
 4.23459207 4.25306836 4.27216263 4.29161934 4.31118297 4.33059797
 4.3496088  4.36795994 4.38539584 4.40166098 4.4164998  4.42965679
 4.4408764  4.4499031  4.45648134 4.4603556  4.46127034 4.45897003
 4.45319912 4.44370208 4.43022338 4.41250748 4.39029885 4.36334194
 4.33138123 4.29416117 4.25142623 4.20292088 4.14838958 4.08757679
 4.02022698 3.94608461 3.86489415 3.77640005 3.68034679 3.57647883
 3.46454064 3.34427667 3.21543139 3.07774927 2.93097476 2.77485234
 2.60912647 2.43354161 2.24784222 2.05177278 1.84507774 1.62750157
 1.39878873 1.15868369 0.90693091 0.64327485]
d_x_fitting=[  1.72265289  11.77146138  21.82026988  31.86907838  41.91788688
  51.96669538  62.01550388  72.06431237  82.11312087  92.16192937
 102.21073787 112.25954637 122.30835487 132.35716336 142.40597186
 152.45478036 162.50358886 172.55239736 182.60120586 192.65001436
 202.69882285 212.74763135 222.79643985 232.84524835 242.89405685
 252.94286535 262.99167384 273.04048234 283.08929084 293.13809934
 303.18690784 313.23571634 323.28452483 333.33333333 343.38214183
 353.43095033 363.47975883 373.52856733 383.57737583 393.62618432
 403.67499282 413.72380132 423.77260982 433.82141832 443.87022682
 453.91903531 463.96784381 474.01665231 484.06546081 494.11426931
 504.16307781 514.2118863  524.2606948  534.3095033  544.3583118
 554.4071203  564.4559288  574.5047373  584.55354579 594.60235429
 604.65116279 614.69997129 624.74877979 634.79758829 644.84639678
 654.89520528 664.94401378 674.99282228 685.04163078 695.09043928
 705.13924777 715.18805627 725.23686477 735.28567327 745.33448177
 755.38329027 765.43209877 775.48090726 785.52971576 795.57852426
 805.62733276 815.67614126 825.72494976 835.77375825 845.82256675
 855.87137525 865.92018375 875.96899225 886.01780075 896.06660924
 906.11541774 916.16422624 926.21303474 936.26184324 946.31065174
 956.35946024 966.40826873 976.45707723 986.50588573 996.55469423]
d_y_fitting=[0.29239766 0.54888241 0.79540987 1.03219581 1.25945601 1.47740624
 1.6862623  1.88623995 2.07755497 2.26042314 2.43506024 2.60168205
 2.76050434 2.91174289 3.05561349 3.1923319  3.32211391 3.44517529
 3.56173183 3.67199929 3.77619347 3.87453013 3.96722506 4.05449403
 4.13655281 4.2136172  4.28590297 4.35362588 4.41700173 4.4762463
 4.53157534 4.58320466 4.63135002 4.6762272  4.71805199 4.75704015
 4.79340747 4.82736972 4.85914268 4.88894214 4.91698386 4.94348363
 4.96865722 4.992678   5.01549967 5.03700503 5.05707687 5.07559796
 5.09245108 5.10751901 5.12068451 5.13183037 5.14083937 5.14759427
 5.15197787 5.15387293 5.15316222 5.14972854 5.14345464 5.13422332
 5.12191734 5.10641949 5.08761253 5.06537925 5.03960243 5.01016483
 4.97694924 4.93983843 4.89871517 4.85346226 4.80396245 4.75009853
 4.69175328 4.62880947 4.56114987 4.48865727 4.41121444 4.32870416
 4.2410092  4.14801234 4.04959636 3.94564403 3.83603813 3.72066144
 3.59939673 3.47212678 3.33873436 3.19910226 3.05311324 2.9006501
 2.74159559 2.5758325  2.40324361 2.22371169 2.03711951 1.84334987
 1.64228552 1.43380925 1.21780383 0.99415205]