
p_x=[0.0, 198.96640826873386, 387.59689922480624, 603.7898363479759, 795.0043066322137, 993.9707149009474]
p_y=[0.23529411764705976, 4.0, 5.529411764705882, 4.588235294117648, 3.2941176470588243, 0.35294117647058876]
a_x=[2.5839793281653747, 203.27304048234282, 398.7941429801895, 598.6218776916451, 796.7269595176572, 996.5546942291128]
a_y=[0.1754385964912295, 3.6842105263157894, 4.853801169590644, 5.2046783625731, 4.152046783625732, 0.4093567251461998]
d_x=[3.4453057708871664, 193.79844961240312, 403.1007751937984, 600.3445305770887, 792.4203273040482, 996.5546942291128]
d_y=[0.4093567251461998, 4.152046783625732, 5.43859649122807, 4.853801169590644, 3.5672514619883042, 0.526315789473685]
p_x_fitting=[  0.          10.04010823  20.08021646  30.12032469  40.16043293
  50.20054116  60.24064939  70.28075762  80.32086585  90.36097408
 100.40108231 110.44119054 120.48129878 130.52140701 140.56151524
 150.60162347 160.6417317  170.68183993 180.72194816 190.7620564
 200.80216463 210.84227286 220.88238109 230.92248932 240.96259755
 251.00270578 261.04281401 271.08292225 281.12303048 291.16313871
 301.20324694 311.24335517 321.2834634  331.32357163 341.36367986
 351.4037881  361.44389633 371.48400456 381.52411279 391.56422102
 401.60432925 411.64443748 421.68454572 431.72465395 441.76476218
 451.80487041 461.84497864 471.88508687 481.9251951  491.96530333
 502.00541157 512.0455198  522.08562803 532.12573626 542.16584449
 552.20595272 562.24606095 572.28616919 582.32627742 592.36638565
 602.40649388 612.44660211 622.48671034 632.52681857 642.5669268
 652.60703504 662.64714327 672.6872515  682.72735973 692.76746796
 702.80757619 712.84768442 722.88779266 732.92790089 742.96800912
 753.00811735 763.04822558 773.08833381 783.12844204 793.16855027
 803.20865851 813.24876674 823.28887497 833.3289832  843.36909143
 853.40919966 863.44930789 873.48941613 883.52952436 893.56963259
 903.60974082 913.64984905 923.68995728 933.73006551 943.77017374
 953.81028198 963.85039021 973.89049844 983.93060667 993.9707149 ]
p_y_fitting=[0.23529412 0.4613501  0.68441864 0.90435699 1.12102241 1.33427215
 1.54396346 1.7499536  1.95209983 2.15025939 2.34428955 2.53404755
 2.71939065 2.9001761  3.07626116 3.24750309 3.41375913 3.57488654
 3.73074257 3.88118448 4.02606953 4.16525496 4.29859803 4.42595599
 4.54718611 4.66214563 4.7706918  4.87268189 4.96797314 5.05642281
 5.13788815 5.21222642 5.27929488 5.33895077 5.39105134 5.43545387
 5.47201559 5.50059376 5.52104564 5.5332346  5.53726875 5.53357824
 5.52261515 5.50483155 5.48067952 5.45061115 5.41507852 5.3745337
 5.32942876 5.2802158  5.22734689 5.17127411 5.11244954 5.05132526
 4.98835334 4.92398587 4.85867493 4.79287259 4.72703094 4.66160204
 4.59703799 4.53371202 4.47151835 4.41017131 4.34938492 4.2888732
 4.22835015 4.16752978 4.1061261  4.04385314 3.98042489 3.91555538
 3.8489586  3.78034858 3.70943933 3.63594486 3.55957917 3.48005629
 3.39709021 3.31039497 3.21968456 3.12467299 3.02507429 2.92060246
 2.81097151 2.69589545 2.57508831 2.44826407 2.31513677 2.17542042
 2.02882901 1.87507657 1.7138771  1.54494463 1.36799315 1.18273669
 0.98888924 0.78616484 0.57427748 0.35294118]
a_x_fitting=[  2.58397933  12.62408756  22.66419579  32.70430402  42.74441225
  52.78452048  62.82462872  72.86473695  82.90484518  92.94495341
 102.98506164 113.02516987 123.0652781  133.10538634 143.14549457
 153.1856028  163.22571103 173.26581926 183.30592749 193.34603572
 203.38614395 213.42625219 223.46636042 233.50646865 243.54657688
 253.58668511 263.62679334 273.66690157 283.70700981 293.74711804
 303.78722627 313.8273345  323.86744273 333.90755096 343.94765919
 353.98776742 364.02787566 374.06798389 384.10809212 394.14820035
 404.18830858 414.22841681 424.26852504 434.30863328 444.34874151
 454.38884974 464.42895797 474.4690662  484.50917443 494.54928266
 504.58939089 514.62949913 524.66960736 534.70971559 544.74982382
 554.78993205 564.83004028 574.87014851 584.91025674 594.95036498
 604.99047321 615.03058144 625.07068967 635.1107979  645.15090613
 655.19101436 665.2311226  675.27123083 685.31133906 695.35144729
 705.39155552 715.43166375 725.47177198 735.51188021 745.55198845
 755.59209668 765.63220491 775.67231314 785.71242137 795.7525296
 805.79263783 815.83274607 825.8728543  835.91296253 845.95307076
 855.99317899 866.03328722 876.07339545 886.11350368 896.15361192
 906.19372015 916.23382838 926.27393661 936.31404484 946.35415307
 956.3942613  966.43436954 976.47447777 986.514586   996.55469423]
a_y_fitting=[0.1754386  0.43708057 0.6881492  0.92889539 1.15956999 1.3804239
 1.59170798 1.79367312 1.98657019 2.17065008 2.34616365 2.51336179
 2.67249537 2.82381528 2.96757238 3.10401756 3.2334017  3.35597566
 3.47199034 3.58169661 3.68534534 3.78318741 3.8754737  3.9624551
 4.04438246 4.12150669 4.19407864 4.2623492  4.32656925 4.38698966
 4.44386131 4.49743508 4.54796185 4.5956925  4.6408779  4.68376892
 4.72461646 4.76367138 4.80118456 4.83740688 4.87257946 4.90675369
 4.93980884 4.97161795 5.00205404 5.03099015 5.05829931 5.08385455
 5.1075289  5.12919539 5.14872705 5.16599691 5.180878   5.19324336
 5.20296602 5.209919   5.21397534 5.21500806 5.21289021 5.2074948
 5.19869308 5.18633281 5.17024524 5.15026127 5.1262118  5.09792775
 5.06524002 5.02797951 4.98597714 4.93906379 4.88707039 4.82982784
 4.76716703 4.69891889 4.62491431 4.54498419 4.45895946 4.366671
 4.26794973 4.16262655 4.05053236 3.93149808 3.80535461 3.67193285
 3.53106371 3.38257809 3.22630691 3.06208106 2.88973145 2.70908899
 2.51998459 2.32224914 2.11571355 1.90020874 1.6755656  1.44161504
 1.19818797 0.94511529 0.68222791 0.40935673]
d_x_fitting=[  3.44530577  13.47671374  23.5081217   33.53952966  43.57093763
  53.60234559  63.63375356  73.66516152  83.69656948  93.72797745
 103.75938541 113.79079338 123.82220134 133.85360931 143.88501727
 153.91642523 163.9478332  173.97924116 184.01064913 194.04205709
 204.07346506 214.10487302 224.13628098 234.16768895 244.19909691
 254.23050488 264.26191284 274.2933208  284.32472877 294.35613673
 304.3875447  314.41895266 324.45036063 334.48176859 344.51317655
 354.54458452 364.57599248 374.60740045 384.63880841 394.67021638
 404.70162434 414.7330323  424.76444027 434.79584823 444.8272562
 454.85866416 464.89007213 474.92148009 484.95288805 494.98429602
 505.01570398 515.04711195 525.07851991 535.10992787 545.14133584
 555.1727438  565.20415177 575.23555973 585.2669677  595.29837566
 605.32978362 615.36119159 625.39259955 635.42400752 645.45541548
 655.48682345 665.51823141 675.54963937 685.58104734 695.6124553
 705.64386327 715.67527123 725.7066792  735.73808716 745.76949512
 755.80090309 765.83231105 775.86371902 785.89512698 795.92653494
 805.95794291 815.98935087 826.02075884 836.0521668  846.08357477
 856.11498273 866.14639069 876.17779866 886.20920662 896.24061459
 906.27202255 916.30343052 926.33483848 936.36624644 946.39765441
 956.42906237 966.46047034 976.4918783  986.52328626 996.55469423]
d_y_fitting=[0.40935673 0.67907729 0.94018289 1.19277078 1.43693818 1.67278233
 1.90040046 2.11988981 2.33134761 2.53487111 2.73055753 2.9185041
 3.09880807 3.27156667 3.43687713 3.59483669 3.74554257 3.88909203
 4.02558229 4.15511059 4.27777416 4.39367023 4.50289605 4.60554884
 4.70172585 4.7915243  4.87504143 4.95237448 5.02362067 5.08887726
 5.14824146 5.20181052 5.24968167 5.29195214 5.32871918 5.36008
 5.38613186 5.40697198 5.42269761 5.43340596 5.43919436 5.44018977
 5.4365933  5.42861746 5.41647478 5.40037777 5.38053894 5.35717083
 5.33048594 5.30069679 5.26801591 5.2326558  5.19482899 5.15474799
 5.11262532 5.0686735  5.02310505 4.97613248 4.92796832 4.87882507
 4.82890725 4.77823235 4.7266294  4.67391909 4.61992213 4.56445924
 4.5073511  4.44841843 4.38748193 4.32436231 4.25888026 4.1908565
 4.12011173 4.04646666 3.96974198 3.88975841 3.80633664 3.71929739
 3.62846136 3.53364924 3.43468176 3.3313796  3.22356348 3.1110541
 2.99367217 2.87123839 2.74357346 2.61049809 2.47183299 2.32739885
 2.17701639 2.0205063  1.8576893  1.68838608 1.51241736 1.32960384
 1.13976621 0.94272519 0.73830148 0.52631579]