
p_x=[1.7226528854435832, 28.42377260981912, 92.16192937123171, 198.10508182601205, 339.36261843238583, 523.6864771748493, 761.4125753660637, 886.3049095607234, 994.8320413436692]
p_y=[0.8235294117647065, 3.764705882352941, 5.294117647058823, 4.588235294117648, 5.647058823529411, 6.117647058823529, 6.117647058823529, 4.705882352941177, 0.23529411764705976]
a_x=[0.0, 31.007751937984494, 105.08182601205857, 203.27304048234282, 298.88027562446166, 344.53057708871665, 386.73557278208443, 408.2687338501292, 453.0577088716624, 519.3798449612403, 645.9948320413437, 774.3324720068906, 827.7347114556417, 910.4220499569336, 994.8320413436692]
a_y=[1.461988304093568, 3.333333333333334, 4.385964912280702, 5.087719298245615, 3.9181286549707606, 3.2163742690058488, 0.526315789473685, 3.0994152046783627, 4.736842105263158, 4.152046783625732, 3.5672514619883042, 0.8771929824561404, 3.9181286549707606, 3.2163742690058488, 0.058479532163742576]
d_x=[1.7226528854435832, 21.53316106804479, 97.32988802756245, 193.79844961240312, 399.6554694229113, 603.7898363479759, 869.9397071490095, 993.9707149009474]
d_y=[1.3450292397660828, 4.385964912280702, 4.619883040935672, 4.502923976608187, 6.023391812865498, 6.257309941520468, 7.076023391812866, -0.1754385964912295]
p_x_fitting=[  1.72265289  11.75406085  21.78546881  31.81687678  41.84828474
  51.87969271  61.91110067  71.94250864  81.9739166   92.00532456
 102.03673253 112.06814049 122.09954846 132.13095642 142.16236438
 152.19377235 162.22518031 172.25658828 182.28799624 192.31940421
 202.35081217 212.38222013 222.4136281  232.44503606 242.47644403
 252.50785199 262.53925996 272.57066792 282.60207588 292.63348385
 302.66489181 312.69629978 322.72770774 332.7591157  342.79052367
 352.82193163 362.8533396  372.88474756 382.91615553 392.94756349
 402.97897145 413.01037942 423.04178738 433.07319535 443.10460331
 453.13601128 463.16741924 473.1988272  483.23023517 493.26164313
 503.2930511  513.32445906 523.35586703 533.38727499 543.41868295
 553.45009092 563.48149888 573.51290685 583.54431481 593.57572277
 603.60713074 613.6385387  623.66994667 633.70135463 643.7327626
 653.76417056 663.79557852 673.82698649 683.85839445 693.88980242
 703.92121038 713.95261835 723.98402631 734.01543427 744.04684224
 754.0782502  764.10965817 774.14106613 784.17247409 794.20388206
 804.23529002 814.26669799 824.29810595 834.32951392 844.36092188
 854.39232984 864.42373781 874.45514577 884.48655374 894.5179617
 904.54936967 914.58077763 924.61218559 934.64359356 944.67500152
 954.70640949 964.73781745 974.76922542 984.80063338 994.83204134]
p_y_fitting=[0.82352941 2.16297971 3.21276156 4.0067357  4.57876287 4.96270379
 5.19241921 5.30176986 5.32461648 5.2948198  5.24149593 5.17387236
 5.0959661  5.0117941  4.92537336 4.84072085 4.76185355 4.69278843
 4.63754248 4.60013267 4.58449421 4.5917801  4.61974324 4.66592957
 4.72788506 4.80315566 4.88928734 4.98382605 5.08431775 5.18830841
 5.29334398 5.39697042 5.49673369 5.59017976 5.67487536 5.74956293
 5.81476682 5.87116009 5.91941577 5.9602069  5.99420654 6.02208772
 6.04452348 6.06218687 6.07575094 6.08588871 6.09327324 6.09857757
 6.10247474 6.10563779 6.10873977 6.11245371 6.11745267 6.1242609
 6.13274567 6.14259293 6.15348865 6.16511878 6.17716928 6.1893261
 6.2012752  6.21270253 6.22329405 6.23273572 6.2407135  6.24691333
 6.25102118 6.252723   6.25170475 6.24765238 6.24025186 6.22918913
 6.21415015 6.19482089 6.17088728 6.1420353  6.10794639 6.06784618
 6.02011958 5.96306086 5.89496425 5.81412403 5.71883445 5.60738977
 5.47808424 5.32921212 5.15906766 4.96594513 4.74813877 4.50394286
 4.23165163 3.92955935 3.59596028 3.22914868 2.82741879 2.38906487
 1.91238119 1.395662   0.83720156 0.23529412]
a_x_fitting=[  0.          10.0488085   20.097617    30.1464255   40.19523399
  50.24404249  60.29285099  70.34165949  80.39046799  90.43927649
 100.48808498 110.53689348 120.58570198 130.63451048 140.68331898
 150.73212748 160.78093597 170.82974447 180.87855297 190.92736147
 200.97616997 211.02497847 221.07378697 231.12259546 241.17140396
 251.22021246 261.26902096 271.31782946 281.36663796 291.41544645
 301.46425495 311.51306345 321.56187195 331.61068045 341.65948895
 351.70829744 361.75710594 371.80591444 381.85472294 391.90353144
 401.95233994 412.00114844 422.04995693 432.09876543 442.14757393
 452.19638243 462.24519093 472.29399943 482.34280792 492.39161642
 502.44042492 512.48923342 522.53804192 532.58685042 542.63565891
 552.68446741 562.73327591 572.78208441 582.83089291 592.87970141
 602.92850991 612.9773184  623.0261269  633.0749354  643.1237439
 653.1725524  663.2213609  673.27016939 683.31897789 693.36778639
 703.41659489 713.46540339 723.51421189 733.56302038 743.61182888
 753.66063738 763.70944588 773.75825438 783.80706288 793.85587138
 803.90467987 813.95348837 824.00229687 834.05110537 844.09991387
 854.14872237 864.19753086 874.24633936 884.29514786 894.34395636
 904.39276486 914.44157336 924.49038185 934.53919035 944.58799885
 954.63680735 964.68561585 974.73442435 984.78323285 994.83204134]
a_y_fitting=[1.4619883  2.22638832 2.83212657 3.29911734 3.64727489 3.89651353
 4.06674752 4.17789116 4.24985873 4.3025645  4.35592277 4.42907397
 4.52648884 4.63952085 4.75906138 4.87600182 4.98123355 5.06564794
 5.12013638 5.13559024 5.1029009  5.01483555 4.87937091 4.7118656
 4.52772703 4.34236259 4.1711797  4.02958575 3.93298815 3.8967943
 3.93602819 4.022445   4.04539569 3.88498715 3.42132626 2.56455
 1.51981081 0.65970884 0.35876621 0.96536932 2.26526651 3.50981289
 4.28337297 4.66761156 4.78132681 4.74331686 4.65835488 4.55858474
 4.45271084 4.34942603 4.25742317 4.18539508 4.14194524 4.12949763
 4.14039677 4.16605875 4.19789968 4.22733567 4.24578281 4.24465721
 4.21537497 4.14935219 4.03800498 3.87274943 3.64500166 3.34790881
 2.99162381 2.5959519  2.1808091  1.76611143 1.37177494 1.01771562
 0.72384953 0.51009267 0.39636107 0.40257076 0.54863776 0.8544781
 1.32799749 1.92005829 2.56460508 3.19557978 3.7469243  4.15599054
 4.40579773 4.51196744 4.49082478 4.3586949  4.13190292 3.82677397
 3.45963317 3.04680567 2.60461658 2.14939104 1.69745418 1.26513112
 0.868747   0.52462694 0.24909607 0.05847953]
d_x_fitting=[  1.72265289  11.74536058  21.76806828  31.79077598  41.81348367
  51.83619137  61.85889907  71.88160677  81.90431446  91.92702216
 101.94972986 111.97243755 121.99514525 132.01785295 142.04056065
 152.06326834 162.08597604 172.10868374 182.13139143 192.15409913
 202.17680683 212.19951453 222.22222222 232.24492992 242.26763762
 252.29034531 262.31305301 272.33576071 282.3584684  292.3811761
 302.4038838  312.4265915  322.44929919 332.47200689 342.49471459
 352.51742228 362.54012998 372.56283768 382.58554538 392.60825307
 402.63096077 412.65366847 422.67637616 432.69908386 442.72179156
 452.74449926 462.76720695 472.78991465 482.81262235 492.83533004
 502.85803774 512.88074544 522.90345314 532.92616083 542.94886853
 552.97157623 562.99428392 573.01699162 583.03969932 593.06240702
 603.08511471 613.10782241 623.13053011 633.1532378  643.1759455
 653.1986532  663.2213609  673.24406859 683.26677629 693.28948399
 703.31219168 713.33489938 723.35760708 733.38031478 743.40302247
 753.42573017 763.44843787 773.47114556 783.49385326 793.51656096
 803.53926866 813.56197635 823.58468405 833.60739175 843.63009944
 853.65280714 863.67551484 873.69822254 883.72093023 893.74363793
 903.76634563 913.78905332 923.81176102 933.83446872 943.85717642
 953.87988411 963.90259181 973.92529951 983.9480072  993.9707149 ]
d_y_fitting=[ 1.34502924  3.13745493  4.41039469  5.23550621  5.68444718  5.8288753
  5.74044826  5.49082374  5.15165944  4.79461306  4.49000973  4.27107689
  4.12996275  4.05668408  4.04125765  4.07370022  4.14402857  4.24225946
  4.35840965  4.48249592  4.60548983  4.72465869  4.83981911  4.95079497
  5.0574101   5.15948837  5.25685362  5.34932971  5.43674049  5.51890982
  5.59566154  5.66681951  5.73220758  5.7916496   5.84496943  5.89199092
  5.93253792  5.96643429  5.99350387  6.01357052  6.02646356  6.03244589
  6.03252165  6.02776752  6.01926021  6.00807642  5.99529286  5.98198622
  5.96923321  5.95811053  5.94969488  5.94506296  5.94529148  5.95145713
  5.96463663  5.98590666  6.01634394  6.05702516  6.10902703  6.17342625
  6.25129951  6.34329518  6.44794451  6.5631259   6.68671755  6.81659768
  6.9506445   7.0867362   7.22275099  7.35656708  7.48606269  7.60911601
  7.72360525  7.82740862  7.91840432  7.99447057  8.05348557  8.09332753
  8.11187465  8.10700514  8.07659721  8.01852906  7.9306789   7.81092494
  7.65714539  7.46721845  7.23902233  6.97043523  6.65933537  6.30360094
  5.90111016  5.44974124  4.94737238  4.39188178  3.78114766  3.11304822
  2.38546166  1.59626621  0.74334005 -0.1754386 ]