
p_x=[0.0, 194.6597760551249, 398.7941429801895, 596.0378983634797, 805.3402239448751, 902.6701119724376, 997.4160206718346]
p_y=[-0.117647058823529, 4.705882352941177, 5.176470588235294, 4.823529411764706, 4.352941176470589, 3.2941176470588243, 0.35294117647058876]
a_x=[1.7226528854435832, 40.482342807924205, 89.57795004306632, 192.9371231696813, 256.6752799310939, 295.4349698535745, 335.9173126614987, 395.3488372093023, 599.4832041343669, 796.7269595176572, 893.1955211024979, 995.693367786391]
a_y=[0.1754385964912295, 4.152046783625732, 5.672514619883041, 0.526315789473685, 5.087719298245615, 6.491228070175438, 5.906432748538012, 6.023391812865498, 6.7251461988304095, 5.7894736842105265, 4.502923976608187, 0.1754385964912295]
d_x=[0.8613264427217916, 37.03703703703704, 105.94315245478036, 199.82773471145566, 395.3488372093023, 538.3290267011197, 678.7252368647717, 801.894918173988, 913.0060292850991, 995.693367786391]
d_y=[0.4093567251461998, 3.450292397660819, 5.321637426900585, 5.43859649122807, 6.140350877192983, 7.192982456140351, 5.672514619883041, 4.970760233918129, 3.9181286549707606, 0.4093567251461998]
p_x_fitting=[  0.          10.0749093   20.1498186   30.2247279   40.2996372
  50.3745465   60.4494558   70.5243651   80.5992744   90.6741837
 100.749093   110.8240023  120.8989116  130.9738209  141.0487302
 151.1236395  161.1985488  171.2734581  181.34836739 191.42327669
 201.49818599 211.57309529 221.64800459 231.72291389 241.79782319
 251.87273249 261.94764179 272.02255109 282.09746039 292.17236969
 302.24727899 312.32218829 322.39709759 332.47200689 342.54691619
 352.62182549 362.69673479 372.77164409 382.84655339 392.92146269
 402.99637199 413.07128129 423.14619059 433.22109989 443.29600919
 453.37091849 463.44582779 473.52073709 483.59564639 493.67055569
 503.74546499 513.82037429 523.89528359 533.97019288 544.04510218
 554.12001148 564.19492078 574.26983008 584.34473938 594.41964868
 604.49455798 614.56946728 624.64437658 634.71928588 644.79419518
 654.86910448 664.94401378 675.01892308 685.09383238 695.16874168
 705.24365098 715.31856028 725.39346958 735.46837888 745.54328818
 755.61819748 765.69310678 775.76801608 785.84292538 795.91783468
 805.99274398 816.06765328 826.14256258 836.21747188 846.29238118
 856.36729048 866.44219978 876.51710908 886.59201837 896.66692767
 906.74183697 916.81674627 926.89165557 936.96656487 947.04147417
 957.11638347 967.19129277 977.26620207 987.34111137 997.41602067]
p_y_fitting=[-0.11764706  0.30172423  0.69938658  1.07589103  1.43178862  1.76763038
  2.08396737  2.38135061  2.66033116  2.92146004  3.1652883   3.39236698
  3.60324712  3.79847976  3.97861593  4.14420669  4.29580306  4.43395609
  4.55921682  4.67213629  4.77326554  4.8631556   4.94235753  5.01142235
  5.07090111  5.12134485  5.16330461  5.19733143  5.22397634  5.2437904
  5.25732463  5.26513008  5.26775779  5.26575879  5.25968414  5.25008486
  5.237512    5.2225166   5.2056497   5.18746234  5.16849991  5.14910896
  5.12938912  5.10942457  5.08929951  5.06909814  5.04890466  5.02880327
  5.00887816  4.98921354  4.96989359  4.95100252  4.93262453  4.91484382
  4.89774457  4.881411    4.86592729  4.85137765  4.83784627  4.82541735
  4.81413465  4.80377808  4.79402176  4.78453953  4.77500525  4.76509274
  4.75447585  4.74282843  4.72982431  4.71513733  4.69844134  4.67941018
  4.65771769  4.63303771  4.60504408  4.57341064  4.53781124  4.49791972
  4.45340991  4.40395567  4.34923076  4.2886442   4.22073212  4.14385112
  4.05635775  3.95660859  3.84296021  3.71376917  3.56739205  3.40218541
  3.21650583  3.00870988  2.77715412  2.52019513  2.23618948  1.92349372
  1.58046445  1.20545822  0.79683161  0.35294118]
a_x_fitting=[  1.72265289  11.76276112  21.80286935  31.84297758  41.88308581
  51.92319404  61.96330227  72.0034105   82.04351874  92.08362697
 102.1237352  112.16384343 122.20395166 132.24405989 142.28416812
 152.32427636 162.36438459 172.40449282 182.44460105 192.48470928
 202.52481751 212.56492574 222.60503397 232.64514221 242.68525044
 252.72535867 262.7654669  272.80557513 282.84568336 292.88579159
 302.92589983 312.96600806 323.00611629 333.04622452 343.08633275
 353.12644098 363.16654921 373.20665744 383.24676568 393.28687391
 403.32698214 413.36709037 423.4071986  433.44730683 443.48741506
 453.52752329 463.56763153 473.60773976 483.64784799 493.68795622
 503.72806445 513.76817268 523.80828091 533.84838915 543.88849738
 553.92860561 563.96871384 574.00882207 584.0489303  594.08903853
 604.12914676 614.169255   624.20936323 634.24947146 644.28957969
 654.32968792 664.36979615 674.40990438 684.45001262 694.49012085
 704.53022908 714.57033731 724.61044554 734.65055377 744.690662
 754.73077023 764.77087847 774.8109867  784.85109493 794.89120316
 804.93131139 814.97141962 825.01152785 835.05163609 845.09174432
 855.13185255 865.17196078 875.21206901 885.25217724 895.29228547
 905.3323937  915.37250194 925.41261017 935.4527184  945.49282663
 955.53293486 965.57304309 975.61315132 985.65325956 995.69336779]
a_y_fitting=[0.1754386  1.37407708 2.46602809 3.43328715 4.25784982 4.92171163
 5.40686812 5.69531483 5.7690473  5.61025246 5.22437476 4.66208205
 3.97924556 3.23173651 2.47542614 1.76618568 1.15988636 0.71239941
 0.47959606 0.51734755 0.86192038 1.45979721 2.23177338 3.09864218
 3.98119691 4.80023084 5.47949285 5.98582258 6.31866091 6.47825504
 6.4692921  6.33561011 6.14142249 5.95111763 5.82422069 5.77243972
 5.78032404 5.83211057 5.91203624 6.00433799 6.09458266 6.17833729
 6.25571898 6.3268678  6.39192379 6.45102702 6.50431754 6.55193543
 6.59402073 6.6307135  6.66215382 6.68848172 6.70983728 6.72636055
 6.73819159 6.74547047 6.74833723 6.74693194 6.74139466 6.73186545
 6.71848283 6.70134272 6.68049414 6.65598369 6.62785795 6.59616352
 6.56094699 6.52225495 6.480134   6.43463074 6.38579175 6.33366363
 6.27829296 6.21972636 6.1580104  6.09319168 6.02531679 5.95443233
 5.88058489 5.80382106 5.72393837 5.63899171 5.54629171 5.44314623
 5.32686311 5.19475021 5.04411537 4.87226646 4.67651131 4.45415778
 4.20251372 3.91888698 3.6005854  3.24491685 2.84918917 2.41071021
 1.92678782 1.39472986 0.81184417 0.1754386 ]
d_x_fitting=[8.61326443e-01 1.09101349e+01 2.09589434e+01 3.10077519e+01
 4.10565604e+01 5.11053689e+01 6.11541774e+01 7.12029859e+01
 8.12517944e+01 9.13006029e+01 1.01349411e+02 1.11398220e+02
 1.21447028e+02 1.31495837e+02 1.41544645e+02 1.51593454e+02
 1.61642262e+02 1.71691071e+02 1.81739879e+02 1.91788688e+02
 2.01837496e+02 2.11886305e+02 2.21935113e+02 2.31983922e+02
 2.42032730e+02 2.52081539e+02 2.62130347e+02 2.72179156e+02
 2.82227964e+02 2.92276773e+02 3.02325581e+02 3.12374390e+02
 3.22423198e+02 3.32472007e+02 3.42520815e+02 3.52569624e+02
 3.62618432e+02 3.72667241e+02 3.82716049e+02 3.92764858e+02
 4.02813666e+02 4.12862475e+02 4.22911283e+02 4.32960092e+02
 4.43008900e+02 4.53057709e+02 4.63106517e+02 4.73155326e+02
 4.83204134e+02 4.93252943e+02 5.03301751e+02 5.13350560e+02
 5.23399368e+02 5.33448177e+02 5.43496985e+02 5.53545794e+02
 5.63594602e+02 5.73643411e+02 5.83692219e+02 5.93741028e+02
 6.03789836e+02 6.13838645e+02 6.23887453e+02 6.33936262e+02
 6.43985070e+02 6.54033879e+02 6.64082687e+02 6.74131496e+02
 6.84180304e+02 6.94229113e+02 7.04277921e+02 7.14326730e+02
 7.24375538e+02 7.34424347e+02 7.44473155e+02 7.54521964e+02
 7.64570772e+02 7.74619581e+02 7.84668389e+02 7.94717198e+02
 8.04766006e+02 8.14814815e+02 8.24863623e+02 8.34912432e+02
 8.44961240e+02 8.55010049e+02 8.65058857e+02 8.75107666e+02
 8.85156474e+02 8.95205283e+02 9.05254091e+02 9.15302900e+02
 9.25351708e+02 9.35400517e+02 9.45449325e+02 9.55498134e+02
 9.65546942e+02 9.75595751e+02 9.85644559e+02 9.95693368e+02]
d_y_fitting=[0.40935673 1.45779209 2.34149948 3.07550104 3.67481893 4.15447528
 4.52949225 4.81489198 5.02569662 5.17692832 5.28360922 5.36043589
 5.41593276 5.45310532 5.47476463 5.48372177 5.4827878  5.47477378
 5.46249079 5.44874988 5.43635864 5.4273864  5.42225533 5.42116471
 5.42431386 5.43190207 5.44412863 5.46119285 5.48329403 5.51063146
 5.54340444 5.58181226 5.62605424 5.67632966 5.73283782 5.79577803
 5.86534957 5.94175176 6.02518388 6.11584524 6.21376865 6.31750292
 6.42481761 6.53347538 6.64123889 6.74587081 6.84513379 6.93679051
 7.01860361 7.08833577 7.14374963 7.18260788 7.20267316 7.20170814
 7.1775855  7.13054639 7.06311382 6.97790344 6.87753093 6.76461196
 6.6417622  6.51159732 6.376733   6.23978491 6.10336871 5.97010008
 5.84259469 5.72346821 5.61524187 5.51864657 5.4328123  5.3568127
 5.28972138 5.23061197 5.17855808 5.13263332 5.09191133 5.05546572
 5.02237011 4.99169811 4.96251343 4.93301538 4.89988037 4.85962978
 4.80878502 4.74386746 4.6613985  4.55789952 4.42989192 4.27389709
 4.08643642 3.86403129 3.6032031  3.30047323 2.95236308 2.55539404
 2.10608749 1.60096483 1.03654745 0.40935673]