
p_x=[1.7226528854435832, 6.029285099052541, 22.39448751076658, 105.94315245478036, 217.91559000861326, 393.62618432385875, 595.176571920758, 798.4496124031008, 998.2773471145564]
p_y=[0.47058823529411775, 2.0, 5.0588235294117645, 4.588235294117648, 4.9411764705882355, 4.705882352941177, 5.294117647058823, 4.705882352941177, 0.47058823529411775]
a_x=[1.7226528854435832, 8.613264427217917, 79.24203273040483, 195.52110249784667, 395.3488372093023, 598.6218776916451, 801.894918173988, 906.9767441860464, 998.2773471145564]
a_y=[0.6432748538011701, 2.0467836257309946, 4.619883040935672, 4.502923976608187, 4.970760233918129, 5.321637426900585, 4.970760233918129, 3.5672514619883042, 0.7602339181286553]
d_x=[0.0, 10.335917312661499, 93.88458225667529, 198.10508182601205, 398.7941429801895, 614.1257536606374, 794.1429801894918, 905.254091300603, 997.4160206718346]
d_y=[0.6432748538011701, 1.578947368421053, 5.2046783625731, 4.502923976608187, 4.269005847953217, 4.502923976608187, 4.385964912280702, 3.2163742690058488, 0.526315789473685]
p_x_fitting=[  1.72265289  11.78886192  21.85507095  31.92127998  41.98748902
  52.05369805  62.11990708  72.18611611  82.25232515  92.31853418
 102.38474321 112.45095224 122.51716128 132.58337031 142.64957934
 152.71578837 162.78199741 172.84820644 182.91441547 192.98062451
 203.04683354 213.11304257 223.1792516  233.24546064 243.31166967
 253.3778787  263.44408773 273.51029677 283.5765058  293.64271483
 303.70892386 313.7751329  323.84134193 333.90755096 343.97375999
 354.03996903 364.10617806 374.17238709 384.23859612 394.30480516
 404.37101419 414.43722322 424.50343226 434.56964129 444.63585032
 454.70205935 464.76826839 474.83447742 484.90068645 494.96689548
 505.03310452 515.09931355 525.16552258 535.23173161 545.29794065
 555.36414968 565.43035871 575.49656774 585.56277678 595.62898581
 605.69519484 615.76140388 625.82761291 635.89382194 645.96003097
 656.02624001 666.09244904 676.15865807 686.2248671  696.29107614
 706.35728517 716.4234942  726.48970323 736.55591227 746.6221213
 756.68833033 766.75453936 776.8207484  786.88695743 796.95316646
 807.01937549 817.08558453 827.15179356 837.21800259 847.28421163
 857.35042066 867.41662969 877.48283872 887.54904776 897.61525679
 907.68146582 917.74767485 927.81388389 937.88009292 947.94630195
 958.01251098 968.07872002 978.14492905 988.21113808 998.27734711]
p_y_fitting=[0.47058824 3.47708776 5.0004933  5.87580665 6.34788025 6.48838213
 6.36895753 6.06125172 5.63690992 5.1675774  4.72489939 4.37666211
 4.14234117 4.00852387 3.9611666  3.98622579 4.06965785 4.1974192
 4.35546624 4.5297554  4.70624308 4.87088571 5.01003575 5.11824527
 5.19779027 5.2512476  5.28119408 5.29020655 5.28086184 5.25573679
 5.21740824 5.168453   5.11144792 5.04896984 4.98359557 4.91790197
 4.85446586 4.79586407 4.74467344 4.70347063 4.67413327 4.65625277
 4.64895388 4.65136138 4.66260001 4.68179453 4.70806971 4.74055029
 4.77836105 4.82062674 4.86647211 4.91502192 4.96540094 5.01673392
 5.06814562 5.11876079 5.16770421 5.21410061 5.25707478 5.29575146
 5.32938331 5.35767011 5.38040929 5.39739829 5.40843456 5.41331553
 5.41183864 5.40380134 5.38900105 5.36723524 5.33830132 5.30199675
 5.25811896 5.20646539 5.14683348 5.07902068 5.00282442 4.91804215
 4.82447129 4.7219093  4.61015362 4.48900167 4.35825091 4.21769877
 4.06714269 3.90638012 3.73520848 3.55342523 3.36082781 3.15721364
 2.94238018 2.71612486 2.47824513 2.22853841 1.96680216 1.69283381
 1.4064308  1.10739058 0.79551058 0.47058824]
a_x_fitting=[  1.72265289  11.78886192  21.85507095  31.92127998  41.98748902
  52.05369805  62.11990708  72.18611611  82.25232515  92.31853418
 102.38474321 112.45095224 122.51716128 132.58337031 142.64957934
 152.71578837 162.78199741 172.84820644 182.91441547 192.98062451
 203.04683354 213.11304257 223.1792516  233.24546064 243.31166967
 253.3778787  263.44408773 273.51029677 283.5765058  293.64271483
 303.70892386 313.7751329  323.84134193 333.90755096 343.97375999
 354.03996903 364.10617806 374.17238709 384.23859612 394.30480516
 404.37101419 414.43722322 424.50343226 434.56964129 444.63585032
 454.70205935 464.76826839 474.83447742 484.90068645 494.96689548
 505.03310452 515.09931355 525.16552258 535.23173161 545.29794065
 555.36414968 565.43035871 575.49656774 585.56277678 595.62898581
 605.69519484 615.76140388 625.82761291 635.89382194 645.96003097
 656.02624001 666.09244904 676.15865807 686.2248671  696.29107614
 706.35728517 716.4234942  726.48970323 736.55591227 746.6221213
 756.68833033 766.75453936 776.8207484  786.88695743 796.95316646
 807.01937549 817.08558453 827.15179356 837.21800259 847.28421163
 857.35042066 867.41662969 877.48283872 887.54904776 897.61525679
 907.68146582 917.74767485 927.81388389 937.88009292 947.94630195
 958.01251098 968.07872002 978.14492905 988.21113808 998.27734711]
a_y_fitting=[0.64327485 2.58852271 3.91253435 4.7178025  5.1068199  5.18207929
 5.0460734  4.80129497 4.54975091 4.35556913 4.21850509 4.132058
 4.08972709 4.0850116  4.11141074 4.16242374 4.23154983 4.31228824
 4.3981382  4.48259892 4.5596635  4.62765768 4.68715267 4.73873867
 4.78300588 4.8205445  4.85194475 4.87779682 4.89869092 4.91521725
 4.92796601 4.93752741 4.94449165 4.94944894 4.95298948 4.95570347
 4.95818111 4.96101261 4.96478818 4.97009801 4.97744173 4.98682342
 4.99807858 5.01104256 5.02555072 5.0414384  5.05854096 5.07669376
 5.09573214 5.11549147 5.13580709 5.15651436 5.17744863 5.19844526
 5.2193396  5.23996699 5.26016281 5.27976239 5.2986011  5.31651428
 5.3333273  5.34876327 5.36248546 5.37415634 5.38343841 5.38999417
 5.3934861  5.3935767  5.38992846 5.38220387 5.37006541 5.35317559
 5.3311969  5.30379182 5.27062284 5.23135247 5.18564318 5.13315748
 5.07355785 5.00650679 4.9316522  4.84832049 4.75552405 4.65226223
 4.53753435 4.41033974 4.26967773 4.11454766 3.94394885 3.75688063
 3.55234234 3.32933331 3.08685286 2.82390033 2.53947505 2.23257634
 1.90220355 1.54735599 1.167033   0.76023392]
d_x_fitting=[  0.          10.0749093   20.1498186   30.2247279   40.2996372
  50.3745465   60.4494558   70.5243651   80.5992744   90.6741837
 100.749093   110.8240023  120.8989116  130.9738209  141.0487302
 151.1236395  161.1985488  171.2734581  181.34836739 191.42327669
 201.49818599 211.57309529 221.64800459 231.72291389 241.79782319
 251.87273249 261.94764179 272.02255109 282.09746039 292.17236969
 302.24727899 312.32218829 322.39709759 332.47200689 342.54691619
 352.62182549 362.69673479 372.77164409 382.84655339 392.92146269
 402.99637199 413.07128129 423.14619059 433.22109989 443.29600919
 453.37091849 463.44582779 473.52073709 483.59564639 493.67055569
 503.74546499 513.82037429 523.89528359 533.97019288 544.04510218
 554.12001148 564.19492078 574.26983008 584.34473938 594.41964868
 604.49455798 614.56946728 624.64437658 634.71928588 644.79419518
 654.86910448 664.94401378 675.01892308 685.09383238 695.16874168
 705.24365098 715.31856028 725.39346958 735.46837888 745.54328818
 755.61819748 765.69310678 775.76801608 785.84292538 795.91783468
 805.99274398 816.06765328 826.14256258 836.21747188 846.29238118
 856.36729048 866.44219978 876.51710908 886.59201837 896.66692767
 906.74183697 916.81674627 926.89165557 936.96656487 947.04147417
 957.11638347 967.19129277 977.26620207 987.34111137 997.41602067]
d_y_fitting=[0.64327485 1.5569     2.3508495  3.03238042 3.60874984 4.08721481
 4.4750324  4.77945969 5.00775374 5.16717162 5.26497439 5.30846712
 5.30498221 5.26185244 5.18641061 5.08598951 4.96792194 4.83954068
 4.70817853 4.58116829 4.46578994 4.36623273 4.28193925 4.21194884
 4.15530086 4.11103467 4.07818962 4.05580508 4.04292039 4.03857492
 4.04180802 4.05165904 4.06716735 4.0873723  4.11131324 4.13802954
 4.16656054 4.19594561 4.2252241  4.25343537 4.27963239 4.30334771
 4.32470949 4.34388306 4.36103374 4.37632687 4.38992778 4.40200179
 4.41271423 4.42223043 4.43071571 4.43833542 4.44525487 4.45163939
 4.45765432 4.46346498 4.46923669 4.4751348  4.48132462 4.48797149
 4.49524073 4.50329766 4.51219266 4.52157312 4.53099815 4.54002689
 4.54821845 4.55513196 4.56032654 4.56336132 4.56379541 4.56118795
 4.55509805 4.54508483 4.53070743 4.51152496 4.48709655 4.45698132
 4.42073839 4.37792626 4.32792031 4.26965891 4.20201667 4.12386818
 4.03408805 3.93155088 3.81513125 3.68370378 3.53614306 3.37132368
 3.18812025 2.98540737 2.76205963 2.51695164 2.24895798 1.95695327
 1.63981209 1.29640906 0.92561875 0.52631579]