
p_x=[2.5839793281653747, 102.4978466838932, 232.5581395348837, 361.75710594315245, 486.64944013781223, 534.0223944875107, 599.4832041343669, 773.4711455641689, 848.4065460809646, 979.328165374677]
p_y=[0.117647058823529, 2.235294117647059, 4.23529411764706, 3.764705882352941, 0.117647058823529, 3.2941176470588243, 3.1764705882352935, 3.0588235294117645, 2.8235294117647056, 0.47058823529411775]
a_x=[0.0, 75.79672695951766, 138.67355727820842, 179.15590008613265, 211.02497846683892, 419.4659776055125, 507.32127476313525, 574.5047372954349, 731.2661498708011, 838.931955211025, 909.5607235142119, 978.4668389319552]
a_y=[-0.058479532163742576, 2.8654970760233924, 1.1111111111111107, 0.9941520467836256, 0.8771929824561404, 0.9941520467836256, 0.8771929824561404, 0.9941520467836256, 3.9181286549707606, 3.450292397660819, 0.6432748538011701, 1.2280701754385976]
d_x=[0.8613264427217916, 41.343669250645995, 105.08182601205857, 140.39621016365203, 329.02670111972435, 397.9328165374677, 454.78036175710594, 584.8406546080964, 830.318690783807, 900.0861326442722, 978.4668389319552]
d_y=[0.1754385964912295, 2.7485380116959064, 1.461988304093568, 1.578947368421053, 2.397660818713451, 4.853801169590644, 4.152046783625732, 5.087719298245615, 2.6315789473684212, 3.0994152046783627, 2.9824561403508776]
p_x_fitting=[  2.58397933  12.45008222  22.31618511  32.182288    42.04839089
  51.91449377  61.78059666  71.64669955  81.51280244  91.37890533
 101.24500822 111.11111111 120.977214   130.84331689 140.70941978
 150.57552267 160.44162556 170.30772845 180.17383134 190.03993423
 199.90603712 209.77214    219.63824289 229.50434578 239.37044867
 249.23655156 259.10265445 268.96875734 278.83486023 288.70096312
 298.56706601 308.4331689  318.29927179 328.16537468 338.03147757
 347.89758046 357.76368335 367.62978623 377.49588912 387.36199201
 397.2280949  407.09419779 416.96030068 426.82640357 436.69250646
 446.55860935 456.42471224 466.29081513 476.15691802 486.02302091
 495.8891238  505.75522669 515.62132957 525.48743246 535.35353535
 545.21963824 555.08574113 564.95184402 574.81794691 584.6840498
 594.55015269 604.41625558 614.28235847 624.14846136 634.01456425
 643.88066714 653.74677003 663.61287292 673.4789758  683.34507869
 693.21118158 703.07728447 712.94338736 722.80949025 732.67559314
 742.54169603 752.40779892 762.27390181 772.1400047  782.00610759
 791.87221048 801.73831337 811.60441626 821.47051914 831.33662203
 841.20272492 851.06882781 860.9349307  870.80103359 880.66713648
 890.53323937 900.39934226 910.26544515 920.13154804 929.99765093
 939.86375382 949.72985671 959.5959596  969.46206249 979.32816537]
p_y_fitting=[ 0.11764706  0.36637655  0.60505527  0.83418848  1.05428148  1.26583954
  1.46936794  1.66537195  1.85435686  2.03682794  2.21329048  2.38424975
  2.55021103  2.71167961  2.86916075  3.02315974  3.17418185  3.32273238
  3.46931658  3.61443975  3.75860716  3.9023241   4.04609583  4.19042764
  4.33543415  4.47705954  4.60872376  4.72381157  4.8157077   4.87779692
  4.90346397  4.8860936   4.81907056  4.6957796   4.50960548  4.25393294
  3.92214673  3.50873084  3.02493125  2.49505999  1.94377474  1.39573317
  0.87559294  0.40801173  0.01764721 -0.27084295 -0.43280108 -0.44356952
 -0.27849058  0.08709339  0.66124089  1.3716463   2.12171637  2.81485266
  3.35451334  3.67760406  3.81082583  3.79579265  3.6741185   3.48741735
  3.27730318  3.08445993  2.9281803   2.80636579  2.71598785  2.65401793
  2.61742746  2.6031879   2.6082707   2.62964729  2.66428913  2.70916765
  2.76125431  2.81752055  2.87493782  2.93047757  2.98111123  3.02381025
  3.05554609  3.0736212   3.07733127  3.06671442  3.04181     3.0026574
  2.94929597  2.8817651   2.80010415  2.70435249  2.5945495   2.47073454
  2.33294698  2.1812262   2.01561156  1.83614244  1.6428582   1.43579821
  1.21500185  0.98050849  0.73235749  0.47058824]
a_x_fitting=[  0.           9.88350342  19.76700685  29.65051027  39.53401369
  49.41751712  59.30102054  69.18452396  79.06802739  88.95153081
  98.83503424 108.71853766 118.60204108 128.48554451 138.36904793
 148.25255135 158.13605478 168.0195582  177.90306162 187.78656505
 197.67006847 207.55357189 217.43707532 227.32057874 237.20408217
 247.08758559 256.97108901 266.85459244 276.73809586 286.62159928
 296.50510271 306.38860613 316.27210955 326.15561298 336.0391164
 345.92261982 355.80612325 365.68962667 375.5731301  385.45663352
 395.34013694 405.22364037 415.10714379 424.99064721 434.87415064
 444.75765406 454.64115748 464.52466091 474.40816433 484.29166775
 494.17517118 504.0586746  513.94217802 523.82568145 533.70918487
 543.5926883  553.47619172 563.35969514 573.24319857 583.12670199
 593.01020541 602.89370884 612.77721226 622.66071568 632.54421911
 642.42772253 652.31122595 662.19472938 672.0782328  681.96173623
 691.84523965 701.72874307 711.6122465  721.49574992 731.37925334
 741.26275677 751.14626019 761.02976361 770.91326704 780.79677046
 790.68027388 800.56377731 810.44728073 820.33078416 830.21428758
 840.097791   849.98129443 859.86479785 869.74830127 879.6318047
 889.51530812 899.39881154 909.28231497 919.16581839 929.04932181
 938.93282524 948.81632866 958.69983208 968.58333551 978.46683893]
a_y_fitting=[-0.05847953  1.0524702   1.89013886  2.48334346  2.86090098  3.05162843
  3.08434279  2.98786107  2.79100025  2.52257734  2.21140932  1.8863132
  1.57610597  1.30960463  1.11562616  1.0135718   0.98153048  0.98626402
  0.99453396  0.9782945   0.9399881   0.89314907  0.85067803  0.81741201
  0.79273156  0.77591419  0.76623739  0.76297864  0.76541544  0.7728253
  0.78448568  0.7996741   0.81766805  0.83774501  0.85918248  0.88125795
  0.90324892  0.92443288  0.94408733  0.96148975  0.97591764  0.98664849
  0.99295979  0.99417127  0.99034986  0.98220301  0.97045894  0.95584585
  0.93909196  0.92092546  0.90207458  0.88326751  0.86540426  0.8513587
  0.84526723  0.85128679  0.87357435  0.91628687  0.98358129  1.07880511
  1.20054025  1.34563045  1.51091692  1.69324086  1.88944347  2.09636597
  2.31084955  2.52973542  2.7498648   2.96807887  3.18121886  3.38612596
  3.57964138  3.75860632  3.919862    4.06008749  4.17533532  4.26150663
  4.31450257  4.3302243   4.30457296  4.23344972  4.11275571  3.93839211
  3.70626004  3.41226693  3.05761974  2.65846906  2.23358048  1.80171963
  1.3816521   0.99214353  0.6519595   0.37986564  0.19462756  0.11501087
  0.15978117  0.34770408  0.69754521  1.22807018]
d_x_fitting=[8.61326443e-01 1.07361296e+01 2.06109328e+01 3.04857359e+01
 4.03605391e+01 5.02353422e+01 6.01101454e+01 6.99849485e+01
 7.98597517e+01 8.97345549e+01 9.96093580e+01 1.09484161e+02
 1.19358964e+02 1.29233767e+02 1.39108571e+02 1.48983374e+02
 1.58858177e+02 1.68732980e+02 1.78607783e+02 1.88482586e+02
 1.98357390e+02 2.08232193e+02 2.18106996e+02 2.27981799e+02
 2.37856602e+02 2.47731405e+02 2.57606209e+02 2.67481012e+02
 2.77355815e+02 2.87230618e+02 2.97105421e+02 3.06980224e+02
 3.16855027e+02 3.26729831e+02 3.36604634e+02 3.46479437e+02
 3.56354240e+02 3.66229043e+02 3.76103846e+02 3.85978650e+02
 3.95853453e+02 4.05728256e+02 4.15603059e+02 4.25477862e+02
 4.35352665e+02 4.45227468e+02 4.55102272e+02 4.64977075e+02
 4.74851878e+02 4.84726681e+02 4.94601484e+02 5.04476287e+02
 5.14351091e+02 5.24225894e+02 5.34100697e+02 5.43975500e+02
 5.53850303e+02 5.63725106e+02 5.73599910e+02 5.83474713e+02
 5.93349516e+02 6.03224319e+02 6.13099122e+02 6.22973925e+02
 6.32848728e+02 6.42723532e+02 6.52598335e+02 6.62473138e+02
 6.72347941e+02 6.82222744e+02 6.92097547e+02 7.01972351e+02
 7.11847154e+02 7.21721957e+02 7.31596760e+02 7.41471563e+02
 7.51346366e+02 7.61221169e+02 7.71095973e+02 7.80970776e+02
 7.90845579e+02 8.00720382e+02 8.10595185e+02 8.20469988e+02
 8.30344792e+02 8.40219595e+02 8.50094398e+02 8.59969201e+02
 8.69844004e+02 8.79718807e+02 8.89593611e+02 8.99468414e+02
 9.09343217e+02 9.19218020e+02 9.29092823e+02 9.38967626e+02
 9.48842429e+02 9.58717233e+02 9.68592036e+02 9.78466839e+02]
d_y_fitting=[0.1754386  1.30421569 2.07302075 2.53417904 2.74001581 2.74285632
 2.59502583 2.34884959 2.05665285 1.77076088 1.54349892 1.42568121
 1.42262579 1.48724055 1.56953086 1.62560148 1.6477731  1.64168131
 1.61298227 1.56733213 1.51038707 1.44780322 1.38523675 1.32834383
 1.28278059 1.25420321 1.24826783 1.27063062 1.32694774 1.42287533
 1.56406957 1.75618659 2.00488257 2.31581366 2.69189565 3.11352875
 3.55006285 3.97077154 4.34492842 4.64180709 4.83068112 4.88633196
 4.82565824 4.68500221 4.50081065 4.30953035 4.14760782 4.04342351
 3.9960961  3.99811077 4.04195271 4.12010711 4.22505915 4.34929403
 4.48529692 4.62555302 4.76254752 4.88876561 4.99669246 5.07881327
 5.12869018 5.14643866 5.13463932 5.0958772  5.03273736 4.94780485
 4.84366471 4.72290201 4.58810178 4.44184908 4.28672896 4.12532647
 3.96022666 3.79401458 3.62927529 3.46859383 3.31455525 3.16974461
 3.03674695 2.91814733 2.81653079 2.73448239 2.67458718 2.63943021
 2.63159652 2.65230758 2.6973735  2.76126228 2.83844189 2.92338033
 3.01054556 3.09440558 3.16942838 3.23008192 3.27083421 3.28615322
 3.27050693 3.21836333 3.12419041 2.98245614]