
p_x=[1.7226528854435832, 62.01550387596899, 204.9956933677864, 395.3488372093023, 598.6218776916451, 799.3109388458226, 995.693367786391]
p_y=[0.117647058823529, 2.8235294117647056, 4.117647058823529, 3.647058823529412, 4.0, 3.88235294117647, 0.47058823529411775]
a_x=[0.8613264427217916, 49.956933677863915, 104.22049956933678, 198.96640826873386, 396.2101636520241, 601.2058570198105, 801.894918173988, 996.5546942291128]
a_y=[0.29239766081871466, 3.0994152046783627, 3.6842105263157894, 2.9824561403508776, 3.2163742690058488, 3.0994152046783627, 2.514619883040936, 0.29239766081871466]
d_x=[2.5839793281653747, 47.37295434969854, 202.41171403962102, 397.0714900947459, 606.3738156761412, 797.588285960379, 996.5546942291128]
d_y=[0.6432748538011701, 2.7485380116959064, 3.2163742690058488, 2.0467836257309946, 3.8011695906432754, 2.9824561403508776, 0.1754385964912295]
p_x_fitting=[  1.72265289  11.76276112  21.80286935  31.84297758  41.88308581
  51.92319404  61.96330227  72.0034105   82.04351874  92.08362697
 102.1237352  112.16384343 122.20395166 132.24405989 142.28416812
 152.32427636 162.36438459 172.40449282 182.44460105 192.48470928
 202.52481751 212.56492574 222.60503397 232.64514221 242.68525044
 252.72535867 262.7654669  272.80557513 282.84568336 292.88579159
 302.92589983 312.96600806 323.00611629 333.04622452 343.08633275
 353.12644098 363.16654921 373.20665744 383.24676568 393.28687391
 403.32698214 413.36709037 423.4071986  433.44730683 443.48741506
 453.52752329 463.56763153 473.60773976 483.64784799 493.68795622
 503.72806445 513.76817268 523.80828091 533.84838915 543.88849738
 553.92860561 563.96871384 574.00882207 584.0489303  594.08903853
 604.12914676 614.169255   624.20936323 634.24947146 644.28957969
 654.32968792 664.36979615 674.40990438 684.45001262 694.49012085
 704.53022908 714.57033731 724.61044554 734.65055377 744.690662
 754.73077023 764.77087847 774.8109867  784.85109493 794.89120316
 804.93131139 814.97141962 825.01152785 835.05163609 845.09174432
 855.13185255 865.17196078 875.21206901 885.25217724 895.29228547
 905.3323937  915.37250194 925.41261017 935.4527184  945.49282663
 955.53293486 965.57304309 975.61315132 985.65325956 995.69336779]
p_y_fitting=[0.11764706 0.7036496  1.23167796 1.70462742 2.12539328 2.49687084
 2.82195537 3.10354219 3.34452657 3.54780382 3.71626923 3.85281809
 3.96034569 4.04174733 4.09991829 4.13775388 4.15814939 4.1640001
 4.15820131 4.14364832 4.12323642 4.09967742 4.0741068  4.04685705
 4.01825425 3.98862453 3.95829396 3.92758867 3.89683475 3.86635829
 3.83648541 3.8075422  3.77985477 3.7537492  3.72955162 3.70758811
 3.68818478 3.67166774 3.65836307 3.64859688 3.64264931 3.64045478
 3.64179044 3.64643264 3.65415773 3.66474207 3.677962   3.69359388
 3.71141406 3.73119888 3.75272471 3.77576789 3.80010478 3.82551171
 3.85176506 3.87864116 3.90591638 3.93336705 3.96076954 3.98790019
 4.01453052 4.0403426  4.06493971 4.08792243 4.10889133 4.12744699
 4.14318999 4.15572091 4.16464032 4.16954881 4.17004694 4.16573531
 4.15621448 4.14108503 4.11994755 4.0924026  4.05805078 4.01649264
 3.96732879 3.91015978 3.8445862  3.77020863 3.68662764 3.59344382
 3.49025773 3.37666997 3.2522811  3.1166917  2.96950236 2.81031364
 2.63872613 2.45434041 2.25675705 2.04557663 1.82039973 1.58082693
 1.3264588  1.05689592 0.77173887 0.47058824]
a_x_fitting=[8.61326443e-01 1.09188352e+01 2.09763440e+01 3.10338527e+01
 4.10913615e+01 5.11488703e+01 6.12063790e+01 7.12638878e+01
 8.13213966e+01 9.13789053e+01 1.01436414e+02 1.11493923e+02
 1.21551432e+02 1.31608940e+02 1.41666449e+02 1.51723958e+02
 1.61781467e+02 1.71838975e+02 1.81896484e+02 1.91953993e+02
 2.02011502e+02 2.12069011e+02 2.22126519e+02 2.32184028e+02
 2.42241537e+02 2.52299046e+02 2.62356554e+02 2.72414063e+02
 2.82471572e+02 2.92529081e+02 3.02586589e+02 3.12644098e+02
 3.22701607e+02 3.32759116e+02 3.42816624e+02 3.52874133e+02
 3.62931642e+02 3.72989151e+02 3.83046660e+02 3.93104168e+02
 4.03161677e+02 4.13219186e+02 4.23276695e+02 4.33334203e+02
 4.43391712e+02 4.53449221e+02 4.63506730e+02 4.73564238e+02
 4.83621747e+02 4.93679256e+02 5.03736765e+02 5.13794273e+02
 5.23851782e+02 5.33909291e+02 5.43966800e+02 5.54024309e+02
 5.64081817e+02 5.74139326e+02 5.84196835e+02 5.94254344e+02
 6.04311852e+02 6.14369361e+02 6.24426870e+02 6.34484379e+02
 6.44541887e+02 6.54599396e+02 6.64656905e+02 6.74714414e+02
 6.84771922e+02 6.94829431e+02 7.04886940e+02 7.14944449e+02
 7.25001958e+02 7.35059466e+02 7.45116975e+02 7.55174484e+02
 7.65231993e+02 7.75289501e+02 7.85347010e+02 7.95404519e+02
 8.05462028e+02 8.15519536e+02 8.25577045e+02 8.35634554e+02
 8.45692063e+02 8.55749572e+02 8.65807080e+02 8.75864589e+02
 8.85922098e+02 8.95979607e+02 9.06037115e+02 9.16094624e+02
 9.26152133e+02 9.36209642e+02 9.46267150e+02 9.56324659e+02
 9.66382168e+02 9.76439677e+02 9.86497185e+02 9.96554694e+02]
a_y_fitting=[0.29239766 1.11955881 1.80466256 2.36035275 2.79927321 3.13406775
 3.37738021 3.54185441 3.64013419 3.68486335 3.68868575 3.66371198
 3.61697201 3.55268088 3.47502373 3.3881857  3.29635195 3.2037076
 3.11443781 3.03272772 2.96273845 2.90681399 2.86424104 2.83401302
 2.81512334 2.80656544 2.80733271 2.81641858 2.83281647 2.8555198
 2.88352198 2.91581643 2.95139656 2.98925581 3.02838758 3.06778529
 3.10644236 3.1433522  3.17750825 3.2079039  3.23360336 3.25442448
 3.27064041 3.28253064 3.29037464 3.29445189 3.29504186 3.29242404
 3.2868779  3.27868291 3.26811856 3.25546432 3.24099966 3.22500406
 3.20775701 3.18953797 3.17062643 3.15130186 3.13184373 3.11253153
 3.09364213 3.07526438 3.05717597 3.03912534 3.02086095 3.00213125
 2.98268468 2.96226971 2.94063477 2.91752832 2.89269881 2.86589469
 2.83686442 2.80535643 2.77111919 2.73390114 2.69345074 2.64951643
 2.60184666 2.55018989 2.49429457 2.43390915 2.36878207 2.29866179
 2.22329676 2.14243543 2.05582625 1.96321767 1.86435815 1.75899612
 1.64688005 1.52775839 1.40137957 1.26749207 1.12584431 0.97618477
 0.81826188 0.6518241  0.47661987 0.29239766]
d_x_fitting=[  2.58397933  12.62408756  22.66419579  32.70430402  42.74441225
  52.78452048  62.82462872  72.86473695  82.90484518  92.94495341
 102.98506164 113.02516987 123.0652781  133.10538634 143.14549457
 153.1856028  163.22571103 173.26581926 183.30592749 193.34603572
 203.38614395 213.42625219 223.46636042 233.50646865 243.54657688
 253.58668511 263.62679334 273.66690157 283.70700981 293.74711804
 303.78722627 313.8273345  323.86744273 333.90755096 343.94765919
 353.98776742 364.02787566 374.06798389 384.10809212 394.14820035
 404.18830858 414.22841681 424.26852504 434.30863328 444.34874151
 454.38884974 464.42895797 474.4690662  484.50917443 494.54928266
 504.58939089 514.62949913 524.66960736 534.70971559 544.74982382
 554.78993205 564.83004028 574.87014851 584.91025674 594.95036498
 604.99047321 615.03058144 625.07068967 635.1107979  645.15090613
 655.19101436 665.2311226  675.27123083 685.31133906 695.35144729
 705.39155552 715.43166375 725.47177198 735.51188021 745.55198845
 755.59209668 765.63220491 775.67231314 785.71242137 795.7525296
 805.79263783 815.83274607 825.8728543  835.91296253 845.95307076
 855.99317899 866.03328722 876.07339545 886.11350368 896.15361192
 906.19372015 916.23382838 926.27393661 936.31404484 946.35415307
 956.3942613  966.43436954 976.47447777 986.514586   996.55469423]
d_y_fitting=[0.64327485 1.23439238 1.75344341 2.204316   2.59089824 2.9170782
 3.18674397 3.4037836  3.5720852  3.69553682 3.77802654 3.82344245
 3.83567262 3.81860512 3.77612803 3.71212943 3.63049739 3.53511999
 3.42988531 3.31868143 3.20539591 3.09319974 2.98311614 2.87576766
 2.77177684 2.67176625 2.57635842 2.48617593 2.4018413  2.32397711
 2.2532059  2.19015021 2.13543261 2.08967564 2.05350186 2.02753381
 2.01239405 2.00870513 2.01708961 2.03817003 2.07245978 2.11937959
 2.17772073 2.24626692 2.32380189 2.40910935 2.50097302 2.59817663
 2.6995039  2.80373854 2.90966428 3.01606484 3.12172394 3.2254253
 3.32595264 3.42208969 3.51262015 3.59632775 3.67199622 3.73840928
 3.79435063 3.83877147 3.87164021 3.89330733 3.904124   3.90444137
 3.8946106  3.87498287 3.84590931 3.80774111 3.76082941 3.70552538
 3.64218018 3.57114496 3.4927709  3.40740916 3.31541088 3.21712723
 3.11290939 3.00310849 2.88807571 2.76816221 2.64371914 2.51509767
 2.38264896 2.24672417 2.10767445 1.96585098 1.82160491 1.6752874
 1.52724962 1.37784271 1.22741786 1.0763262  0.92491892 0.77354716
 0.62256208 0.47231486 0.32315664 0.1754386 ]