
p_x=[2.5839793281653747, 194.6597760551249, 436.69250645994833, 573.6434108527131, 730.4048234280792, 886.3049095607234, 999.1386735572783]
p_y=[0.23529411764705976, 3.647058823529412, 4.117647058823529, 2.7058823529411766, 5.0588235294117645, 4.0, 0.7058823529411757]
a_x=[4.3066322136089585, 192.0757967269595, 431.5245478036176, 566.7527993109388, 724.3755383290267, 875.968992248062, 998.2773471145564]
a_y=[0.29239766081871466, 4.269005847953217, 4.619883040935672, 3.0994152046783627, 4.619883040935672, 3.2163742690058488, 0.4093567251461998]
d_x=[3.4453057708871664, 190.35314384151593, 427.2179155900086, 575.3660637381568, 714.0396210163652, 864.7717484926786, 999.1386735572783]
d_y=[0.526315789473685, 4.502923976608187, 5.2046783625731, 3.5672514619883042, 4.502923976608187, 3.333333333333334, 0.526315789473685]
p_x_fitting=[  2.58397933  12.65018836  22.71639739  32.78260643  42.84881546
  52.91502449  62.98123352  73.04744256  83.11365159  93.17986062
 103.24606965 113.31227869 123.37848772 133.44469675 143.51090578
 153.57711482 163.64332385 173.70953288 183.77574192 193.84195095
 203.90815998 213.97436901 224.04057805 234.10678708 244.17299611
 254.23920514 264.30541418 274.37162321 284.43783224 294.50404127
 304.57025031 314.63645934 324.70266837 334.7688774  344.83508644
 354.90129547 364.9675045  375.03371354 385.09992257 395.1661316
 405.23234063 415.29854967 425.3647587  435.43096773 445.49717676
 455.5633858  465.62959483 475.69580386 485.76201289 495.82822193
 505.89443096 515.96063999 526.02684902 536.09305806 546.15926709
 556.22547612 566.29168515 576.35789419 586.42410322 596.49031225
 606.55652129 616.62273032 626.68893935 636.75514838 646.82135742
 656.88756645 666.95377548 677.01998451 687.08619355 697.15240258
 707.21861161 717.28482064 727.35102968 737.41723871 747.48344774
 757.54965677 767.61586581 777.68207484 787.74828387 797.8144929
 807.88070194 817.94691097 828.01312    838.07932904 848.14553807
 858.2117471  868.27795613 878.34416517 888.4103742  898.47658323
 908.54279226 918.6090013  928.67521033 938.74141936 948.80762839
 958.87383743 968.94004646 979.00625549 989.07246452 999.13867356]
p_y_fitting=[0.23529412 0.44199506 0.64735307 0.85106201 1.05281575 1.25230816
 1.44923313 1.64328452 1.8341562  2.02154205 2.20513594 2.38463174
 2.55972332 2.73010455 2.89546932 3.05551148 3.20992492 3.35840351
 3.50064111 3.6363316  3.76516885 3.88684674 4.00105914 4.10749991
 4.20586294 4.29584209 4.37713124 4.44942426 4.51241502 4.56579739
 4.60926525 4.64251247 4.66523292 4.67712047 4.677869   4.66717238
 4.64472448 4.61021917 4.56335032 4.50381182 4.43129752 4.34550131
 4.24611705 4.13283862 4.00581051 3.86781135 3.72257409 3.57383299
 3.42532236 3.28077645 3.14392956 3.01851595 2.90826991 2.81692572
 2.74821765 2.70587999 2.69364701 2.71522757 2.77177926 2.8597643
 2.97513993 3.11386344 3.27189209 3.44518314 3.62969388 3.82138155
 4.01620344 4.21011681 4.39907892 4.57904706 4.74597847 4.89583045
 5.02456024 5.12839096 5.20632278 5.25900915 5.28712546 5.29134711
 5.2723495  5.23080803 5.1673981  5.08279511 4.97767445 4.85271153
 4.70858175 4.54596049 4.36552317 4.16794518 3.95390192 3.72406879
 3.47912119 3.21973452 2.94658417 2.66034554 2.36169404 2.05130506
 1.729854   1.39801627 1.05646725 0.70588235]
a_x_fitting=[  4.30663221  14.34674044  24.38684868  34.42695691  44.46706514
  54.50717337  64.5472816   74.58738983  84.62749806  94.6676063
 104.70771453 114.74782276 124.78793099 134.82803922 144.86814745
 154.90825568 164.94836391 174.98847215 185.02858038 195.06868861
 205.10879684 215.14890507 225.1890133  235.22912153 245.26922977
 255.309338   265.34944623 275.38955446 285.42966269 295.46977092
 305.50987915 315.54998738 325.59009562 335.63020385 345.67031208
 355.71042031 365.75052854 375.79063677 385.830745   395.87085324
 405.91096147 415.9510697  425.99117793 436.03128616 446.07139439
 456.11150262 466.15161085 476.19171909 486.23182732 496.27193555
 506.31204378 516.35215201 526.39226024 536.43236847 546.47247671
 556.51258494 566.55269317 576.5928014  586.63290963 596.67301786
 606.71312609 616.75323432 626.79334256 636.83345079 646.87355902
 656.91366725 666.95377548 676.99388371 687.03399194 697.07410017
 707.11420841 717.15431664 727.19442487 737.2345331  747.27464133
 757.31474956 767.35485779 777.39496603 787.43507426 797.47518249
 807.51529072 817.55539895 827.59550718 837.63561541 847.67572364
 857.71583188 867.75594011 877.79604834 887.83615657 897.8762648
 907.91637303 917.95648126 927.9965895  938.03669773 948.07680596
 958.11691419 968.15702242 978.19713065 988.23723888 998.27734711]
a_y_fitting=[0.29239766 0.56697389 0.83547753 1.09774223 1.35360164 1.60288943
 1.84543924 2.08108474 2.30965956 2.53099738 2.74493184 2.9512966
 3.14992531 3.34065162 3.5233092  3.69773169 3.86375275 4.02120603
 4.1699252  4.30974389 4.44049577 4.5620145  4.67413372 4.77668709
 4.86950826 4.95243089 5.02528864 5.08791515 5.14014409 5.1818091
 5.21274384 5.23278196 5.24175713 5.23950299 5.2258532  5.20064141
 5.16370128 5.11486646 5.0539706  4.98084736 4.8953304  4.79725337
 4.68644992 4.56280553 4.42774101 4.28443175 4.13614908 3.98616429
 3.83774869 3.69417358 3.55871028 3.43463009 3.32520431 3.23370426
 3.16340124 3.11756656 3.09947152 3.11132197 3.15079927 3.214384
 3.2985567  3.39979795 3.51458831 3.63940834 3.77073861 3.90505967
 4.03885208 4.16859643 4.29077325 4.40186312 4.4983466  4.57670426
 4.63343331 4.66654612 4.67676058 4.6650747  4.6324865  4.579994
 4.50859522 4.41928816 4.31307086 4.19094131 4.05389756 3.90293759
 3.73905945 3.56326114 3.37654068 3.17989608 2.97432537 2.76082656
 2.54039767 2.31403671 2.08274171 1.84751067 1.60934162 1.36923257
 1.12818153 0.88718654 0.6472456  0.40935673]
d_x_fitting=[  3.44530577  13.50281454  23.5603233   33.61783207  43.67534083
  53.7328496   63.79035836  73.84786713  83.9053759   93.96288466
 104.02039343 114.07790219 124.13541096 134.19291972 144.25042849
 154.30793725 164.36544602 174.42295478 184.48046355 194.53797232
 204.59548108 214.65298985 224.71049861 234.76800738 244.82551614
 254.88302491 264.94053367 274.99804244 285.05555121 295.11305997
 305.17056874 315.2280775  325.28558627 335.34309503 345.4006038
 355.45811256 365.51562133 375.5731301  385.63063886 395.68814763
 405.74565639 415.80316516 425.86067392 435.91818269 445.97569145
 456.03320022 466.09070898 476.14821775 486.20572652 496.26323528
 506.32074405 516.37825281 526.43576158 536.49327034 546.55077911
 556.60828787 566.66579664 576.72330541 586.78081417 596.83832294
 606.8958317  616.95334047 627.01084923 637.068358   647.12586676
 657.18337553 667.2408843  677.29839306 687.35590183 697.41341059
 707.47091936 717.52842812 727.58593689 737.64344565 747.70095442
 757.75846318 767.81597195 777.87348072 787.93098948 797.98849825
 808.04600701 818.10351578 828.16102454 838.21853331 848.27604207
 858.33355084 868.39105961 878.44856837 888.50607714 898.5635859
 908.62109467 918.67860343 928.7361122  938.79362096 948.85112973
 958.9086385  968.96614726 979.02365603 989.08116479 999.13867356]
d_y_fitting=[0.52631579 0.79000218 1.04928048 1.30392541 1.55371168 1.79841399
 2.03780706 2.2716656  2.49976432 2.72187791 2.93778111 3.14724861
 3.35005513 3.54597537 3.73478405 3.91625587 4.09016554 4.25628779
 4.4143973  4.5642688  4.705677   4.8383966  4.96220231 5.07686885
 5.18217092 5.27788324 5.36378051 5.43963744 5.50522874 5.56032913
 5.60471331 5.638156   5.6604319  5.67131572 5.67058217 5.65800596
 5.63336181 5.59642441 5.54696849 5.48476876 5.40959991 5.32123666
 5.21945373 5.10434837 4.97796023 4.84305253 4.70238968 4.55873613
 4.41485631 4.27351465 4.13747559 4.00950355 3.89236297 3.78881828
 3.70163392 3.63357432 3.58740391 3.56588461 3.57029473 3.59792989
 3.64542431 3.70941222 3.78652787 3.87340549 3.9666793  4.06298355
 4.15895246 4.25122026 4.3364212  4.41118951 4.47215941 4.5159934
 4.54089477 4.54737033 4.53611546 4.50782551 4.46319588 4.40292192
 4.32769901 4.23822253 4.13518785 4.01929034 3.89122536 3.75168831
 3.60137454 3.44097943 3.27119835 3.09272668 2.90625978 2.71249304
 2.51212181 2.30584149 2.09434743 1.87833501 1.6584996  1.43553658
 1.21014131 0.98300918 0.75483555 0.52631579]