
p_x=[0.8613264427217916, 212.7476313522825, 397.0714900947459, 598.6218776916451, 799.3109388458226, 996.5546942291128]
p_y=[0.23529411764705976, 3.88235294117647, 5.0588235294117645, 5.176470588235294, 4.23529411764706, 0.8235294117647065]
a_x=[2.5839793281653747, 202.41171403962102, 399.6554694229113, 600.3445305770887, 800.1722652885444, 995.693367786391]
a_y=[0.6432748538011701, 2.7485380116959064, 3.9181286549707606, 3.450292397660819, 2.397660818713451, 0.6432748538011701]
d_x=[3.4453057708871664, 211.02497846683892, 397.0714900947459, 590.0086132644273, 801.894918173988, 996.5546942291128]
d_y=[0.6432748538011701, 3.6842105263157894, 3.8011695906432754, 2.6315789473684212, 2.8654970760233924, 0.8771929824561404]
p_x_fitting=[8.61326443e-01 1.09188352e+01 2.09763440e+01 3.10338527e+01
 4.10913615e+01 5.11488703e+01 6.12063790e+01 7.12638878e+01
 8.13213966e+01 9.13789053e+01 1.01436414e+02 1.11493923e+02
 1.21551432e+02 1.31608940e+02 1.41666449e+02 1.51723958e+02
 1.61781467e+02 1.71838975e+02 1.81896484e+02 1.91953993e+02
 2.02011502e+02 2.12069011e+02 2.22126519e+02 2.32184028e+02
 2.42241537e+02 2.52299046e+02 2.62356554e+02 2.72414063e+02
 2.82471572e+02 2.92529081e+02 3.02586589e+02 3.12644098e+02
 3.22701607e+02 3.32759116e+02 3.42816624e+02 3.52874133e+02
 3.62931642e+02 3.72989151e+02 3.83046660e+02 3.93104168e+02
 4.03161677e+02 4.13219186e+02 4.23276695e+02 4.33334203e+02
 4.43391712e+02 4.53449221e+02 4.63506730e+02 4.73564238e+02
 4.83621747e+02 4.93679256e+02 5.03736765e+02 5.13794273e+02
 5.23851782e+02 5.33909291e+02 5.43966800e+02 5.54024309e+02
 5.64081817e+02 5.74139326e+02 5.84196835e+02 5.94254344e+02
 6.04311852e+02 6.14369361e+02 6.24426870e+02 6.34484379e+02
 6.44541887e+02 6.54599396e+02 6.64656905e+02 6.74714414e+02
 6.84771922e+02 6.94829431e+02 7.04886940e+02 7.14944449e+02
 7.25001958e+02 7.35059466e+02 7.45116975e+02 7.55174484e+02
 7.65231993e+02 7.75289501e+02 7.85347010e+02 7.95404519e+02
 8.05462028e+02 8.15519536e+02 8.25577045e+02 8.35634554e+02
 8.45692063e+02 8.55749572e+02 8.65807080e+02 8.75864589e+02
 8.85922098e+02 8.95979607e+02 9.06037115e+02 9.16094624e+02
 9.26152133e+02 9.36209642e+02 9.46267150e+02 9.56324659e+02
 9.66382168e+02 9.76439677e+02 9.86497185e+02 9.96554694e+02]
p_y_fitting=[0.23529412 0.48186801 0.72023077 0.95052238 1.17288284 1.38745214
 1.59437028 1.79377724 1.98581303 2.17061763 2.34833104 2.51909326
 2.68304427 2.84032407 2.99107265 3.13543001 3.27353613 3.40553103
 3.53155467 3.65174707 3.76624822 3.8751981  3.97873671 4.07700404
 4.1701401  4.25828486 4.34157833 4.4201605  4.49417136 4.56375091
 4.62903913 4.69017603 4.74730159 4.80055581 4.85007868 4.89601021
 4.93849037 4.97765916 5.01365658 5.04662262 5.07669426 5.10396439
 5.12849241 5.15033692 5.1695565  5.18620975 5.20035525 5.21205158
 5.22135734 5.22833111 5.23303148 5.23551703 5.23584636 5.23407805
 5.23027068 5.22448286 5.21677315 5.20720016 5.19582246 5.18269865
 5.16787832 5.15125646 5.13259785 5.1116632  5.08821322 5.06200863
 5.03281012 5.00037842 4.96447423 4.92485826 4.88129123 4.83353385
 4.78134682 4.72449086 4.66272668 4.59581499 4.5235165  4.44559192
 4.36180196 4.27190733 4.17566875 4.07284693 3.96320256 3.84649638
 3.72248908 3.59094138 3.45161399 3.30426761 3.14866297 2.98456077
 2.81172172 2.62990654 2.43887592 2.2383906  2.02821126 1.80809864
 1.57781343 1.33711635 1.0857681  0.82352941]
a_x_fitting=[  2.58397933  12.61538729  22.64679526  32.67820322  42.70961119
  52.74101915  62.77242711  72.80383508  82.83524304  92.86665101
 102.89805897 112.92946693 122.9608749  132.99228286 143.02369083
 153.05509879 163.08650676 173.11791472 183.14932268 193.18073065
 203.21213861 213.24354658 223.27495454 233.30636251 243.33777047
 253.36917843 263.4005864  273.43199436 283.46340233 293.49481029
 303.52621825 313.55762622 323.58903418 333.62044215 343.65185011
 353.68325808 363.71466604 373.746074   383.77748197 393.80888993
 403.8402979  413.87170586 423.90311383 433.93452179 443.96592975
 453.99733772 464.02874568 474.06015365 484.09156161 494.12296958
 504.15437754 514.1857855  524.21719347 534.24860143 544.2800094
 554.31141736 564.34282532 574.37423329 584.40564125 594.43704922
 604.46845718 614.49986515 624.53127311 634.56268107 644.59408904
 654.625497   664.65690497 674.68831293 684.7197209  694.75112886
 704.78253682 714.81394479 724.84535275 734.87676072 744.90816868
 754.93957665 764.97098461 775.00239257 785.03380054 795.0652085
 805.09661647 815.12802443 825.15943239 835.19084036 845.22224832
 855.25365629 865.28506425 875.31647222 885.34788018 895.37928814
 905.41069611 915.44210407 925.47351204 935.50492    945.53632797
 955.56773593 965.59914389 975.63055186 985.66195982 995.69336779]
a_y_fitting=[0.64327485 0.7509259  0.85935682 0.96840226 1.07789687 1.18767529
 1.29757217 1.40742216 1.5170599  1.62632005 1.73503724 1.84304614
 1.95018138 2.0562776  2.16116947 2.26469163 2.36667871 2.46696538
 2.56538628 2.66177605 2.75596934 2.84780081 2.93710509 3.02371683
 3.10747069 3.1882013  3.26574333 3.3399314  3.41060017 3.4775843
 3.54071841 3.59983717 3.65477522 3.70536721 3.75144778 3.79285158
 3.82941326 3.86096746 3.88734884 3.90839204 3.92393689 3.93400572
 3.93884744 3.93872512 3.93390182 3.9246406  3.91120452 3.89385664
 3.87286003 3.84847774 3.82097283 3.79060837 3.75764741 3.72235302
 3.68498825 3.64581618 3.60509985 3.56310233 3.52008668 3.47631596
 3.43204928 3.38740169 3.34230647 3.29668531 3.25045988 3.20355184
 3.15588287 3.10737465 3.05794885 3.00752713 2.95603118 2.90338266
 2.84950326 2.79431463 2.73773846 2.67969641 2.62011017 2.55890139
 2.49599177 2.43130296 2.36475664 2.29627449 2.22577817 2.15318936
 2.07842974 2.00142097 1.92208473 1.8403427  1.75611653 1.66932791
 1.57989852 1.48775001 1.39280407 1.29498237 1.19420658 1.09039838
 0.98347943 0.87337141 0.75999599 0.64327485]
d_x_fitting=[  3.44530577  13.47671374  23.5081217   33.53952966  43.57093763
  53.60234559  63.63375356  73.66516152  83.69656948  93.72797745
 103.75938541 113.79079338 123.82220134 133.85360931 143.88501727
 153.91642523 163.9478332  173.97924116 184.01064913 194.04205709
 204.07346506 214.10487302 224.13628098 234.16768895 244.19909691
 254.23050488 264.26191284 274.2933208  284.32472877 294.35613673
 304.3875447  314.41895266 324.45036063 334.48176859 344.51317655
 354.54458452 364.57599248 374.60740045 384.63880841 394.67021638
 404.70162434 414.7330323  424.76444027 434.79584823 444.8272562
 454.85866416 464.89007213 474.92148009 484.95288805 494.98429602
 505.01570398 515.04711195 525.07851991 535.10992787 545.14133584
 555.1727438  565.20415177 575.23555973 585.2669677  595.29837566
 605.32978362 615.36119159 625.39259955 635.42400752 645.45541548
 655.48682345 665.51823141 675.54963937 685.58104734 695.6124553
 705.64386327 715.67527123 725.7066792  735.73808716 745.76949512
 755.80090309 765.83231105 775.86371902 785.89512698 795.92653494
 805.95794291 815.98935087 826.02075884 836.0521668  846.08357477
 856.11498273 866.14639069 876.17779866 886.20920662 896.24061459
 906.27202255 916.30343052 926.33483848 936.36624644 946.39765441
 956.42906237 966.46047034 976.4918783  986.52328626 996.55469423]
d_y_fitting=[0.64327485 0.87046681 1.0890309  1.29904399 1.50058298 1.69372476
 1.87854621 2.05512422 2.22353568 2.38385748 2.53616649 2.68053962
 2.81705374 2.94578574 3.06681252 3.18021095 3.28605793 3.38443034
 3.47540508 3.55905901 3.63546905 3.70471206 3.76686494 3.82200458
 3.87020786 3.91155167 3.9461129  3.97396843 3.99519516 4.00986996
 4.01806974 4.01987136 4.01535173 4.00458772 3.98765623 3.96463414
 3.93559834 3.90062572 3.85979316 3.81317756 3.76090337 3.70349476
 3.64167579 3.576172   3.50770892 3.43701209 3.36480703 3.2918193
 3.21877442 3.14639792 3.07541536 3.00655225 2.94053414 2.87808656
 2.81993505 2.76680514 2.71942237 2.67851227 2.64480038 2.61897802
 2.60104179 2.59034142 2.58620198 2.58794853 2.59490616 2.60639993
 2.6217549  2.64029616 2.66134876 2.68423779 2.70828831 2.73282539
 2.7571741  2.78065951 2.80260669 2.82234072 2.83918666 2.85246959
 2.86151456 2.86564666 2.86419096 2.85647252 2.84181641 2.81954771
 2.78899149 2.74947281 2.70031675 2.64084837 2.57039275 2.48827496
 2.39382006 2.28635313 2.16519924 2.02968346 1.87913086 1.7128665
 1.53021547 1.33050282 1.11305364 0.87719298]