
p_x=[0.0, 58.57019810508183, 206.71834625322995, 395.3488372093023, 601.2058570198105, 803.6175710594315, 997.4160206718346]
p_y=[0.23529411764705976, 3.0588235294117645, 3.4117647058823533, 2.235294117647059, 3.5294117647058822, 3.2941176470588243, 0.47058823529411775]
a_x=[1.7226528854435832, 55.12489233419466, 202.41171403962102, 398.7941429801895, 598.6218776916451, 803.6175710594315, 998.2773471145564]
a_y=[0.29239766081871466, 2.9824561403508776, 3.0994152046783627, 2.6315789473684212, 3.450292397660819, 2.7485380116959064, 0.1754385964912295]
d_x=[2.5839793281653747, 49.09560723514212, 195.52110249784667, 397.9328165374677, 608.9577950043066, 805.3402239448751, 998.2773471145564]
d_y=[0.1754385964912295, 2.9824561403508776, 3.0994152046783627, 3.450292397660819, 3.5672514619883042, 2.9824561403508776, 0.29239766081871466]
p_x_fitting=[  0.          10.0749093   20.1498186   30.2247279   40.2996372
  50.3745465   60.4494558   70.5243651   80.5992744   90.6741837
 100.749093   110.8240023  120.8989116  130.9738209  141.0487302
 151.1236395  161.1985488  171.2734581  181.34836739 191.42327669
 201.49818599 211.57309529 221.64800459 231.72291389 241.79782319
 251.87273249 261.94764179 272.02255109 282.09746039 292.17236969
 302.24727899 312.32218829 322.39709759 332.47200689 342.54691619
 352.62182549 362.69673479 372.77164409 382.84655339 392.92146269
 402.99637199 413.07128129 423.14619059 433.22109989 443.29600919
 453.37091849 463.44582779 473.52073709 483.59564639 493.67055569
 503.74546499 513.82037429 523.89528359 533.97019288 544.04510218
 554.12001148 564.19492078 574.26983008 584.34473938 594.41964868
 604.49455798 614.56946728 624.64437658 634.71928588 644.79419518
 654.86910448 664.94401378 675.01892308 685.09383238 695.16874168
 705.24365098 715.31856028 725.39346958 735.46837888 745.54328818
 755.61819748 765.69310678 775.76801608 785.84292538 795.91783468
 805.99274398 816.06765328 826.14256258 836.21747188 846.29238118
 856.36729048 866.44219978 876.51710908 886.59201837 896.66692767
 906.74183697 916.81674627 926.89165557 936.96656487 947.04147417
 957.11638347 967.19129277 977.26620207 987.34111137 997.41602067]
p_y_fitting=[0.23529412 0.89145461 1.47173691 1.98011102 2.42054695 2.79701469
 3.11348426 3.37392566 3.5823089  3.74260398 3.85878091 3.93480969
 3.97466033 3.98230284 3.96170721 3.91684346 3.85168159 3.77019161
 3.67634351 3.57410732 3.46745303 3.36028598 3.25488944 3.15184602
 3.05165794 2.95482742 2.86185667 2.7732479  2.68950334 2.6111252
 2.53861569 2.47247704 2.41321145 2.36132115 2.31730835 2.28167527
 2.25492412 2.23755711 2.23007648 2.23298442 2.24668363 2.27073612
 2.30428175 2.34645719 2.39639911 2.45324417 2.51612905 2.58419042
 2.65656494 2.73238928 2.81080011 2.8909341  2.97192792 3.05291823
 3.13304172 3.21143503 3.28723485 3.35957785 3.42760068 3.49044002
 3.54723748 3.59744598 3.64101    3.67791736 3.7081559  3.73171346
 3.74857785 3.75873691 3.76217847 3.75889036 3.74886041 3.73207645
 3.70852631 3.67819782 3.64107881 3.59715711 3.54642055 3.48885697
 3.42445419 3.35320003 3.27508235 3.19008895 3.09820767 2.99942635
 2.89373281 2.78111489 2.66156041 2.5350572  2.40159309 2.26115592
 2.11373351 1.9593137  1.79788432 1.62943318 1.45394814 1.271417
 1.08182762 0.88516781 0.6814254  0.47058824]
a_x_fitting=[  1.72265289  11.78886192  21.85507095  31.92127998  41.98748902
  52.05369805  62.11990708  72.18611611  82.25232515  92.31853418
 102.38474321 112.45095224 122.51716128 132.58337031 142.64957934
 152.71578837 162.78199741 172.84820644 182.91441547 192.98062451
 203.04683354 213.11304257 223.1792516  233.24546064 243.31166967
 253.3778787  263.44408773 273.51029677 283.5765058  293.64271483
 303.70892386 313.7751329  323.84134193 333.90755096 343.97375999
 354.03996903 364.10617806 374.17238709 384.23859612 394.30480516
 404.37101419 414.43722322 424.50343226 434.56964129 444.63585032
 454.70205935 464.76826839 474.83447742 484.90068645 494.96689548
 505.03310452 515.09931355 525.16552258 535.23173161 545.29794065
 555.36414968 565.43035871 575.49656774 585.56277678 595.62898581
 605.69519484 615.76140388 625.82761291 635.89382194 645.96003097
 656.02624001 666.09244904 676.15865807 686.2248671  696.29107614
 706.35728517 716.4234942  726.48970323 736.55591227 746.6221213
 756.68833033 766.75453936 776.8207484  786.88695743 796.95316646
 807.01937549 817.08558453 827.15179356 837.21800259 847.28421163
 857.35042066 867.41662969 877.48283872 887.54904776 897.61525679
 907.68146582 917.74767485 927.81388389 937.88009292 947.94630195
 958.01251098 968.07872002 978.14492905 988.21113808 998.27734711]
a_y_fitting=[0.29239766 0.97846547 1.57560192 2.0890492  2.52404953 2.88584511
 3.17967816 3.41079088 3.58442548 3.70582417 3.78022916 3.81288266
 3.80902687 3.773904   3.71275627 3.63082587 3.53335503 3.42558594
 3.31276083 3.20012188 3.09291109 2.99525397 2.90757757 2.82954406
 2.76081562 2.70105445 2.64992273 2.60708263 2.57219635 2.54492607
 2.52493397 2.51188223 2.50543305 2.50524861 2.51099108 2.52232266
 2.53890552 2.56040186 2.58647386 2.6167837  2.65099019 2.68869128
 2.72943204 2.77275579 2.81820585 2.86532552 2.91365814 2.962747
 3.01213544 3.06136677 3.1099843  3.15753135 3.20355124 3.24758729
 3.2891828  3.3278811  3.36322551 3.39475934 3.4220259  3.44456852
 3.46195792 3.47404526 3.48084591 3.48237731 3.47865694 3.46970223
 3.45553065 3.43615965 3.41160668 3.38188919 3.34702465 3.3070305
 3.2619242  3.21172321 3.15644497 3.09610695 3.03072659 2.96032135
 2.88490868 2.80450605 2.71913089 2.62880067 2.53353285 2.43334486
 2.32825418 2.21827825 2.10343452 1.98374046 1.85921352 1.72987114
 1.59573078 1.45680991 1.31312596 1.16469641 1.01153869 0.85367026
 0.69110859 0.52387112 0.3519753  0.1754386 ]
d_x_fitting=[  2.58397933  12.64148809  22.69899686  32.75650562  42.81401439
  52.87152316  62.92903192  72.98654069  83.04404945  93.10155822
 103.15906698 113.21657575 123.27408451 133.33159328 143.38910205
 153.44661081 163.50411958 173.56162834 183.61913711 193.67664587
 203.73415464 213.7916634  223.84917217 233.90668094 243.9641897
 254.02169847 264.07920723 274.136716   284.19422476 294.25173353
 304.30924229 314.36675106 324.42425982 334.48176859 344.53927736
 354.59678612 364.65429489 374.71180365 384.76931242 394.82682118
 404.88432995 414.94183871 424.99934748 435.05685625 445.11436501
 455.17187378 465.22938254 475.28689131 485.34440007 495.40190884
 505.4594176  515.51692637 525.57443514 535.6319439  545.68945267
 555.74696143 565.8044702  575.86197896 585.91948773 595.97699649
 606.03450526 616.09201402 626.14952279 636.20703156 646.26454032
 656.32204909 666.37955785 676.43706662 686.49457538 696.55208415
 706.60959291 716.66710168 726.72461045 736.78211921 746.83962798
 756.89713674 766.95464551 777.01215427 787.06966304 797.1271718
 807.18468057 817.24218934 827.2996981  837.35720687 847.41471563
 857.4722244  867.52973316 877.58724193 887.64475069 897.70225946
 907.75976822 917.81727699 927.87478576 937.93229452 947.98980329
 958.04731205 968.10482082 978.16232958 988.21983835 998.27734711]
d_y_fitting=[0.1754386  0.97689898 1.66457049 2.2458558  2.72815753 3.11887834
 3.42542087 3.65518777 3.81558167 3.91400523 3.95786108 3.95455188
 3.91148027 3.83604889 3.73566038 3.6177174  3.48962259 3.35877858
 3.23258803 3.11845359 3.02298491 2.94723378 2.88987464 2.84957297
 2.82499422 2.81480386 2.81766737 2.83225019 2.85721781 2.89123567
 2.93296926 2.98108403 3.03424545 3.09111898 3.15037009 3.21066425
 3.27066691 3.32904356 3.38445964 3.43558063 3.48116211 3.52091928
 3.55514711 3.58414858 3.60822669 3.62768444 3.64282481 3.65395081
 3.66136543 3.66537165 3.66627248 3.66437091 3.65996993 3.65337254
 3.64488173 3.63480049 3.62343183 3.61107872 3.59804418 3.58463119
 3.57114274 3.55784538 3.54464138 3.53122346 3.51728185 3.50250676
 3.48658841 3.46921703 3.45008282 3.42887601 3.40528682 3.37900546
 3.34972216 3.31712714 3.2809106  3.24076278 3.19637389 3.14743415
 3.09363378 3.03466299 2.97021201 2.89997106 2.82363034 2.7408801
 2.65141053 2.55491186 2.45107432 2.33958811 2.22014346 2.09243058
 1.9561397  1.81096103 1.6565848  1.49270122 1.31900051 1.13517288
 0.94090857 0.73589778 0.51983074 0.29239766]