
p_x=[2.5839793281653747, 67.18346253229974, 117.14039621016366, 194.6597760551249, 379.8449612403101, 591.7312661498709, 783.8070628768303, 888.027562446167, 995.693367786391]
p_y=[0.23529411764705976, 3.5294117647058822, 4.588235294117648, 4.588235294117648, 4.352941176470589, 4.0, 3.4117647058823533, 2.4705882352941178, 0.35294117647058876]
a_x=[4.3066322136089585, 67.18346253229974, 151.5934539190353, 392.76485788113695, 598.6218776916451, 796.7269595176572, 900.0861326442722, 996.5546942291128]
a_y=[0.526315789473685, 2.9824561403508776, 4.385964912280702, 4.502923976608187, 4.502923976608187, 4.035087719298246, 2.397660818713451, 0.1754385964912295]
d_x=[2.5839793281653747, 67.18346253229974, 124.03100775193798, 194.6597760551249, 398.7941429801895, 602.928509905254, 803.6175710594315, 900.0861326442722, 996.5546942291128]
d_y=[0.4093567251461998, 3.333333333333334, 4.853801169590644, 5.2046783625731, 5.2046783625731, 5.2046783625731, 4.502923976608187, 3.333333333333334, 0.058479532163742576]
p_x_fitting=[  2.58397933  12.61538729  22.64679526  32.67820322  42.70961119
  52.74101915  62.77242711  72.80383508  82.83524304  92.86665101
 102.89805897 112.92946693 122.9608749  132.99228286 143.02369083
 153.05509879 163.08650676 173.11791472 183.14932268 193.18073065
 203.21213861 213.24354658 223.27495454 233.30636251 243.33777047
 253.36917843 263.4005864  273.43199436 283.46340233 293.49481029
 303.52621825 313.55762622 323.58903418 333.62044215 343.65185011
 353.68325808 363.71466604 373.746074   383.77748197 393.80888993
 403.8402979  413.87170586 423.90311383 433.93452179 443.96592975
 453.99733772 464.02874568 474.06015365 484.09156161 494.12296958
 504.15437754 514.1857855  524.21719347 534.24860143 544.2800094
 554.31141736 564.34282532 574.37423329 584.40564125 594.43704922
 604.46845718 614.49986515 624.53127311 634.56268107 644.59408904
 654.625497   664.65690497 674.68831293 684.7197209  694.75112886
 704.78253682 714.81394479 724.84535275 734.87676072 744.90816868
 754.93957665 764.97098461 775.00239257 785.03380054 795.0652085
 805.09661647 815.12802443 825.15943239 835.19084036 845.22224832
 855.25365629 865.28506425 875.31647222 885.34788018 895.37928814
 905.41069611 915.44210407 925.47351204 935.50492    945.53632797
 955.56773593 965.59914389 975.63055186 985.66195982 995.69336779]
p_y_fitting=[0.23529412 0.90757471 1.51787658 2.0681435  2.56031923 2.99634752
 3.37817213 3.70773681 3.98698534 4.21786146 4.40230894 4.54227153
 4.63982774 4.69923898 4.72653669 4.72780332 4.70912134 4.67657321
 4.63624139 4.59420832 4.55588951 4.52252527 4.4937437  4.46916945
 4.44842718 4.43114153 4.41693715 4.40543871 4.39627084 4.38905819
 4.38342543 4.37899719 4.37539814 4.37225291 4.36918617 4.36582256
 4.36178673 4.35670333 4.35020179 4.3421059  4.33249733 4.32147552
 4.30913994 4.29559003 4.28092525 4.26524504 4.24864886 4.23123616
 4.21310639 4.19435901 4.17509345 4.15540919 4.13540565 4.11518231
 4.09483861 4.074474   4.05418793 4.03407985 4.01424922 3.99479433
 3.97569669 3.95672301 3.93761685 3.91812182 3.89798148 3.87693944
 3.85473927 3.83112456 3.80583889 3.77862586 3.74922904 3.71739203
 3.6828584  3.64537175 3.60467566 3.56051371 3.5126295  3.4607666
 3.40466851 3.3440129  3.27829407 3.20697465 3.1295173  3.04538466
 2.95403938 2.8549441  2.74756146 2.63135411 2.50578469 2.37031586
 2.22441024 2.0675305  1.89913927 1.7186992  1.52567293 1.3195231
 1.09971237 0.86570338 0.61695876 0.35294118]
a_x_fitting=[  4.30663221  14.32933991  24.35204761  34.3747553   44.397463
  54.4201707   64.4428784   74.46558609  84.48829379  94.51100149
 104.53370918 114.55641688 124.57912458 134.60183228 144.62453997
 154.64724767 164.66995537 174.69266306 184.71537076 194.73807846
 204.76078616 214.78349385 224.80620155 234.82890925 244.85161694
 254.87432464 264.89703234 274.91974004 284.94244773 294.96515543
 304.98786313 315.01057082 325.03327852 335.05598622 345.07869392
 355.10140161 365.12410931 375.14681701 385.1695247  395.1922324
 405.2149401  415.2376478  425.26035549 435.28306319 445.30577089
 455.32847858 465.35118628 475.37389398 485.39660168 495.41930937
 505.44201707 515.46472477 525.48743246 535.51014016 545.53284786
 555.55555556 565.57826325 575.60097095 585.62367865 595.64638634
 605.66909404 615.69180174 625.71450944 635.73721713 645.75992483
 655.78263253 665.80534022 675.82804792 685.85075562 695.87346332
 705.89617101 715.91887871 725.94158641 735.9642941  745.9870018
 756.0097095  766.0324172  776.05512489 786.07783259 796.10054029
 806.12324798 816.14595568 826.16866338 836.19137108 846.21407877
 856.23678647 866.25949417 876.28220186 886.30490956 896.32761726
 906.35032495 916.37303265 926.39574035 936.41844805 946.44115574
 956.46386344 966.48657114 976.50927883 986.53198653 996.55469423]
a_y_fitting=[0.52631579 1.02797555 1.48437611 1.89796432 2.27118707 2.60649121
 2.90632361 3.17313115 3.4093607  3.61745911 3.79987327 3.95905004
 4.09743629 4.21747888 4.32162469 4.41231188 4.49133005 4.55938324
 4.61707203 4.66499705 4.70375886 4.73395809 4.75619532 4.77107115
 4.77918618 4.78114101 4.77753624 4.76897246 4.75605026 4.73937026
 4.71953304 4.69713921 4.67278936 4.64708409 4.62062399 4.59400967
 4.56784172 4.54272074 4.51924733 4.49802042 4.47942108 4.46339804
 4.44984907 4.43867192 4.42976435 4.42302412 4.418349   4.41563674
 4.4147851  4.41569184 4.41825473 4.42237151 4.42793996 4.43485782
 4.44302287 4.45233285 4.46268554 4.47397868 4.48611004 4.49897738
 4.5124461  4.52605125 4.53913462 4.55103554 4.56109338 4.56864748
 4.57303718 4.57360184 4.5696808  4.56061342 4.54573904 4.52439701
 4.49592667 4.45966739 4.4149585  4.36113936 4.29754931 4.2235277
 4.13841388 4.0415472  3.93242886 3.8113413  3.6788024  3.53533004
 3.38144216 3.21765665 3.04449143 2.86246441 2.67209349 2.47389659
 2.26839161 2.05609647 1.83752907 1.61320733 1.38364916 1.14937246
 0.91089514 0.66873512 0.4234103  0.1754386 ]
d_x_fitting=[  2.58397933  12.62408756  22.66419579  32.70430402  42.74441225
  52.78452048  62.82462872  72.86473695  82.90484518  92.94495341
 102.98506164 113.02516987 123.0652781  133.10538634 143.14549457
 153.1856028  163.22571103 173.26581926 183.30592749 193.34603572
 203.38614395 213.42625219 223.46636042 233.50646865 243.54657688
 253.58668511 263.62679334 273.66690157 283.70700981 293.74711804
 303.78722627 313.8273345  323.86744273 333.90755096 343.94765919
 353.98776742 364.02787566 374.06798389 384.10809212 394.14820035
 404.18830858 414.22841681 424.26852504 434.30863328 444.34874151
 454.38884974 464.42895797 474.4690662  484.50917443 494.54928266
 504.58939089 514.62949913 524.66960736 534.70971559 544.74982382
 554.78993205 564.83004028 574.87014851 584.91025674 594.95036498
 604.99047321 615.03058144 625.07068967 635.1107979  645.15090613
 655.19101436 665.2311226  675.27123083 685.31133906 695.35144729
 705.39155552 715.43166375 725.47177198 735.51188021 745.55198845
 755.59209668 765.63220491 775.67231314 785.71242137 795.7525296
 805.79263783 815.83274607 825.8728543  835.91296253 845.95307076
 855.99317899 866.03328722 876.07339545 886.11350368 896.15361192
 906.19372015 916.23382838 926.27393661 936.31404484 946.35415307
 956.3942613  966.43436954 976.47447777 986.514586   996.55469423]
d_y_fitting=[0.40935673 0.92359215 1.419313   1.89415793 2.34576564 2.77177478
 3.16982405 3.5375521  3.87259762 4.17259929 4.43519577 4.65802574
 4.83872789 4.97601618 5.07435348 5.14011593 5.17968095 5.19942598
 5.20572843 5.20496574 5.20281859 5.20082483 5.19899717 5.19734597
 5.19588157 5.19461431 5.19355454 5.1927126  5.19209885 5.19172362
 5.19159726 5.19173012 5.19213255 5.19281488 5.19378747 5.19506066
 5.19664479 5.19855022 5.20078728 5.20336633 5.20629498 5.20952794
 5.21297192 5.21653187 5.22011276 5.22361954 5.22695717 5.23003061
 5.23274483 5.23500478 5.23671542 5.23778171 5.23810861 5.23760109
 5.23616409 5.23370259 5.23012153 5.22532589 5.21922061 5.21171067
 5.20270094 5.19208096 5.17970658 5.16542916 5.14910005 5.13057061
 5.10969219 5.08631616 5.06029387 5.03147667 4.99971593 4.964863
 4.92676924 4.88528601 4.84026465 4.79155654 4.73901303 4.68248547
 4.62182522 4.55688364 4.48750911 4.41303619 4.33170501 4.24161539
 4.14086713 4.02756005 3.89979397 3.75566869 3.59328402 3.41073978
 3.20613578 2.97757184 2.72314775 2.44096334 2.12911842 1.7857128
 1.40884628 0.99661869 0.54712984 0.05847953]