
p_x=[1.7226528854435832, 77.51937984496124, 199.82773471145566, 396.2101636520241, 596.0378983634797, 799.3109388458226, 997.4160206718346]
p_y=[0.0, 2.3529411764705888, 4.23529411764706, 4.117647058823529, 4.23529411764706, 3.0588235294117645, 0.47058823529411775]
a_x=[1.7226528854435832, 84.40999138673558, 199.82773471145566, 398.7941429801895, 597.7605512489233, 799.3109388458226, 996.5546942291128]
a_y=[0.4093567251461998, 2.514619883040936, 3.9181286549707606, 4.269005847953217, 4.970760233918129, 4.385964912280702, 0.4093567251461998]
d_x=[3.4453057708871664, 93.88458225667529, 198.96640826873386, 394.4875107665805, 597.7605512489233, 794.1429801894918, 995.693367786391]
d_y=[0.526315789473685, 2.7485380116959064, 3.9181286549707606, 4.035087719298246, 3.6842105263157894, 3.2163742690058488, 0.7602339181286553]
p_x_fitting=[  1.72265289  11.78016165  21.83767042  31.89517918  41.95268795
  52.01019671  62.06770548  72.12521424  82.18272301  92.24023178
 102.29774054 112.35524931 122.41275807 132.47026684 142.5277756
 152.58528437 162.64279313 172.7003019  182.75781066 192.81531943
 202.8728282  212.93033696 222.98784573 233.04535449 243.10286326
 253.16037202 263.21788079 273.27538955 283.33289832 293.39040709
 303.44791585 313.50542462 323.56293338 333.62044215 343.67795091
 353.73545968 363.79296844 373.85047721 383.90798598 393.96549474
 404.02300351 414.08051227 424.13802104 434.1955298  444.25303857
 454.31054733 464.3680561  474.42556486 484.48307363 494.5405824
 504.59809116 514.65559993 524.71310869 534.77061746 544.82812622
 554.88563499 564.94314375 575.00065252 585.05816129 595.11567005
 605.17317882 615.23068758 625.28819635 635.34570511 645.40321388
 655.46072264 665.51823141 675.57574018 685.63324894 695.69075771
 705.74826647 715.80577524 725.863284   735.92079277 745.97830153
 756.0358103  766.09331906 776.15082783 786.2083366  796.26584536
 806.32335413 816.38086289 826.43837166 836.49588042 846.55338919
 856.61089795 866.66840672 876.72591549 886.78342425 896.84093302
 906.89844178 916.95595055 927.01345931 937.07096808 947.12847684
 957.18598561 967.24349438 977.30100314 987.35851191 997.41602067]
p_y_fitting=[0.         0.36855405 0.71949722 1.05303084 1.36935624 1.66867475
 1.95118771 2.21709645 2.46660229 2.69990657 2.91721063 3.11871579
 3.30462338 3.47513474 3.6304512  3.77077409 3.89630474 4.00724449
 4.10379466 4.18615659 4.2545353  4.30941526 4.3517511  4.38254254
 4.40278932 4.41349116 4.41564778 4.41025893 4.39832431 4.38084367
 4.35881673 4.33324322 4.30512286 4.27545538 4.24524051 4.21547798
 4.18716752 4.16130885 4.13890171 4.12094581 4.10831969 4.1009363
 4.09824693 4.09969998 4.10474386 4.11282696 4.1233977  4.13590447
 4.14979568 4.16451974 4.17952505 4.19426001 4.20817303 4.22071252
 4.23132687 4.23946449 4.24457379 4.24610317 4.24350104 4.23621579
 4.22377481 4.20612192 4.18333776 4.15550302 4.12269842 4.08500464
 4.04250241 3.99527241 3.94339537 3.88695197 3.82602292 3.76068893
 3.6910307  3.61712894 3.53906434 3.45691762 3.37076948 3.28070061
 3.18679173 3.08912354 2.98777674 2.88283203 2.77437013 2.66247173
 2.54721754 2.42868825 2.30696459 2.18212724 2.05425692 1.92343433
 1.78974016 1.65325513 1.51405994 1.3722353  1.2278619  1.08102045
 0.93179165 0.78025622 0.62649484 0.47058824]
a_x_fitting=[  1.72265289  11.77146138  21.82026988  31.86907838  41.91788688
  51.96669538  62.01550388  72.06431237  82.11312087  92.16192937
 102.21073787 112.25954637 122.30835487 132.35716336 142.40597186
 152.45478036 162.50358886 172.55239736 182.60120586 192.65001436
 202.69882285 212.74763135 222.79643985 232.84524835 242.89405685
 252.94286535 262.99167384 273.04048234 283.08929084 293.13809934
 303.18690784 313.23571634 323.28452483 333.33333333 343.38214183
 353.43095033 363.47975883 373.52856733 383.57737583 393.62618432
 403.67499282 413.72380132 423.77260982 433.82141832 443.87022682
 453.91903531 463.96784381 474.01665231 484.06546081 494.11426931
 504.16307781 514.2118863  524.2606948  534.3095033  544.3583118
 554.4071203  564.4559288  574.5047373  584.55354579 594.60235429
 604.65116279 614.69997129 624.74877979 634.79758829 644.84639678
 654.89520528 664.94401378 674.99282228 685.04163078 695.09043928
 705.13924777 715.18805627 725.23686477 735.28567327 745.33448177
 755.38329027 765.43209877 775.48090726 785.52971576 795.57852426
 805.62733276 815.67614126 825.72494976 835.77375825 845.82256675
 855.87137525 865.92018375 875.96899225 886.01780075 896.06660924
 906.11541774 916.16422624 926.21303474 936.26184324 946.31065174
 956.35946024 966.40826873 976.45707723 986.50588573 996.55469423]
a_y_fitting=[0.40935673 0.72438908 1.02210899 1.30296791 1.56741731 1.81590863
 2.04889335 2.26682292 2.47014879 2.65932242 2.83479528 2.99701882
 3.1464445  3.28352378 3.40870812 3.52244897 3.62519779 3.71740605
 3.79952519 3.87200668 3.93530285 3.98994174 4.03658477 4.07590696
 4.10858331 4.13528885 4.15669857 4.17348749 4.18633062 4.19590298
 4.20287956 4.20793538 4.21174545 4.21498478 4.21832839 4.22245127
 4.22802845 4.23573493 4.24624572 4.26023584 4.27835942 4.30075674
 4.32703472 4.35677549 4.38956121 4.42497399 4.46259598 4.50200933
 4.54279616 4.58453862 4.62681884 4.66921897 4.71132113 4.75270748
 4.79296014 4.83166125 4.86839297 4.90273741 4.93427672 4.96259304
 4.98727756 5.00801969 5.02456907 5.03667624 5.04409169 5.04656594
 5.04384951 5.03569292 5.02184667 5.00206129 4.97608729 4.94367519
 4.90457549 4.85853872 4.80531538 4.74465601 4.6763111  4.60003118
 4.51556675 4.42266835 4.32108647 4.21057164 4.09087437 3.96174518
 3.82293457 3.67419308 3.5152712  3.34591946 3.16588837 2.97492845
 2.77279021 2.55922417 2.33398084 2.09681073 1.84746437 1.58569227
 1.31124494 1.02387289 0.72332665 0.40935673]
d_x_fitting=[  3.44530577  13.46801347  23.49072117  33.51342886  43.53613656
  53.55884426  63.58155195  73.60425965  83.62696735  93.64967505
 103.67238274 113.69509044 123.71779814 133.74050583 143.76321353
 153.78592123 163.80862892 173.83133662 183.85404432 193.87675202
 203.89945971 213.92216741 223.94487511 233.9675828  243.9902905
 254.0129982  264.0357059  274.05841359 284.08112129 294.10382899
 304.12653668 314.14924438 324.17195208 334.19465978 344.21736747
 354.24007517 364.26278287 374.28549056 384.30819826 394.33090596
 404.35361366 414.37632135 424.39902905 434.42173675 444.44444444
 454.46715214 464.48985984 474.51256754 484.53527523 494.55798293
 504.58069063 514.60339832 524.62610602 534.64881372 544.67152142
 554.69422911 564.71693681 574.73964451 584.7623522  594.7850599
 604.8077676  614.8304753  624.85318299 634.87589069 644.89859839
 654.92130608 664.94401378 674.96672148 684.98942918 695.01213687
 705.03484457 715.05755227 725.08025996 735.10296766 745.12567536
 755.14838306 765.17109075 775.19379845 785.21650615 795.23921384
 805.26192154 815.28462924 825.30733694 835.33004463 845.35275233
 855.37546003 865.39816772 875.42087542 885.44358312 895.46629082
 905.48899851 915.51170621 925.53441391 935.5571216  945.5798293
 955.602537   965.6252447  975.64795239 985.67066009 995.69336779]
d_y_fitting=[0.52631579 0.84210031 1.13922335 1.41825479 1.67976452 1.92432241
 2.15249835 2.36486221 2.56198387 2.74443322 2.91278013 3.06759448
 3.20944616 3.33890505 3.45654102 3.56292395 3.65862373 3.74421024
 3.82025335 3.88732294 3.9459859  3.99673745 4.03999967 4.07619135
 4.1057313  4.1290383  4.14653114 4.15862862 4.16574954 4.16831267
 4.16673682 4.16144078 4.15284334 4.14136329 4.12741942 4.11143054
 4.09381542 4.07499287 4.05538167 4.03540063 4.01540695 3.99549981
 3.97571075 3.9560713  3.93661302 3.91736743 3.89836608 3.87964052
 3.86122229 3.84314292 3.82543396 3.80812696 3.79125345 3.77484497
 3.75893307 3.74354929 3.72872517 3.71449226 3.70088209 3.6879262
 3.67563777 3.66384234 3.65225569 3.64059222 3.62856634 3.61589244
 3.60228492 3.58745819 3.57112665 3.5530047  3.53280674 3.51024717
 3.48504039 3.4569008  3.42554281 3.39068081 3.35202921 3.3093024
 3.2622148  3.21048079 3.15381478 3.09193117 3.02454436 2.95136876
 2.87211876 2.78650877 2.69425318 2.59506639 2.48866282 2.37475686
 2.2530629  2.12329536 1.98516862 1.8383971  1.6826952  1.51777731
 1.34335783 1.15915118 0.96487174 0.76023392]