
p_x=[2.5839793281653747, 198.10508182601205, 391.04220499569334, 590.0086132644273, 789.8363479758829, 994.8320413436692]
p_y=[0.23529411764705976, 3.0588235294117645, 4.23529411764706, 4.0, 2.9411764705882346, 0.117647058823529]
a_x=[4.3066322136089585, 197.24375538329025, 391.04220499569334, 596.0378983634797, 795.8656330749354, 995.693367786391]
a_y=[0.29239766081871466, 3.6842105263157894, 4.385964912280702, 4.619883040935672, 3.450292397660819, 0.4093567251461998]
d_x=[3.4453057708871664, 195.52110249784667, 397.9328165374677, 593.4539190353145, 798.4496124031008, 997.4160206718346]
d_y=[0.6432748538011701, 3.333333333333334, 3.450292397660819, 2.8654970760233924, 2.6315789473684212, 0.1754385964912295]
p_x_fitting=[  2.58397933  12.60668703  22.62939472  32.65210242  42.67481012
  52.69751781  62.72022551  72.74293321  82.76564091  92.7883486
 102.8110563  112.833764   122.85647169 132.87917939 142.90188709
 152.92459479 162.94730248 172.97001018 182.99271788 193.01542557
 203.03813327 213.06084097 223.08354866 233.10625636 243.12896406
 253.15167176 263.17437945 273.19708715 283.21979485 293.24250254
 303.26521024 313.28791794 323.31062564 333.33333333 343.35604103
 353.37874873 363.40145642 373.42416412 383.44687182 393.46957952
 403.49228721 413.51499491 423.53770261 433.5604103  443.583118
 453.6058257  463.6285334  473.65124109 483.67394879 493.69665649
 503.71936418 513.74207188 523.76477958 533.78748728 543.81019497
 553.83290267 563.85561037 573.87831806 583.90102576 593.92373346
 603.94644116 613.96914885 623.99185655 634.01456425 644.03727194
 654.05997964 664.08268734 674.10539504 684.12810273 694.15081043
 704.17351813 714.19622582 724.21893352 734.24164122 744.26434892
 754.28705661 764.30976431 774.33247201 784.3551797  794.3778874
 804.4005951  814.4233028  824.44601049 834.46871819 844.49142589
 854.51413358 864.53684128 874.55954898 884.58225668 894.60496437
 904.62767207 914.65037977 924.67308746 934.69579516 944.71850286
 954.74121056 964.76391825 974.78662595 984.80933365 994.83204134]
p_y_fitting=[0.23529412 0.42015459 0.60066986 0.77684154 0.94867127 1.11616068
 1.27931141 1.43812508 1.59260333 1.74274778 1.88856007 2.03004184
 2.1671947  2.3000203  2.42852027 2.55269623 2.67254982 2.78808266
 2.8992964  3.00619267 3.10877308 3.20703928 3.3009929  3.39063557
 3.47596891 3.55699457 3.63371417 3.70612935 3.77424173 3.83805295
 3.89756464 3.95277843 4.00369595 4.05031883 4.09264871 4.13068722
 4.16443598 4.19389663 4.21907081 4.23996052 4.25661864 4.26919894
 4.27786706 4.28278867 4.28412943 4.282055   4.27673104 4.26832321
 4.25699717 4.24291858 4.2262531  4.20716639 4.18582411 4.16239192
 4.13703548 4.10992045 4.0812125  4.05107727 4.01968043 3.98718441
 3.95361875 3.91883604 3.88267659 3.84498074 3.80558881 3.76434112
 3.72107799 3.67563975 3.62786671 3.57759921 3.52467756 3.46894208
 3.41023311 3.34839095 3.28325595 3.2146684  3.14246866 3.06649702
 2.98659382 2.90259938 2.81435402 2.72169806 2.62447184 2.52251566
 2.41566986 2.30377475 2.18667066 2.06419791 1.93619682 1.80250773
 1.66297094 1.51742679 1.36571559 1.20767767 1.04315335 0.87198295
 0.6940068  0.50906522 0.31699853 0.11764706]
a_x_fitting=[  4.30663221  14.32063964  24.33464707  34.3486545   44.36266193
  54.37666936  64.39067679  74.40468422  84.41869165  94.43269908
 104.44670651 114.46071394 124.47472137 134.4887288  144.50273623
 154.51674366 164.53075109 174.54475852 184.55876595 194.57277338
 204.58678081 214.60078824 224.61479567 234.6288031  244.64281053
 254.65681796 264.67082539 274.68483282 284.69884025 294.71284768
 304.72685511 314.74086254 324.75486997 334.7688774  344.78288483
 354.79689226 364.81089969 374.82490712 384.83891455 394.85292198
 404.86692941 414.88093684 424.89494427 434.9089517  444.92295913
 454.93696656 464.95097399 474.96498142 484.97898885 494.99299628
 505.00700372 515.02101115 525.03501858 535.04902601 545.06303344
 555.07704087 565.0910483  575.10505573 585.11906316 595.13307059
 605.14707802 615.16108545 625.17509288 635.18910031 645.20310774
 655.21711517 665.2311226  675.24513003 685.25913746 695.27314489
 705.28715232 715.30115975 725.31516718 735.32917461 745.34318204
 755.35718947 765.3711969  775.38520433 785.39921176 795.41321919
 805.42722662 815.44123405 825.45524148 835.46924891 845.48325634
 855.49726377 865.5112712  875.52527863 885.53928606 895.55329349
 905.56730092 915.58130835 925.59531578 935.60932321 945.62333064
 955.63733807 965.6513455  975.66535293 985.67936036 995.69336779]
a_y_fitting=[0.29239766 0.58335254 0.85927407 1.12058829 1.36772122 1.60109888
 1.8211473  2.02829251 2.22296053 2.40557739 2.57656911 2.73636172
 2.88538124 3.0240537  3.15280512 3.27206153 3.38224895 3.48379342
 3.57712095 3.66265757 3.74082931 3.81206219 3.87678223 3.93541547
 3.98838793 4.03612563 4.0790546  4.11760086 4.15219044 4.18324937
 4.21120366 4.23647935 4.25950247 4.28069903 4.30049506 4.31931659
 4.33758964 4.35574024 4.37419441 4.3933719  4.41341758 4.43410051
 4.45516262 4.47634585 4.49739214 4.51804342 4.53804163 4.55712871
 4.57504661 4.59153725 4.60634259 4.61920455 4.62986507 4.63806609
 4.64354956 4.64605741 4.64533157 4.641114   4.63314661 4.62117137
 4.60495998 4.58444068 4.55959286 4.53039597 4.49682944 4.45887271
 4.41650522 4.3697064  4.31845569 4.26273253 4.20251636 4.13778661
 4.06852272 3.99470413 3.91631027 3.83332058 3.74571451 3.65347148
 3.55657093 3.45499231 3.34871504 3.23771857 3.12198233 3.00148577
 2.87620831 2.7461294  2.61122847 2.47148495 2.3268783  2.17738794
 2.02299331 1.86367385 1.699409   1.53017819 1.35596086 1.17673645
 0.99248439 0.80318413 0.60881509 0.40935673]
d_x_fitting=[  3.44530577  13.485414    23.52552223  33.56563046  43.6057387
  53.64584693  63.68595516  73.72606339  83.76617162  93.80627985
 103.84638808 113.88649632 123.92660455 133.96671278 144.00682101
 154.04692924 164.08703747 174.1271457  184.16725393 194.20736217
 204.2474704  214.28757863 224.32768686 234.36779509 244.40790332
 254.44801155 264.48811979 274.52822802 284.56833625 294.60844448
 304.64855271 314.68866094 324.72876917 334.7688774  344.80898564
 354.84909387 364.8892021  374.92931033 384.96941856 395.00952679
 405.04963502 415.08974326 425.12985149 435.16995972 445.21006795
 455.25017618 465.29028441 475.33039264 485.37050087 495.41060911
 505.45071734 515.49082557 525.5309338  535.57104203 545.61115026
 555.65125849 565.69136672 575.73147496 585.77158319 595.81169142
 605.85179965 615.89190788 625.93201611 635.97212434 646.01223258
 656.05234081 666.09244904 676.13255727 686.1726655  696.21277373
 706.25288196 716.29299019 726.33309843 736.37320666 746.41331489
 756.45342312 766.49353135 776.53363958 786.57374781 796.61385605
 806.65396428 816.69407251 826.73418074 836.77428897 846.8143972
 856.85450543 866.89461366 876.9347219  886.97483013 897.01493836
 907.05504659 917.09515482 927.13526305 937.17537128 947.21547952
 957.25558775 967.29569598 977.33580421 987.37591244 997.41602067]
d_y_fitting=[0.64327485 0.8759499  1.09699648 1.3066726  1.50523626 1.69294545
 1.87005817 2.03683241 2.19352618 2.34039747 2.47770428 2.60570461
 2.72465645 2.83481781 2.93644667 3.02980104 3.11513891 3.19271828
 3.26279716 3.32563352 3.38148539 3.43061074 3.47326758 3.50971391
 3.54020772 3.56500701 3.58436977 3.59855402 3.60781773 3.61241892
 3.61261557 3.60866569 3.60082727 3.58935831 3.57451681 3.55656076
 3.53574817 3.51233702 3.48658532 3.45875107 3.42909226 3.39786698
 3.36533334 3.33174946 3.29737345 3.26246344 3.22727754 3.19207386
 3.15711054 3.12264567 3.08893738 3.05624379 3.02482301 2.99493317
 2.96683237 2.94077874 2.9170304  2.89584545 2.87748202 2.86219673
 2.85003353 2.84060581 2.83347491 2.82820217 2.82434894 2.82147657
 2.81914641 2.81691979 2.81435807 2.8110226  2.80647471 2.80027575
 2.79198708 2.78117004 2.76738597 2.75019622 2.72916213 2.70384506
 2.67380635 2.63860735 2.59780939 2.55097383 2.49766202 2.4374353
 2.36985501 2.29448251 2.21087914 2.11860624 2.01722516 1.90629725
 1.78538386 1.65404633 1.511846   1.35834423 1.19310235 1.01568173
 0.82564369 0.62254959 0.40596078 0.1754386 ]