
p_x=[0.8613264427217916, 194.6597760551249, 405.68475452196384, 592.5925925925926, 803.6175710594315, 994.8320413436692]
p_y=[0.23529411764705976, 2.9411764705882346, 3.647058823529412, 3.5294117647058822, 2.8235294117647056, 0.47058823529411775]
a_x=[3.4453057708871664, 92.16192937123171, 254.9526270456503, 485.78811369509043, 664.944013781223, 815.6761412575366, 995.693367786391]
a_y=[0.4093567251461998, 3.6842105263157894, 4.152046783625732, 4.152046783625732, 3.5672514619883042, 2.8654970760233924, 0.29239766081871466]
d_x=[2.5839793281653747, 101.63652024117141, 209.30232558139537, 400.5167958656331, 565.8914728682171, 719.2075796726959, 856.1584840654608, 996.5546942291128]
d_y=[0.4093567251461998, 3.5672514619883042, 3.8011695906432754, 4.035087719298246, 3.2163742690058488, 3.450292397660819, 2.7485380116959064, 0.4093567251461998]
p_x_fitting=[8.61326443e-01 1.09014347e+01 2.09415429e+01 3.09816511e+01
 4.10217594e+01 5.10618676e+01 6.11019758e+01 7.11420841e+01
 8.11821923e+01 9.12223005e+01 1.01262409e+02 1.11302517e+02
 1.21342625e+02 1.31382733e+02 1.41422842e+02 1.51462950e+02
 1.61503058e+02 1.71543166e+02 1.81583275e+02 1.91623383e+02
 2.01663491e+02 2.11703599e+02 2.21743708e+02 2.31783816e+02
 2.41823924e+02 2.51864032e+02 2.61904140e+02 2.71944249e+02
 2.81984357e+02 2.92024465e+02 3.02064573e+02 3.12104682e+02
 3.22144790e+02 3.32184898e+02 3.42225006e+02 3.52265115e+02
 3.62305223e+02 3.72345331e+02 3.82385439e+02 3.92425547e+02
 4.02465656e+02 4.12505764e+02 4.22545872e+02 4.32585980e+02
 4.42626089e+02 4.52666197e+02 4.62706305e+02 4.72746413e+02
 4.82786522e+02 4.92826630e+02 5.02866738e+02 5.12906846e+02
 5.22946954e+02 5.32987063e+02 5.43027171e+02 5.53067279e+02
 5.63107387e+02 5.73147496e+02 5.83187604e+02 5.93227712e+02
 6.03267820e+02 6.13307929e+02 6.23348037e+02 6.33388145e+02
 6.43428253e+02 6.53468361e+02 6.63508470e+02 6.73548578e+02
 6.83588686e+02 6.93628794e+02 7.03668903e+02 7.13709011e+02
 7.23749119e+02 7.33789227e+02 7.43829336e+02 7.53869444e+02
 7.63909552e+02 7.73949660e+02 7.83989768e+02 7.94029877e+02
 8.04069985e+02 8.14110093e+02 8.24150201e+02 8.34190310e+02
 8.44230418e+02 8.54270526e+02 8.64310634e+02 8.74350743e+02
 8.84390851e+02 8.94430959e+02 9.04471067e+02 9.14511175e+02
 9.24551284e+02 9.34591392e+02 9.44631500e+02 9.54671608e+02
 9.64711717e+02 9.74751825e+02 9.84791933e+02 9.94832041e+02]
p_y_fitting=[0.23529412 0.44623412 0.6483666  0.84187806 1.02695499 1.20378387
 1.37255122 1.53344351 1.68664725 1.83234892 1.97073502 2.10199204
 2.22630648 2.34386483 2.45485358 2.55945923 2.65786827 2.75026719
 2.83684248 2.91778065 2.99326818 3.06349156 3.1286373  3.18889187
 3.24444179 3.29547353 3.3421736  3.38472848 3.42332468 3.45814867
 3.48938697 3.51722605 3.54185242 3.56345257 3.58221298 3.59832016
 3.6119606  3.62332079 3.63258722 3.63994638 3.64558478 3.64968192
 3.65233967 3.65361154 3.65355028 3.65220864 3.64963937 3.64589524
 3.64102899 3.63509337 3.62814115 3.62022508 3.61139791 3.6017124
 3.59122129 3.57997735 3.56803333 3.55544198 3.54225607 3.52852832
 3.51426161 3.4992937  3.48342818 3.46646867 3.44821878 3.42848211
 3.40706229 3.38376292 3.35838762 3.33073998 3.30062363 3.26784217
 3.23219922 3.19349839 3.15154328 3.10613751 3.05708468 3.00418842
 2.94725233 2.88608001 2.82047509 2.75024117 2.67518186 2.59510078
 2.50980153 2.41908772 2.32276298 2.22063089 2.11249509 1.99815917
 1.87742676 1.75010145 1.61598686 1.47488661 1.3266043  1.17094353
 1.00770794 0.83670111 0.65772668 0.47058824]
a_x_fitting=[  3.44530577  13.46801347  23.49072117  33.51342886  43.53613656
  53.55884426  63.58155195  73.60425965  83.62696735  93.64967505
 103.67238274 113.69509044 123.71779814 133.74050583 143.76321353
 153.78592123 163.80862892 173.83133662 183.85404432 193.87675202
 203.89945971 213.92216741 223.94487511 233.9675828  243.9902905
 254.0129982  264.0357059  274.05841359 284.08112129 294.10382899
 304.12653668 314.14924438 324.17195208 334.19465978 344.21736747
 354.24007517 364.26278287 374.28549056 384.30819826 394.33090596
 404.35361366 414.37632135 424.39902905 434.42173675 444.44444444
 454.46715214 464.48985984 474.51256754 484.53527523 494.55798293
 504.58069063 514.60339832 524.62610602 534.64881372 544.67152142
 554.69422911 564.71693681 574.73964451 584.7623522  594.7850599
 604.8077676  614.8304753  624.85318299 634.87589069 644.89859839
 654.92130608 664.94401378 674.96672148 684.98942918 695.01213687
 705.03484457 715.05755227 725.08025996 735.10296766 745.12567536
 755.14838306 765.17109075 775.19379845 785.21650615 795.23921384
 805.26192154 815.28462924 825.30733694 835.33004463 845.35275233
 855.37546003 865.39816772 875.42087542 885.44358312 895.46629082
 905.48899851 915.51170621 925.53441391 935.5571216  945.5798293
 955.602537   965.6252447  975.64795239 985.67066009 995.69336779]
a_y_fitting=[0.40935673 0.96182689 1.46232379 1.91324986 2.31700757 2.67599936
 2.9926277  3.26929504 3.50840383 3.71235654 3.88355561 4.02440349
 4.13730265 4.22465554 4.28886462 4.33233233 4.35746114 4.3666535
 4.36231187 4.34683869 4.32263643 4.29210753 4.25765447 4.22167968
 4.18658562 4.15477476 4.12829646 4.10732636 4.09142098 4.08013642
 4.0730288  4.06965423 4.06956882 4.07232868 4.07748993 4.08460868
 4.09324103 4.1029431  4.11327101 4.12378086 4.13402876 4.14357083
 4.15196319 4.15876193 4.16352318 4.16580304 4.16515764 4.16114307
 4.15331545 4.14131451 4.12526831 4.10548163 4.08225952 4.05590702
 4.02672915 3.99503098 3.96111752 3.92529383 3.88786494 3.8491359
 3.80941173 3.76899749 3.7281982  3.68731892 3.64666467 3.60654051
 3.56725146 3.52897893 3.49140975 3.45410711 3.4166342  3.37855421
 3.33943034 3.29882577 3.2563037  3.21142731 3.16375981 3.11286437
 3.0583042  2.99964248 2.9364424  2.86826716 2.79467995 2.71524395
 2.62952236 2.53707838 2.43747518 2.33027597 2.21504393 2.09134225
 1.95873413 1.81678276 1.66505133 1.50310303 1.33050105 1.14680858
 0.95158882 0.74440495 0.52482017 0.29239766]
d_x_fitting=[  2.58397933  12.62408756  22.66419579  32.70430402  42.74441225
  52.78452048  62.82462872  72.86473695  82.90484518  92.94495341
 102.98506164 113.02516987 123.0652781  133.10538634 143.14549457
 153.1856028  163.22571103 173.26581926 183.30592749 193.34603572
 203.38614395 213.42625219 223.46636042 233.50646865 243.54657688
 253.58668511 263.62679334 273.66690157 283.70700981 293.74711804
 303.78722627 313.8273345  323.86744273 333.90755096 343.94765919
 353.98776742 364.02787566 374.06798389 384.10809212 394.14820035
 404.18830858 414.22841681 424.26852504 434.30863328 444.34874151
 454.38884974 464.42895797 474.4690662  484.50917443 494.54928266
 504.58939089 514.62949913 524.66960736 534.70971559 544.74982382
 554.78993205 564.83004028 574.87014851 584.91025674 594.95036498
 604.99047321 615.03058144 625.07068967 635.1107979  645.15090613
 655.19101436 665.2311226  675.27123083 685.31133906 695.35144729
 705.39155552 715.43166375 725.47177198 735.51188021 745.55198845
 755.59209668 765.63220491 775.67231314 785.71242137 795.7525296
 805.79263783 815.83274607 825.8728543  835.91296253 845.95307076
 855.99317899 866.03328722 876.07339545 886.11350368 896.15361192
 906.19372015 916.23382838 926.27393661 936.31404484 946.35415307
 956.3942613  966.43436954 976.47447777 986.514586   996.55469423]
d_y_fitting=[0.40935673 0.95914251 1.44793894 1.87924436 2.25655709 2.58337545
 2.86319778 3.0995224  3.29584765 3.45567185 3.58249333 3.67981043
 3.75112146 3.79992476 3.82971866 3.84400148 3.84627156 3.84002722
 3.82876679 3.8159886  3.80519098 3.79982141 3.80147021 3.80938247
 3.82265308 3.84037696 3.86164901 3.88556414 3.91121725 3.93770326
 3.96411706 3.98955358 4.0131077  4.03387435 4.05094843 4.06342485
 4.07039851 4.07096432 4.06421718 4.04925201 4.0251811  3.99195252
 3.95070303 3.90266009 3.84905117 3.79110374 3.73004526 3.6671032
 3.60350501 3.54047818 3.47925016 3.42104842 3.36710042 3.31863363
 3.27687552 3.24305355 3.21839518 3.20383912 3.19873462 3.20188703
 3.21210119 3.22818197 3.24893421 3.27316279 3.29967254 3.32726833
 3.35475502 3.38093746 3.4046205  3.42460901 3.43970784 3.44872184
 3.45050232 3.44453372 3.4307581  3.4091277  3.37959474 3.34211144
 3.29663004 3.24310277 3.18148186 3.11171953 3.03376802 2.94757954
 2.85310634 2.75030065 2.63911468 2.51950067 2.39141085 2.25479744
 2.10961269 1.9558088  1.79333802 1.62215258 1.44220469 1.2534466
 1.05583053 0.84930871 0.63383336 0.40935673]