
p_x=[0.0, 84.40999138673558, 184.32385874246341, 386.73557278208443, 503.01464254952634, 598.6218776916451, 700.2583979328165, 806.2015503875969, 997.4160206718346]
p_y=[0.117647058823529, 2.9411764705882346, 4.352941176470589, 4.705882352941177, 3.88235294117647, 4.705882352941177, 5.294117647058823, 4.117647058823529, 0.23529411764705976]
a_x=[1.7226528854435832, 99.91386735572783, 218.77691645133507, 395.3488372093023, 499.5693367786391, 599.4832041343669, 805.3402239448751, 906.9767441860464, 1000.0]
a_y=[0.1754385964912295, 3.450292397660819, 5.43859649122807, 5.43859649122807, 4.619883040935672, 5.2046783625731, 5.2046783625731, 3.0994152046783627, 0.4093567251461998]
d_x=[0.8613264427217916, 94.74590869939708, 198.96640826873386, 397.9328165374677, 496.1240310077519, 597.7605512489233, 800.1722652885444, 898.3634797588286, 995.693367786391]
d_y=[0.1754385964912295, 3.2163742690058488, 4.736842105263158, 4.853801169590644, 4.385964912280702, 4.853801169590644, 5.321637426900585, 4.152046783625732, 0.1754385964912295]
p_x_fitting=[  0.          10.0749093   20.1498186   30.2247279   40.2996372
  50.3745465   60.4494558   70.5243651   80.5992744   90.6741837
 100.749093   110.8240023  120.8989116  130.9738209  141.0487302
 151.1236395  161.1985488  171.2734581  181.34836739 191.42327669
 201.49818599 211.57309529 221.64800459 231.72291389 241.79782319
 251.87273249 261.94764179 272.02255109 282.09746039 292.17236969
 302.24727899 312.32218829 322.39709759 332.47200689 342.54691619
 352.62182549 362.69673479 372.77164409 382.84655339 392.92146269
 402.99637199 413.07128129 423.14619059 433.22109989 443.29600919
 453.37091849 463.44582779 473.52073709 483.59564639 493.67055569
 503.74546499 513.82037429 523.89528359 533.97019288 544.04510218
 554.12001148 564.19492078 574.26983008 584.34473938 594.41964868
 604.49455798 614.56946728 624.64437658 634.71928588 644.79419518
 654.86910448 664.94401378 675.01892308 685.09383238 695.16874168
 705.24365098 715.31856028 725.39346958 735.46837888 745.54328818
 755.61819748 765.69310678 775.76801608 785.84292538 795.91783468
 805.99274398 816.06765328 826.14256258 836.21747188 846.29238118
 856.36729048 866.44219978 876.51710908 886.59201837 896.66692767
 906.74183697 916.81674627 926.89165557 936.96656487 947.04147417
 957.11638347 967.19129277 977.26620207 987.34111137 997.41602067]
p_y_fitting=[0.11764706 0.57030307 0.98789696 1.37217543 1.72488515 2.04777279
 2.34258502 2.61106854 2.85497001 3.07603611 3.27601352 3.45664891
 3.61968897 3.76688036 3.89996978 4.02070388 4.13082935 4.23209288
 4.32624112 4.41489867 4.49844991 4.57655677 4.64887216 4.71504901
 4.77474026 4.82759881 4.8732776  4.91142955 4.94170758 4.96376463
 4.97725361 4.98182745 4.97713907 4.96284141 4.93858737 4.9040299
 4.85882191 4.80261632 4.73506607 4.65596739 4.56714634 4.47193503
 4.37370118 4.27581251 4.18163673 4.09454157 4.01789473 3.95506394
 3.90941691 3.88432136 3.88314457 3.90785794 3.95593618 4.02395027
 4.10847119 4.20606992 4.31331745 4.42678476 4.54304282 4.65866263
 4.77027751 4.87551997 4.972827   5.06065847 5.13747423 5.20173412
 5.25189801 5.28642573 5.30377715 5.30241211 5.2808439  5.23884516
 5.177465   5.09780941 5.00098438 4.88809589 4.76024993 4.61855248
 4.46410952 4.29802705 4.12141103 3.93536747 3.74100233 3.53942162
 3.3317313  3.11903737 2.90244581 2.68306261 2.46199374 2.2403452
 2.01922296 1.79973302 1.58298135 1.37007394 1.16211678 0.96021585
 0.76547714 0.57900662 0.40191028 0.23529412]
a_x_fitting=[   1.72265289   11.80626245   21.88987202   31.97348159   42.05709115
   52.14070072   62.22431029   72.30791985   82.39152942   92.47513899
  102.55874855  112.64235812  122.72596769  132.80957725  142.89318682
  152.97679639  163.06040595  173.14401552  183.22762509  193.31123465
  203.39484422  213.47845379  223.56206336  233.64567292  243.72928249
  253.81289206  263.89650162  273.98011119  284.06372076  294.14733032
  304.23093989  314.31454946  324.39815902  334.48176859  344.56537816
  354.64898772  364.73259729  374.81620686  384.89981642  394.98342599
  405.06703556  415.15064512  425.23425469  435.31786426  445.40147383
  455.48508339  465.56869296  475.65230253  485.73591209  495.81952166
  505.90313123  515.98674079  526.07035036  536.15395993  546.23756949
  556.32117906  566.40478863  576.48839819  586.57200776  596.65561733
  606.73922689  616.82283646  626.90644603  636.99005559  647.07366516
  657.15727473  667.2408843   677.32449386  687.40810343  697.491713
  707.57532256  717.65893213  727.7425417   737.82615126  747.90976083
  757.9933704   768.07697996  778.16058953  788.2441991   798.32780866
  808.41141823  818.4950278   828.57863736  838.66224693  848.7458565
  858.82946606  868.91307563  878.9966852   889.08029477  899.16390433
  909.2475139   919.33112347  929.41473303  939.4983426   949.58195217
  959.66556173  969.7491713   979.83278087  989.91639043 1000.        ]
a_y_fitting=[0.1754386  0.59136598 0.98806989 1.36593758 1.7253563  2.0667133
 2.39039583 2.69679115 2.98628652 3.25926917 3.51612637 3.75724537
 3.98301342 4.19381778 4.39004569 4.57208441 4.7403212  4.8951433
 5.03693797 5.16609245 5.28299402 5.38802991 5.48158238 5.56390386
 5.63510801 5.69530171 5.74459185 5.78308531 5.81088897 5.82810972
 5.83485445 5.83123004 5.81734336 5.79330132 5.75921078 5.71517865
 5.66131179 5.59771709 5.52450145 5.44177173 5.350098   5.25211586
 5.15103654 5.0500713  4.95243138 4.86132804 4.77997254 4.71157611
 4.65935002 4.62650551 4.61600669 4.62750204 4.65827029 4.70553884
 4.7665351  4.83848649 4.91862043 5.00416432 5.09234559 5.18039163
 5.26565869 5.34674553 5.42294614 5.49356212 5.55789506 5.61524657
 5.66491823 5.70621167 5.73842846 5.76087022 5.77283854 5.77363502
 5.76256126 5.73891885 5.70200941 5.65113453 5.5855958  5.50469483
 5.40773321 5.29401255 5.16284225 5.01411302 4.84868894 4.66752687
 4.47158365 4.26181613 4.03918117 3.80463562 3.55913633 3.30364014
 3.03910392 2.76648452 2.48673878 2.20082355 1.90969569 1.61431206
 1.31562949 1.01460484 0.71219497 0.40935673]
d_x_fitting=[8.61326443e-01 1.09101349e+01 2.09589434e+01 3.10077519e+01
 4.10565604e+01 5.11053689e+01 6.11541774e+01 7.12029859e+01
 8.12517944e+01 9.13006029e+01 1.01349411e+02 1.11398220e+02
 1.21447028e+02 1.31495837e+02 1.41544645e+02 1.51593454e+02
 1.61642262e+02 1.71691071e+02 1.81739879e+02 1.91788688e+02
 2.01837496e+02 2.11886305e+02 2.21935113e+02 2.31983922e+02
 2.42032730e+02 2.52081539e+02 2.62130347e+02 2.72179156e+02
 2.82227964e+02 2.92276773e+02 3.02325581e+02 3.12374390e+02
 3.22423198e+02 3.32472007e+02 3.42520815e+02 3.52569624e+02
 3.62618432e+02 3.72667241e+02 3.82716049e+02 3.92764858e+02
 4.02813666e+02 4.12862475e+02 4.22911283e+02 4.32960092e+02
 4.43008900e+02 4.53057709e+02 4.63106517e+02 4.73155326e+02
 4.83204134e+02 4.93252943e+02 5.03301751e+02 5.13350560e+02
 5.23399368e+02 5.33448177e+02 5.43496985e+02 5.53545794e+02
 5.63594602e+02 5.73643411e+02 5.83692219e+02 5.93741028e+02
 6.03789836e+02 6.13838645e+02 6.23887453e+02 6.33936262e+02
 6.43985070e+02 6.54033879e+02 6.64082687e+02 6.74131496e+02
 6.84180304e+02 6.94229113e+02 7.04277921e+02 7.14326730e+02
 7.24375538e+02 7.34424347e+02 7.44473155e+02 7.54521964e+02
 7.64570772e+02 7.74619581e+02 7.84668389e+02 7.94717198e+02
 8.04766006e+02 8.14814815e+02 8.24863623e+02 8.34912432e+02
 8.44961240e+02 8.55010049e+02 8.65058857e+02 8.75107666e+02
 8.85156474e+02 8.95205283e+02 9.05254091e+02 9.15302900e+02
 9.25351708e+02 9.35400517e+02 9.45449325e+02 9.55498134e+02
 9.65546942e+02 9.75595751e+02 9.85644559e+02 9.95693368e+02]
d_y_fitting=[0.1754386  0.59991594 0.99847052 1.37199753 1.72139217 2.04754964
 2.35136514 2.63373386 2.895551   3.13771176 3.36111135 3.56664495
 3.75520776 3.92769499 4.08500183 4.22802348 4.35765515 4.47479201
 4.58032929 4.67516217 4.76018318 4.83605262 4.90302161 4.96129963
 5.01109613 5.0526206  5.08608251 5.11169133 5.12965652 5.14018757
 5.14349394 5.13978511 5.12927054 5.11215971 5.0886621  5.05898716
 5.02334437 4.98194322 4.93499315 4.88270366 4.8253212  4.76400304
 4.70085181 4.63801408 4.5776364  4.52186533 4.47284742 4.43272922
 4.40365731 4.38777823 4.38700013 4.4008891  4.4276819  4.46560001
 4.51286492 4.56769813 4.62832114 4.69295543 4.75982249 4.82714383
 4.89319294 4.95702169 5.01828111 5.07663764 5.13175773 5.18330781
 5.23095434 5.27436375 5.31320248 5.34713699 5.3758337  5.39895908
 5.41617955 5.42716157 5.43157157 5.429076   5.41934131 5.40203393
 5.3768203  5.34336688 5.30131086 5.24945935 5.1856911  5.10783591
 5.01372357 4.90118387 4.76804661 4.61214156 4.43129854 4.22334732
 3.9861177  3.71743946 3.41514241 3.07705633 2.70101102 2.28483626
 1.82636185 1.32341757 0.77383322 0.1754386 ]