
p_x=[1.7226528854435832, 37.89836347975883, 123.1696813092162, 220.49956933677865, 397.0714900947459, 597.7605512489233, 803.6175710594315, 996.5546942291128]
p_y=[0.35294117647058876, 3.764705882352941, 5.0588235294117645, 4.352941176470589, 4.470588235294118, 4.705882352941177, 4.117647058823529, 0.23529411764705976]
a_x=[0.8613264427217916, 43.06632213608958, 129.19896640826872, 216.19293712316966, 402.2394487510766, 596.8992248062015, 800.1722652885444, 997.4160206718346]
a_y=[-0.058479532163742576, 2.9824561403508776, 4.736842105263158, 4.619883040935672, 3.9181286549707606, 4.152046783625732, 4.035087719298246, 0.29239766081871466]
d_x=[1.7226528854435832, 65.46080964685616, 218.77691645133507, 397.9328165374677, 597.7605512489233, 797.588285960379, 996.5546942291128]
d_y=[0.526315789473685, 4.736842105263158, 6.140350877192983, 5.43859649122807, 5.2046783625731, 4.619883040935672, 0.526315789473685]
p_x_fitting=[  1.72265289  11.77146138  21.82026988  31.86907838  41.91788688
  51.96669538  62.01550388  72.06431237  82.11312087  92.16192937
 102.21073787 112.25954637 122.30835487 132.35716336 142.40597186
 152.45478036 162.50358886 172.55239736 182.60120586 192.65001436
 202.69882285 212.74763135 222.79643985 232.84524835 242.89405685
 252.94286535 262.99167384 273.04048234 283.08929084 293.13809934
 303.18690784 313.23571634 323.28452483 333.33333333 343.38214183
 353.43095033 363.47975883 373.52856733 383.57737583 393.62618432
 403.67499282 413.72380132 423.77260982 433.82141832 443.87022682
 453.91903531 463.96784381 474.01665231 484.06546081 494.11426931
 504.16307781 514.2118863  524.2606948  534.3095033  544.3583118
 554.4071203  564.4559288  574.5047373  584.55354579 594.60235429
 604.65116279 614.69997129 624.74877979 634.79758829 644.84639678
 654.89520528 664.94401378 674.99282228 685.04163078 695.09043928
 705.13924777 715.18805627 725.23686477 735.28567327 745.33448177
 755.38329027 765.43209877 775.48090726 785.52971576 795.57852426
 805.62733276 815.67614126 825.72494976 835.77375825 845.82256675
 855.87137525 865.92018375 875.96899225 886.01780075 896.06660924
 906.11541774 916.16422624 926.21303474 936.26184324 946.31065174
 956.35946024 966.40826873 976.45707723 986.50588573 996.55469423]
p_y_fitting=[0.35294118 1.56260979 2.5606835  3.36608132 3.99772224 4.47452528
 4.81540944 5.03929373 5.16509716 5.21173872 5.19813743 5.14321228
 5.0658823  4.98280818 4.8989559  4.81551723 4.73368206 4.65464031
 4.57958188 4.50969667 4.44617458 4.39020552 4.34297572 4.30511721
 4.27612012 4.25533374 4.24210736 4.23579027 4.23573178 4.24128116
 4.25178772 4.26660075 4.28506954 4.30654338 4.33037157 4.35590341
 4.38248817 4.40947517 4.43621369 4.46205302 4.4863767  4.50898053
 4.52993309 4.54930784 4.56717822 4.5836177  4.59869972 4.61249774
 4.62508522 4.6365356  4.64692235 4.6563189  4.66479873 4.67243528
 4.679302   4.68547235 4.69101978 4.69601775 4.70053972 4.70465912
 4.70842287 4.71158959 4.71374118 4.71445699 4.71331633 4.70989857
 4.70378303 4.69454905 4.68177598 4.66504316 4.64392991 4.61801559
 4.58687953 4.55010107 4.50725955 4.45793431 4.40170468 4.33815002
 4.26684965 4.18738291 4.09932915 4.00226771 3.89577792 3.77943912
 3.65283065 3.51553185 3.36712207 3.20718063 3.03528688 2.85102016
 2.65395981 2.44368516 2.21977556 1.98181034 1.72936885 1.46203042
 1.17937439 0.88098011 0.5664269  0.23529412]
a_x_fitting=[8.61326443e-01 1.09275355e+01 2.09937445e+01 3.10599535e+01
 4.11261626e+01 5.11923716e+01 6.12585806e+01 7.13247897e+01
 8.13909987e+01 9.14572077e+01 1.01523417e+02 1.11589626e+02
 1.21655835e+02 1.31722044e+02 1.41788253e+02 1.51854462e+02
 1.61920671e+02 1.71986880e+02 1.82053089e+02 1.92119298e+02
 2.02185507e+02 2.12251716e+02 2.22317925e+02 2.32384134e+02
 2.42450343e+02 2.52516552e+02 2.62582761e+02 2.72648970e+02
 2.82715179e+02 2.92781388e+02 3.02847597e+02 3.12913806e+02
 3.22980015e+02 3.33046225e+02 3.43112434e+02 3.53178643e+02
 3.63244852e+02 3.73311061e+02 3.83377270e+02 3.93443479e+02
 4.03509688e+02 4.13575897e+02 4.23642106e+02 4.33708315e+02
 4.43774524e+02 4.53840733e+02 4.63906942e+02 4.73973151e+02
 4.84039360e+02 4.94105569e+02 5.04171778e+02 5.14237987e+02
 5.24304196e+02 5.34370405e+02 5.44436614e+02 5.54502823e+02
 5.64569032e+02 5.74635241e+02 5.84701450e+02 5.94767659e+02
 6.04833868e+02 6.14900077e+02 6.24966286e+02 6.35032495e+02
 6.45098705e+02 6.55164914e+02 6.65231123e+02 6.75297332e+02
 6.85363541e+02 6.95429750e+02 7.05495959e+02 7.15562168e+02
 7.25628377e+02 7.35694586e+02 7.45760795e+02 7.55827004e+02
 7.65893213e+02 7.75959422e+02 7.86025631e+02 7.96091840e+02
 8.06158049e+02 8.16224258e+02 8.26290467e+02 8.36356676e+02
 8.46422885e+02 8.56489094e+02 8.66555303e+02 8.76621512e+02
 8.86687721e+02 8.96753930e+02 9.06820139e+02 9.16886348e+02
 9.26952557e+02 9.37018766e+02 9.47084976e+02 9.57151185e+02
 9.67217394e+02 9.77283603e+02 9.87349812e+02 9.97416021e+02]
a_y_fitting=[-0.05847953  0.85673149  1.64599701  2.31885641  2.88484907  3.35351439
  3.73439175  4.03702054  4.27094015  4.44568996  4.57080937  4.65583775
  4.71031451  4.74375758  4.7631074   4.77030737  4.76672802  4.75373986
  4.73271343  4.70501923  4.6720278   4.63510966  4.59559706  4.55426859
  4.51148599  4.4676008   4.42296459  4.37792891  4.33284531  4.28806534
  4.24394055  4.2008225   4.15906274  4.11901281  4.08102429  4.04544871
  4.01263762  3.98294259  3.95671517  3.9343069   3.91606914  3.90221459
  3.89257417  3.88691367  3.88499889  3.8865956   3.8914696   3.89938668
  3.91011262  3.92341321  3.93905424  3.9568015   3.97642078  3.99767786
  4.02033854  4.0441686   4.06893383  4.09440003  4.12033297  4.14649844
  4.17264357  4.19837204  4.22322115  4.24672782  4.26842897  4.28786154
  4.30456244  4.31806859  4.32791694  4.33364438  4.33478786  4.3308843
  4.32147062  4.30608374  4.28426059  4.2555381   4.21945318  4.17554277
  4.12334378  4.06239314  3.99222778  3.91238462  3.82240058  3.72181259
  3.61015758  3.48697246  3.35179416  3.20415961  3.04360573  2.86966944
  2.68188768  2.47979735  2.2629354   2.03083874  1.78304429  1.51908899
  1.23850975  0.94084349  0.62562716  0.29239766]
d_x_fitting=[  1.72265289  11.77146138  21.82026988  31.86907838  41.91788688
  51.96669538  62.01550388  72.06431237  82.11312087  92.16192937
 102.21073787 112.25954637 122.30835487 132.35716336 142.40597186
 152.45478036 162.50358886 172.55239736 182.60120586 192.65001436
 202.69882285 212.74763135 222.79643985 232.84524835 242.89405685
 252.94286535 262.99167384 273.04048234 283.08929084 293.13809934
 303.18690784 313.23571634 323.28452483 333.33333333 343.38214183
 353.43095033 363.47975883 373.52856733 383.57737583 393.62618432
 403.67499282 413.72380132 423.77260982 433.82141832 443.87022682
 453.91903531 463.96784381 474.01665231 484.06546081 494.11426931
 504.16307781 514.2118863  524.2606948  534.3095033  544.3583118
 554.4071203  564.4559288  574.5047373  584.55354579 594.60235429
 604.65116279 614.69997129 624.74877979 634.79758829 644.84639678
 654.89520528 664.94401378 674.99282228 685.04163078 695.09043928
 705.13924777 715.18805627 725.23686477 735.28567327 745.33448177
 755.38329027 765.43209877 775.48090726 785.52971576 795.57852426
 805.62733276 815.67614126 825.72494976 835.77375825 845.82256675
 855.87137525 865.92018375 875.96899225 886.01780075 896.06660924
 906.11541774 916.16422624 926.21303474 936.26184324 946.31065174
 956.35946024 966.40826873 976.45707723 986.50588573 996.55469423]
d_y_fitting=[0.52631579 1.41521677 2.21326341 2.92501497 3.55503071 4.10786988
 4.58809175 5.00025558 5.34892062 5.63864613 5.87399138 6.05951563
 6.19977812 6.29933813 6.36275491 6.39458772 6.39939583 6.38173848
 6.34617495 6.29726448 6.23956634 6.17763979 6.11599441 6.05720855
 6.00135183 5.9483262  5.89803361 5.85037602 5.80525537 5.76257362
 5.72223273 5.68413464 5.6481813  5.61427468 5.58231672 5.55220938
 5.5238546  5.49715434 5.47201056 5.4483252  5.42600211 5.40497688
 5.38521143 5.36666849 5.3493108  5.33310107 5.31800203 5.30397641
 5.29098695 5.27899635 5.26796736 5.2578627  5.24864509 5.24027726
 5.23272194 5.22594186 5.21989974 5.21455831 5.2098803  5.20582843
 5.20234168 5.19910126 5.19563031 5.19144968 5.18608026 5.1790429
 5.16985846 5.15804781 5.14313181 5.12463132 5.10206722 5.07496036
 5.0428316  5.00520182 4.96159187 4.91152262 4.85451493 4.79008967
 4.71776769 4.63706987 4.54751707 4.44863014 4.33992996 4.22093739
 4.09117329 3.95015853 3.79741397 3.63246047 3.45481889 3.26401011
 3.05955498 2.84097437 2.60778914 2.35952016 2.09568828 1.81581438
 1.51941932 1.20602396 0.87514916 0.52631579]