
p_x=[2.5839793281653747, 17.226528854435834, 54.263565891472865, 111.1111111111111, 197.24375538329025, 371.2316968130921, 543.4969853574505, 695.9517657192076, 811.3695090439277, 905.254091300603, 997.4160206718346]
p_y=[0.23529411764705976, 2.3529411764705888, 3.647058823529412, 3.764705882352941, 4.352941176470589, 4.352941176470589, 3.4117647058823533, 3.764705882352941, 4.23529411764706, 3.5294117647058822, 0.35294117647058876]
a_x=[3.4453057708871664, 23.25581395348837, 53.402239448751075, 86.99397071490095, 192.9371231696813, 320.4134366925064, 494.40137812230836, 647.7174849267873, 802.7562446167096, 903.5314384151594, 995.693367786391]
a_y=[0.4093567251461998, 2.9824561403508776, 4.152046783625732, 4.269005847953217, 3.9181286549707606, 6.140350877192983, 5.087719298245615, 4.853801169590644, 5.906432748538012, 4.970760233918129, 0.526315789473685]
d_x=[2.5839793281653747, 34.45305770887167, 95.60723514211885, 198.96640826873386, 417.7433247200689, 599.4832041343669, 798.4496124031008, 897.5021533161068, 997.4160206718346]
d_y=[0.6432748538011701, 2.8654970760233924, 3.9181286549707606, 4.619883040935672, 6.023391812865498, 6.023391812865498, 5.43859649122807, 4.152046783625732, 0.6432748538011701]
p_x_fitting=[  2.58397933  12.63278783  22.68159633  32.73040482  42.77921332
  52.82802182  62.87683032  72.92563882  82.97444732  93.02325581
 103.07206431 113.12087281 123.16968131 133.21848981 143.26729831
 153.3161068  163.3649153  173.4137238  183.4625323  193.5113408
 203.5601493  213.6089578  223.65776629 233.70657479 243.75538329
 253.80419179 263.85300029 273.90180879 283.95061728 293.99942578
 304.04823428 314.09704278 324.14585128 334.19465978 344.24346827
 354.29227677 364.34108527 374.38989377 384.43870227 394.48751077
 404.53631927 414.58512776 424.63393626 434.68274476 444.73155326
 454.78036176 464.82917026 474.87797875 484.92678725 494.97559575
 505.02440425 515.07321275 525.12202125 535.17082974 545.21963824
 555.26844674 565.31725524 575.36606374 585.41487224 595.46368073
 605.51248923 615.56129773 625.61010623 635.65891473 645.70772323
 655.75653173 665.80534022 675.85414872 685.90295722 695.95176572
 706.00057422 716.04938272 726.09819121 736.14699971 746.19580821
 756.24461671 766.29342521 776.34223371 786.3910422  796.4398507
 806.4886592  816.5374677  826.5862762  836.6350847  846.6838932
 856.73270169 866.78151019 876.83031869 886.87912719 896.92793569
 906.97674419 917.02555268 927.07436118 937.12316968 947.17197818
 957.22078668 967.26959518 977.31840367 987.36721217 997.41602067]
p_y_fitting=[0.23529412 1.83204032 2.82723074 3.36497714 3.58939128 3.64458492
 3.65988049 3.67333111 3.68820761 3.70771234 3.73504764 3.77340814
 3.82434906 3.88576787 3.95506717 4.02964953 4.10691753 4.18427375
 4.25912077 4.32886116 4.39101477 4.4446718  4.49004355 4.52736553
 4.55687322 4.57880214 4.59338777 4.60086561 4.60147117 4.59543994
 4.58300742 4.56440911 4.5398805  4.50965709 4.47397439 4.43306789
 4.38717308 4.33652806 4.2815493  4.22294432 4.16144743 4.09779295
 4.03271519 3.96694845 3.90122706 3.83628533 3.77285756 3.71167808
 3.6534812  3.59900122 3.54897247 3.50412926 3.46520589 3.43293669
 3.40805501 3.390996   3.38147356 3.3790947  3.38346647 3.39419587
 3.41088994 3.43315571 3.46060019 3.49283042 3.52945342 3.57007622
 3.61430584 3.6617493  3.71201364 3.76470588 3.8193129  3.87484101
 3.93017637 3.98420514 4.03581349 4.08388757 4.12731357 4.16497762
 4.19576591 4.21856458 4.23225981 4.23571786 4.22737659 4.2052611
 4.16737977 4.11174095 4.036353   3.93922427 3.81836313 3.67177792
 3.49747701 3.29346876 3.05776152 2.78836364 2.4832835  2.14052944
 1.75810981 1.33403299 0.86630733 0.35294118]
a_x_fitting=[  3.44530577  13.46801347  23.49072117  33.51342886  43.53613656
  53.55884426  63.58155195  73.60425965  83.62696735  93.64967505
 103.67238274 113.69509044 123.71779814 133.74050583 143.76321353
 153.78592123 163.80862892 173.83133662 183.85404432 193.87675202
 203.89945971 213.92216741 223.94487511 233.9675828  243.9902905
 254.0129982  264.0357059  274.05841359 284.08112129 294.10382899
 304.12653668 314.14924438 324.17195208 334.19465978 344.21736747
 354.24007517 364.26278287 374.28549056 384.30819826 394.33090596
 404.35361366 414.37632135 424.39902905 434.42173675 444.44444444
 454.46715214 464.48985984 474.51256754 484.53527523 494.55798293
 504.58069063 514.60339832 524.62610602 534.64881372 544.67152142
 554.69422911 564.71693681 574.73964451 584.7623522  594.7850599
 604.8077676  614.8304753  624.85318299 634.87589069 644.89859839
 654.92130608 664.94401378 674.96672148 684.98942918 695.01213687
 705.03484457 715.05755227 725.08025996 735.10296766 745.12567536
 755.14838306 765.17109075 775.19379845 785.21650615 795.23921384
 805.26192154 815.28462924 825.30733694 835.33004463 845.35275233
 855.37546003 865.39816772 875.42087542 885.44358312 895.46629082
 905.48899851 915.51170621 925.53441391 935.5571216  945.5798293
 955.602537   965.6252447  975.64795239 985.67066009 995.69336779]
a_y_fitting=[0.40935673 1.96333631 3.00174593 3.63762205 3.98400116 4.15391964
 4.24289461 4.27957402 4.27665424 4.24650878 4.19772264 4.13641958
 4.06868154 4.00059048 3.93822833 3.88767706 3.85501862 3.84633495
 3.867708   3.92521807 4.02230067 4.15438761 4.31540245 4.49926873
 4.69991003 4.9112499  5.1272119  5.34171959 5.54869652 5.74206626
 5.91575236 6.06367838 6.17984522 6.2617566  6.31177669 6.33262769
 6.32703179 6.29771117 6.24738803 6.17878455 6.09462292 5.99762534
 5.890514   5.77601107 5.65683876 5.53571926 5.41537475 5.29852741
 5.18789946 5.08621306 4.99568071 4.91656941 4.8486821  4.79182169
 4.74579109 4.71039324 4.68543105 4.67070744 4.66602533 4.67118765
 4.68599731 4.71025723 4.74377034 4.78633956 4.8377678  4.89778214
 4.96537589 5.0391309  5.11762448 5.19943394 5.28313658 5.3673097
 5.45053062 5.53137663 5.60842505 5.68025319 5.74543834 5.80255781
 5.85018891 5.88690895 5.91129169 5.92148348 5.91480051 5.88846358
 5.8396935  5.76571109 5.66373715 5.5309925  5.36469794 5.16207429
 4.92034235 4.63672294 4.30843686 3.93270493 3.50674796 3.02778675
 2.49304212 1.89973488 1.24508583 0.52631579]
d_x_fitting=[  2.58397933  12.63278783  22.68159633  32.73040482  42.77921332
  52.82802182  62.87683032  72.92563882  82.97444732  93.02325581
 103.07206431 113.12087281 123.16968131 133.21848981 143.26729831
 153.3161068  163.3649153  173.4137238  183.4625323  193.5113408
 203.5601493  213.6089578  223.65776629 233.70657479 243.75538329
 253.80419179 263.85300029 273.90180879 283.95061728 293.99942578
 304.04823428 314.09704278 324.14585128 334.19465978 344.24346827
 354.29227677 364.34108527 374.38989377 384.43870227 394.48751077
 404.53631927 414.58512776 424.63393626 434.68274476 444.73155326
 454.78036176 464.82917026 474.87797875 484.92678725 494.97559575
 505.02440425 515.07321275 525.12202125 535.17082974 545.21963824
 555.26844674 565.31725524 575.36606374 585.41487224 595.46368073
 605.51248923 615.56129773 625.61010623 635.65891473 645.70772323
 655.75653173 665.80534022 675.85414872 685.90295722 695.95176572
 706.00057422 716.04938272 726.09819121 736.14699971 746.19580821
 756.24461671 766.29342521 776.34223371 786.3910422  796.4398507
 806.4886592  816.5374677  826.5862762  836.6350847  846.6838932
 856.73270169 866.78151019 876.83031869 886.87912719 896.92793569
 906.97674419 917.02555268 927.07436118 937.12316968 947.17197818
 957.22078668 967.26959518 977.31840367 987.36721217 997.41602067]
d_y_fitting=[0.64327485 1.53795703 2.24480015 2.78729325 3.18892534 3.47318545
 3.66356261 3.78354583 3.85662416 3.9062866  3.95437941 4.0081047
 4.06697524 4.13043565 4.19793058 4.26890464 4.34280248 4.41906871
 4.49714797 4.57648489 4.65652891 4.7368662  4.81723581 4.89738485
 4.97706045 5.05600972 5.13397978 5.21071776 5.28597076 5.35948591
 5.43101033 5.50029113 5.56707543 5.63111036 5.69214303 5.74992055
 5.80419006 5.85469866 5.90119347 5.94342162 5.98113022 6.01406639
 6.04200788 6.06506498 6.08355188 6.09778568 6.10808352 6.11476252
 6.11813979 6.11853247 6.11625766 6.11163251 6.10497412 6.09659962
 6.08682613 6.07597078 6.06435068 6.05228297 6.04008475 6.02807316
 6.01654057 6.00540909 5.9943158  5.98289045 5.97076278 5.95756255
 5.9429195  5.92646338 5.90782393 5.8866309  5.86251405 5.83510311
 5.80402784 5.76891798 5.72940328 5.68511349 5.63567835 5.58072762
 5.51989103 5.45279834 5.37897484 5.29717379 5.20580245 5.10326642
 4.98797132 4.85832276 4.71272637 4.54958776 4.36731254 4.16430632
 3.93897473 3.68972337 3.41495787 3.11308383 2.78250687 2.42163261
 2.02886667 1.60261465 1.14128217 0.64327485]