
p_x=[2.5839793281653747, 62.87683031869079, 188.63049095607235, 392.76485788113695, 592.5925925925926, 720.9302325581394, 799.3109388458226, 869.9397071490095, 995.693367786391]
p_y=[0.0, 3.1764705882352935, 5.176470588235294, 5.529411764705882, 5.176470588235294, 5.529411764705882, 5.294117647058823, 4.352941176470589, 0.23529411764705976]
a_x=[6.029285099052541, 39.621016365202415, 97.32988802756245, 192.0757967269595, 265.2885443583118, 394.4875107665805, 595.176571920758, 708.8716623600344, 802.7562446167096, 856.1584840654608, 906.1154177433248, 959.5176571920758, 992.2480620155038]
a_y=[-0.058479532163742576, 4.385964912280702, 6.257309941520468, 4.853801169590644, 4.970760233918129, 6.257309941520468, 5.672514619883041, 6.140350877192983, 6.140350877192983, 6.023391812865498, 5.555555555555555, 3.0994152046783627, 0.29239766081871466]
d_x=[6.029285099052541, 75.79672695951766, 180.87855297157623, 327.3040482342808, 450.473729543497, 598.6218776916451, 717.4849267872524, 841.5159345391904, 930.2325581395348, 994.8320413436692]
d_y=[0.1754385964912295, 3.8011695906432754, 4.853801169590644, 4.152046783625732, 4.853801169590644, 5.672514619883041, 6.257309941520468, 6.140350877192983, 3.8011695906432754, 0.1754385964912295]
p_x_fitting=[  2.58397933  12.61538729  22.64679526  32.67820322  42.70961119
  52.74101915  62.77242711  72.80383508  82.83524304  92.86665101
 102.89805897 112.92946693 122.9608749  132.99228286 143.02369083
 153.05509879 163.08650676 173.11791472 183.14932268 193.18073065
 203.21213861 213.24354658 223.27495454 233.30636251 243.33777047
 253.36917843 263.4005864  273.43199436 283.46340233 293.49481029
 303.52621825 313.55762622 323.58903418 333.62044215 343.65185011
 353.68325808 363.71466604 373.746074   383.77748197 393.80888993
 403.8402979  413.87170586 423.90311383 433.93452179 443.96592975
 453.99733772 464.02874568 474.06015365 484.09156161 494.12296958
 504.15437754 514.1857855  524.21719347 534.24860143 544.2800094
 554.31141736 564.34282532 574.37423329 584.40564125 594.43704922
 604.46845718 614.49986515 624.53127311 634.56268107 644.59408904
 654.625497   664.65690497 674.68831293 684.7197209  694.75112886
 704.78253682 714.81394479 724.84535275 734.87676072 744.90816868
 754.93957665 764.97098461 775.00239257 785.03380054 795.0652085
 805.09661647 815.12802443 825.15943239 835.19084036 845.22224832
 855.25365629 865.28506425 875.31647222 885.34788018 895.37928814
 905.41069611 915.44210407 925.47351204 935.50492    945.53632797
 955.56773593 965.59914389 975.63055186 985.66195982 995.69336779]
p_y_fitting=[0.         0.68047519 1.29551257 1.84868188 2.34355284 2.78369517
 3.17267861 3.51407286 3.81144767 4.06837276 4.28841785 4.47515266
 4.63214693 4.76297037 4.87119272 4.9603837  5.03411304 5.09595045
 5.14946567 5.19817231 5.24396162 5.28689364 5.3269303  5.36403355
 5.39816532 5.42928756 5.4573622  5.48235118 5.50421645 5.52291993
 5.53842357 5.55068932 5.5596791  5.56535486 5.56767854 5.56661207
 5.5621174  5.55415646 5.5426912  5.52768365 5.5092204  5.48775366
 5.46380242 5.43788567 5.41052239 5.38223156 5.35353217 5.32494322
 5.29698367 5.27017253 5.24502877 5.22207138 5.20181935 5.18479166
 5.1715073  5.16248526 5.15824451 5.15930405 5.16618285 5.17939821
 5.19901672 5.22405284 5.25337116 5.28583624 5.32031265 5.35566496
 5.39075775 5.42445557 5.45562301 5.48312464 5.50582502 5.52258872
 5.53228313 5.53389113 5.52654959 5.50940604 5.48160804 5.44230312
 5.39063883 5.32576271 5.24682984 5.15311895 5.04400999 4.91888587
 4.77712949 4.61812378 4.44125164 4.24589599 4.03143973 3.79726579
 3.54275707 3.26729648 2.97026694 2.65105136 2.30903266 1.94359373
 1.5541175  1.13998688 0.70058478 0.23529412]
a_x_fitting=[  6.0292851   15.99109093  25.95289675  35.91470258  45.87650841
  55.83831424  65.80012006  75.76192589  85.72373172  95.68553755
 105.64734337 115.6091492  125.57095503 135.53276086 145.49456668
 155.45637251 165.41817834 175.37998417 185.34178999 195.30359582
 205.26540165 215.22720748 225.1890133  235.15081913 245.11262496
 255.07443079 265.03623661 274.99804244 284.95984827 294.92165409
 304.88345992 314.84526575 324.80707158 334.7688774  344.73068323
 354.69248906 364.65429489 374.61610071 384.57790654 394.53971237
 404.5015182  414.46332402 424.42512985 434.38693568 444.34874151
 454.31054733 464.27235316 474.23415899 484.19596482 494.15777064
 504.11957647 514.0813823  524.04318813 534.00499395 543.96679978
 553.92860561 563.89041144 573.85221726 583.81402309 593.77582892
 603.73763475 613.69944057 623.6612464  633.62305223 643.58485806
 653.54666388 663.50846971 673.47027554 683.43208136 693.39388719
 703.35569302 713.31749885 723.27930467 733.2411105  743.20291633
 753.16472216 763.12652798 773.08833381 783.05013964 793.01194547
 802.97375129 812.93555712 822.89736295 832.85916878 842.8209746
 852.78278043 862.74458626 872.70639209 882.66819791 892.63000374
 902.59180957 912.5536154  922.51542122 932.47722705 942.43903288
 952.40083871 962.36264453 972.32445036 982.28625619 992.24806202]
a_y_fitting=[-0.05847953  1.61881681  2.97877473  4.05291697  4.87276627  5.4698454
  5.87567709  6.1217841   6.23968917  6.26091506  6.21498482  6.11819438
  5.98146828  5.8157156   5.63184541  5.44076681  5.25338888  5.0806207
  4.93337136  4.82246207  4.75307037  4.72140539  4.72287841  4.75290073
  4.80688361  4.88023834  4.96837619  5.06708405  5.17376974  5.28627834
  5.4024549   5.52014451  5.63719222  5.7514431   5.86074223  5.96293466
  6.05586548  6.13737973  6.2053225   6.25753884  6.29250709  6.31119909
  6.31520033  6.30609631  6.28547254  6.25491452  6.21600774  6.1703377
  6.1194899   6.06504984  6.00860303  5.95173495  5.89603111  5.84307701
  5.79445815  5.75176003  5.71656814  5.69046799  5.67504507  5.67188489
  5.68218708  5.70478655  5.73762282  5.77863372  5.82575709  5.87693076
  5.93009256  5.98318032  6.03413188  6.08088506  6.12137771  6.15359106
  6.17681011  6.19181993  6.19948845  6.20068363  6.19627344  6.18712581
  6.1741087   6.15809007  6.13993787  6.12038528  6.09966056  6.07787376
  6.05513492  6.03155407  6.00646215  5.96994858  5.90605186  5.79870559
  5.63184336  5.39002166  5.06560094  4.65625735  4.15976914  3.57391456
  2.89647187  2.12521932  1.25793517  0.29239766]
d_x_fitting=[  6.0292851   16.01719173  26.00509836  35.99300499  45.98091161
  55.96881824  65.95672487  75.9446315   85.93253813  95.92044476
 105.90835139 115.89625802 125.88416464 135.87207127 145.8599779
 155.84788453 165.83579116 175.82369779 185.81160442 195.79951104
 205.78741767 215.7753243  225.76323093 235.75113756 245.73904419
 255.72695082 265.71485745 275.70276407 285.6906707  295.67857733
 305.66648396 315.65439059 325.64229722 335.63020385 345.61811048
 355.6060171  365.59392373 375.58183036 385.56973699 395.55764362
 405.54555025 415.53345688 425.52136351 435.50927013 445.49717676
 455.48508339 465.47299002 475.46089665 485.44880328 495.43670991
 505.42461654 515.41252316 525.40042979 535.38833642 545.37624305
 555.36414968 565.35205631 575.33996294 585.32786957 595.31577619
 605.30368282 615.29158945 625.27949608 635.26740271 645.25530934
 655.24321597 665.2311226  675.21902922 685.20693585 695.19484248
 705.18274911 715.17065574 725.15856237 735.146469   745.13437563
 755.12228225 765.11018888 775.09809551 785.08600214 795.07390877
 805.0618154  815.04972203 825.03762866 835.02553528 845.01344191
 855.00134854 864.98925517 874.9771618  884.96506843 894.95297506
 904.94088169 914.92878831 924.91669494 934.90460157 944.8925082
 954.88041483 964.86832146 974.85622809 984.84413471 994.83204134]
d_y_fitting=[0.1754386  0.90240815 1.55337781 2.13227429 2.64302428 3.08955447
 3.47579155 3.80566222 4.08309318 4.31201112 4.49634273 4.64001471
 4.74695375 4.82108655 4.8663398  4.8866402  4.88591444 4.86808921
 4.837049   4.79567899 4.74584907 4.68938369 4.62810732 4.5638444
 4.49841941 4.4336568  4.37138102 4.31341655 4.26158783 4.21771933
 4.18363551 4.16116082 4.15211973 4.15800857 4.17814429 4.21095553
 4.2548683  4.30830863 4.36970254 4.43747605 4.51005518 4.58586594
 4.66333437 4.74088648 4.81694829 4.88998508 4.95935778 5.02531888
 5.08815934 5.14817009 5.2056421  5.2608663  5.31413365 5.36573509
 5.41596157 5.46510404 5.51345345 5.56130074 5.60893687 5.65665278
 5.70472145 5.75320877 5.8020478  5.85116947 5.90050467 5.94998432
 5.99953932 6.04910058 6.09859901 6.14796552 6.19713102 6.2460264
 6.29442351 6.34079093 6.38295927 6.41875472 6.4460035  6.46253184
 6.46616595 6.45473204 6.42605633 6.37796503 6.30828437 6.21484055
 6.09546527 5.94828223 5.77184788 5.56475365 5.325591   5.05295137
 4.7454262  4.40160693 4.02008501 3.59945188 3.13829899 2.63521777
 2.08879968 1.49763616 0.86031865 0.1754386 ]