
p_x=[2.5839793281653747, 44.78897502153316, 98.19121447028424, 219.63824289405684, 395.3488372093023, 590.869939707149, 794.1429801894918, 899.2248062015505, 994.8320413436692]
p_y=[0.23529411764705976, 2.8235294117647056, 4.0, 4.117647058823529, 4.23529411764706, 3.2941176470588243, 4.23529411764706, 3.5294117647058822, 0.47058823529411775]
a_x=[1.7226528854435832, 115.41774332472008, 176.57192075796726, 231.69681309216193, 294.57364341085275, 409.130060292851, 587.4246339362619, 760.551248923342, 837.2093023255815, 923.3419465977606, 993.9707149009474]
a_y=[-0.058479532163742576, 4.269005847953217, 6.023391812865498, 6.491228070175438, 5.7894736842105265, 4.035087719298246, 6.374269005847953, 3.6842105263157894, 4.619883040935672, 3.6842105263157894, 0.29239766081871466]
d_x=[1.7226528854435832, 48.23428079242033, 105.94315245478036, 255.8139534883721, 357.4504737295435, 459.9483204134367, 511.6279069767442, 583.9793281653747, 666.6666666666666, 834.625322997416, 924.2032730404824, 993.9707149009474]
d_y=[0.526315789473685, 2.6315789473684212, 3.6842105263157894, 3.8011695906432754, 4.035087719298246, 2.514619883040936, 4.035087719298246, 4.619883040935672, 4.970760233918129, 4.736842105263158, 3.9181286549707606, 0.7602339181286553]
p_x_fitting=[  2.58397933  12.60668703  22.62939472  32.65210242  42.67481012
  52.69751781  62.72022551  72.74293321  82.76564091  92.7883486
 102.8110563  112.833764   122.85647169 132.87917939 142.90188709
 152.92459479 162.94730248 172.97001018 182.99271788 193.01542557
 203.03813327 213.06084097 223.08354866 233.10625636 243.12896406
 253.15167176 263.17437945 273.19708715 283.21979485 293.24250254
 303.26521024 313.28791794 323.31062564 333.33333333 343.35604103
 353.37874873 363.40145642 373.42416412 383.44687182 393.46957952
 403.49228721 413.51499491 423.53770261 433.5604103  443.583118
 453.6058257  463.6285334  473.65124109 483.67394879 493.69665649
 503.71936418 513.74207188 523.76477958 533.78748728 543.81019497
 553.83290267 563.85561037 573.87831806 583.90102576 593.92373346
 603.94644116 613.96914885 623.99185655 634.01456425 644.03727194
 654.05997964 664.08268734 674.10539504 684.12810273 694.15081043
 704.17351813 714.19622582 724.21893352 734.24164122 744.26434892
 754.28705661 764.30976431 774.33247201 784.3551797  794.3778874
 804.4005951  814.4233028  824.44601049 834.46871819 844.49142589
 854.51413358 864.53684128 874.55954898 884.58225668 894.60496437
 904.62767207 914.65037977 924.67308746 934.69579516 944.71850286
 954.74121056 964.76391825 974.78662595 984.80933365 994.83204134]
p_y_fitting=[0.23529412 1.03492276 1.7108783  2.27463011 2.73764753 3.11139993
 3.40735665 3.63698706 3.8117605  3.94314634 4.04247185 4.11710889
 4.17004942 4.20405811 4.22189965 4.22633872 4.22014002 4.20606821
 4.186888   4.16536405 4.14426107 4.12634373 4.11435133 4.10960842
 4.11130675 4.11846148 4.13008772 4.14520064 4.16281536 4.18194702
 4.20161077 4.22082175 4.2385951  4.25394595 4.26588944 4.27344073
 4.27561494 4.27142721 4.25989269 4.24002652 4.21103132 4.17344103
 4.12836571 4.0769177  4.02020937 3.95935307 3.89546114 3.82964594
 3.76301983 3.69669515 3.63178427 3.56939953 3.51065329 3.45665789
 3.40852571 3.36736908 3.33430036 3.3104319  3.29687606 3.29473462
 3.3043216  3.32463249 3.35453714 3.3929054  3.43860713 3.49051216
 3.54749036 3.60841156 3.67214563 3.7375624  3.80353174 3.86892349
 3.9326075  3.99345362 4.0503317  4.1021116  4.14766315 4.18585621
 4.21556064 4.23564627 4.24492871 4.24202121 4.2254899  4.1939009
 4.14582034 4.07981434 3.99444902 3.88829051 3.75990493 3.6078584
 3.43071705 3.227047   2.99541437 2.73438529 2.44252589 2.11840227
 1.76058058 1.36762692 0.93810744 0.47058824]
a_x_fitting=[  1.72265289  11.74536058  21.76806828  31.79077598  41.81348367
  51.83619137  61.85889907  71.88160677  81.90431446  91.92702216
 101.94972986 111.97243755 121.99514525 132.01785295 142.04056065
 152.06326834 162.08597604 172.10868374 182.13139143 192.15409913
 202.17680683 212.19951453 222.22222222 232.24492992 242.26763762
 252.29034531 262.31305301 272.33576071 282.3584684  292.3811761
 302.4038838  312.4265915  322.44929919 332.47200689 342.49471459
 352.51742228 362.54012998 372.56283768 382.58554538 392.60825307
 402.63096077 412.65366847 422.67637616 432.69908386 442.72179156
 452.74449926 462.76720695 472.78991465 482.81262235 492.83533004
 502.85803774 512.88074544 522.90345314 532.92616083 542.94886853
 552.97157623 562.99428392 573.01699162 583.03969932 593.06240702
 603.08511471 613.10782241 623.13053011 633.1532378  643.1759455
 653.1986532  663.2213609  673.24406859 683.26677629 693.28948399
 703.31219168 713.33489938 723.35760708 733.38031478 743.40302247
 753.42573017 763.44843787 773.47114556 783.49385326 793.51656096
 803.53926866 813.56197635 823.58468405 833.60739175 843.63009944
 853.65280714 863.67551484 873.69822254 883.72093023 893.74363793
 903.76634563 913.78905332 923.81176102 933.83446872 943.85717642
 953.87988411 963.90259181 973.92529951 983.9480072  993.9707149 ]
a_y_fitting=[-0.05847953  0.27622345  0.6312317   1.00293011  1.38770357  1.78193699
  2.18201525  2.58432325  2.98524588  3.38116805  3.76847464  4.14355056
  4.50278069  4.84254993  5.15924319  5.44924534  5.7089413   5.93471595
  6.12306931  6.27257562  6.38360739  6.45659665  6.49197547  6.49017597
  6.45219269  6.38093028  6.2796986   6.15180748  6.00056677  5.8292863
  5.64145728  5.44199512  5.23648788  5.03052756  4.82970619  4.6396158
  4.46584841  4.31399605  4.18965074  4.09840451  4.04584937  4.0374966
  4.07459207  4.15208373  4.26441279  4.40602051  4.5713481   4.75483681
  4.95092786  5.1540625   5.35868195  5.55922745  5.75014022  5.92586151
  6.08083255  6.20949456  6.30628879  6.36565647  6.38203882  6.35022884
  6.27115178  6.15094164  5.99589791  5.8123201   5.60650769  5.38476019
  5.15337708  4.91865788  4.68690208  4.46440917  4.25747865  4.07241002
  3.91550277  3.79305641  3.71137043  3.67674432  3.69539881  3.76688333
  3.87909976  4.01877798  4.17264786  4.32743929  4.46988213  4.58670628
  4.66520156  4.69982331  4.68998153  4.63518511  4.53494294  4.38876387
  4.1961568   3.9566306   3.66969415  3.33485632  2.951626    2.51951206
  2.03802337  1.50666883  0.9249573   0.29239766]
d_x_fitting=[  1.72265289  11.74536058  21.76806828  31.79077598  41.81348367
  51.83619137  61.85889907  71.88160677  81.90431446  91.92702216
 101.94972986 111.97243755 121.99514525 132.01785295 142.04056065
 152.06326834 162.08597604 172.10868374 182.13139143 192.15409913
 202.17680683 212.19951453 222.22222222 232.24492992 242.26763762
 252.29034531 262.31305301 272.33576071 282.3584684  292.3811761
 302.4038838  312.4265915  322.44929919 332.47200689 342.49471459
 352.51742228 362.54012998 372.56283768 382.58554538 392.60825307
 402.63096077 412.65366847 422.67637616 432.69908386 442.72179156
 452.74449926 462.76720695 472.78991465 482.81262235 492.83533004
 502.85803774 512.88074544 522.90345314 532.92616083 542.94886853
 552.97157623 562.99428392 573.01699162 583.03969932 593.06240702
 603.08511471 613.10782241 623.13053011 633.1532378  643.1759455
 653.1986532  663.2213609  673.24406859 683.26677629 693.28948399
 703.31219168 713.33489938 723.35760708 733.38031478 743.40302247
 753.42573017 763.44843787 773.47114556 783.49385326 793.51656096
 803.53926866 813.56197635 823.58468405 833.60739175 843.63009944
 853.65280714 863.67551484 873.69822254 883.72093023 893.74363793
 903.76634563 913.78905332 923.81176102 933.83446872 943.85717642
 953.87988411 963.90259181 973.92529951 983.9480072  993.9707149 ]
d_y_fitting=[0.52631579 1.10272323 1.60738837 2.04520766 2.42107757 2.73989455
 3.00655505 3.22595554 3.40299247 3.54256229 3.64956147 3.72882411
 3.78425721 3.81905697 3.8364015  3.83946889 3.83143725 3.81548468
 3.79478927 3.77252912 3.75188233 3.73602701 3.72814125 3.73140315
 3.74899081 3.78408232 3.83934063 3.91102561 3.99106052 4.07128654
 4.14354484 4.19967659 4.23152295 4.2309251  4.1897242  4.09976143
 3.9534429  3.75570392 3.52375621 3.27532589 3.02813907 2.79992186
 2.60840038 2.47130073 2.40634903 2.43127138 2.56358338 2.80173803
 3.11019406 3.44989627 3.78178951 4.06683558 4.27832458 4.42360656
 4.51586416 4.56827996 4.59403658 4.60631663 4.61830272 4.64117875
 4.67552215 4.71840551 4.76689925 4.81807377 4.86899947 4.91674676
 4.95838603 4.99116179 5.01442093 5.02890493 5.0353803  5.03461355
 5.02737118 5.0144197  4.9965256  4.9744554  4.94897561 4.92085272
 4.89085324 4.85974368 4.82829054 4.79726033 4.76741955 4.73953471
 4.71357381 4.68516529 4.64847041 4.5976493  4.52686208 4.43026887
 4.30202979 4.13630496 3.9272545  3.66903854 3.35581719 2.98175058
 2.54099883 2.02772205 1.43608037 0.76023392]