
p_x=[1.7226528854435832, 44.78897502153316, 111.1111111111111, 201.5503875968992, 388.458225667528, 459.0869939707149, 614.9870801033591, 790.6976744186046, 889.7502153316107, 994.8320413436692]
p_y=[-0.235294117647058, 3.88235294117647, 5.529411764705882, 5.294117647058823, 4.588235294117648, 5.764705882352941, 7.0588235294117645, 6.352941176470589, 4.705882352941177, 0.35294117647058876]
a_x=[0.8613264427217916, 37.89836347975883, 101.63652024117141, 194.6597760551249, 290.26701119724373, 401.3781223083548, 616.7097329888027, 709.7329888027563, 813.0921619293713, 889.7502153316107, 995.693367786391]
a_y=[0.1754385964912295, 4.152046783625732, 5.321637426900585, 4.970760233918129, 5.7894736842105265, 4.970760233918129, 6.608187134502924, 7.426900584795321, 6.7251461988304095, 5.321637426900585, 0.4093567251461998]
d_x=[2.5839793281653747, 36.17571059431524, 107.66580534022395, 198.10508182601205, 394.4875107665805, 598.6218776916451, 797.588285960379, 897.5021533161068, 995.693367786391]
d_y=[0.4093567251461998, 2.7485380116959064, 5.087719298245615, 4.736842105263158, 4.853801169590644, 5.087719298245615, 4.385964912280702, 3.450292397660819, 0.526315789473685]
p_x_fitting=[  1.72265289  11.75406085  21.78546881  31.81687678  41.84828474
  51.87969271  61.91110067  71.94250864  81.9739166   92.00532456
 102.03673253 112.06814049 122.09954846 132.13095642 142.16236438
 152.19377235 162.22518031 172.25658828 182.28799624 192.31940421
 202.35081217 212.38222013 222.4136281  232.44503606 242.47644403
 252.50785199 262.53925996 272.57066792 282.60207588 292.63348385
 302.66489181 312.69629978 322.72770774 332.7591157  342.79052367
 352.82193163 362.8533396  372.88474756 382.91615553 392.94756349
 402.97897145 413.01037942 423.04178738 433.07319535 443.10460331
 453.13601128 463.16741924 473.1988272  483.23023517 493.26164313
 503.2930511  513.32445906 523.35586703 533.38727499 543.41868295
 553.45009092 563.48149888 573.51290685 583.54431481 593.57572277
 603.60713074 613.6385387  623.66994667 633.70135463 643.7327626
 653.76417056 663.79557852 673.82698649 683.85839445 693.88980242
 703.92121038 713.95261835 723.98402631 734.01543427 744.04684224
 754.0782502  764.10965817 774.14106613 784.17247409 794.20388206
 804.23529002 814.26669799 824.29810595 834.32951392 844.36092188
 854.39232984 864.42373781 874.45514577 884.48655374 894.5179617
 904.54936967 914.58077763 924.61218559 934.64359356 944.67500152
 954.70640949 964.73781745 974.76922542 984.80063338 994.83204134]
p_y_fitting=[-0.23529412  1.04086938  2.11005573  2.99114314  3.70300978  4.26453385
  4.69459356  5.01206708  5.23583262  5.38476836  5.47775251  5.53366072
  5.56754326  5.58292967  5.58118944  5.56369204  5.53180694  5.48690364
  5.43035159  5.36352029  5.28777925  5.20461849  5.11590787  5.02359197
  4.92961535  4.83592257  4.74445821  4.65716683  4.57599299  4.50288127
  4.43977622  4.38862241  4.35136441  4.32994679  4.3263141   4.34241093
  4.38018182  4.44157136  4.52852409  4.64286623  4.7828918   4.94284409
  5.11674369  5.2986112   5.48246719  5.66233227  5.83229949  5.98917005
  6.13320104  6.26487439  6.38467201  6.49307585  6.59056782  6.67762986
  6.75474388  6.82239181  6.88105558  6.93121711  6.97335834  7.00796118
  7.03550757  7.05647942  7.07129699  7.08000969  7.08252902  7.07876622
  7.06863256  7.05203929  7.02889767  6.99911895  6.96261439  6.91929524
  6.86907277  6.81185822  6.74756285  6.67609793  6.59737469  6.51130441
  6.41779834  6.31675645  6.20747448  6.0883512   5.95771262  5.81388478
  5.65519372  5.47996545  5.28652602  5.07320144  4.83831777  4.58020102
  4.29717722  3.98757241  3.64971262  3.28192388  2.88253221  2.44986366
  1.98224425  1.47800001  0.93545698  0.35294118]
a_x_fitting=[8.61326443e-01 1.09101349e+01 2.09589434e+01 3.10077519e+01
 4.10565604e+01 5.11053689e+01 6.11541774e+01 7.12029859e+01
 8.12517944e+01 9.13006029e+01 1.01349411e+02 1.11398220e+02
 1.21447028e+02 1.31495837e+02 1.41544645e+02 1.51593454e+02
 1.61642262e+02 1.71691071e+02 1.81739879e+02 1.91788688e+02
 2.01837496e+02 2.11886305e+02 2.21935113e+02 2.31983922e+02
 2.42032730e+02 2.52081539e+02 2.62130347e+02 2.72179156e+02
 2.82227964e+02 2.92276773e+02 3.02325581e+02 3.12374390e+02
 3.22423198e+02 3.32472007e+02 3.42520815e+02 3.52569624e+02
 3.62618432e+02 3.72667241e+02 3.82716049e+02 3.92764858e+02
 4.02813666e+02 4.12862475e+02 4.22911283e+02 4.32960092e+02
 4.43008900e+02 4.53057709e+02 4.63106517e+02 4.73155326e+02
 4.83204134e+02 4.93252943e+02 5.03301751e+02 5.13350560e+02
 5.23399368e+02 5.33448177e+02 5.43496985e+02 5.53545794e+02
 5.63594602e+02 5.73643411e+02 5.83692219e+02 5.93741028e+02
 6.03789836e+02 6.13838645e+02 6.23887453e+02 6.33936262e+02
 6.43985070e+02 6.54033879e+02 6.64082687e+02 6.74131496e+02
 6.84180304e+02 6.94229113e+02 7.04277921e+02 7.14326730e+02
 7.24375538e+02 7.34424347e+02 7.44473155e+02 7.54521964e+02
 7.64570772e+02 7.74619581e+02 7.84668389e+02 7.94717198e+02
 8.04766006e+02 8.14814815e+02 8.24863623e+02 8.34912432e+02
 8.44961240e+02 8.55010049e+02 8.65058857e+02 8.75107666e+02
 8.85156474e+02 8.95205283e+02 9.05254091e+02 9.15302900e+02
 9.25351708e+02 9.35400517e+02 9.45449325e+02 9.55498134e+02
 9.65546942e+02 9.75595751e+02 9.85644559e+02 9.95693368e+02]
a_y_fitting=[0.1754386  1.61841298 2.77297777 3.66993671 4.34009352 4.81425194
 5.12321571 5.29778857 5.36877424 5.36697647 5.323199   5.26422979
 5.19935556 5.13309649 5.06997267 5.01450419 4.97121113 4.94461359
 4.93923164 4.95958537 5.00948722 5.08579763 5.18143114 5.28925702
 5.40214455 5.51296297 5.61458156 5.69986958 5.7616963  5.7929474
 5.78998993 5.75695827 5.6990378  5.6214139  5.52927194 5.42779728
 5.3221753  5.21759138 5.11923089 5.03227919 4.9619186  4.91177532
 4.88139236 4.86965103 4.8754327  4.89761869 4.93509035 4.98672901
 5.05141601 5.1280327  5.21546041 5.31258049 5.41827427 5.5314231
 5.6509083  5.77561123 5.90441323 6.03619562 6.16983976 6.30422698
 6.43823862 6.57075602 6.70060688 6.82609194 6.94521283 7.05596775
 7.15635491 7.24437252 7.31801876 7.37529185 7.41418999 7.43276536
 7.43060208 7.40899758 7.36933964 7.31301608 7.24141467 7.15592322
 7.05792952 6.94882136 6.82998653 6.70280935 6.56757346 6.42190079
 6.2630188  6.08815497 5.89453679 5.67939173 5.43994726 5.17343088
 4.87707006 4.54809227 4.183725   3.78119572 3.33773191 2.85056106
 2.31691063 1.73400812 1.09908099 0.40935673]
d_x_fitting=[  2.58397933  12.61538729  22.64679526  32.67820322  42.70961119
  52.74101915  62.77242711  72.80383508  82.83524304  92.86665101
 102.89805897 112.92946693 122.9608749  132.99228286 143.02369083
 153.05509879 163.08650676 173.11791472 183.14932268 193.18073065
 203.21213861 213.24354658 223.27495454 233.30636251 243.33777047
 253.36917843 263.4005864  273.43199436 283.46340233 293.49481029
 303.52621825 313.55762622 323.58903418 333.62044215 343.65185011
 353.68325808 363.71466604 373.746074   383.77748197 393.80888993
 403.8402979  413.87170586 423.90311383 433.93452179 443.96592975
 453.99733772 464.02874568 474.06015365 484.09156161 494.12296958
 504.15437754 514.1857855  524.21719347 534.24860143 544.2800094
 554.31141736 564.34282532 574.37423329 584.40564125 594.43704922
 604.46845718 614.49986515 624.53127311 634.56268107 644.59408904
 654.625497   664.65690497 674.68831293 684.7197209  694.75112886
 704.78253682 714.81394479 724.84535275 734.87676072 744.90816868
 754.93957665 764.97098461 775.00239257 785.03380054 795.0652085
 805.09661647 815.12802443 825.15943239 835.19084036 845.22224832
 855.25365629 865.28506425 875.31647222 885.34788018 895.37928814
 905.41069611 915.44210407 925.47351204 935.50492    945.53632797
 955.56773593 965.59914389 975.63055186 985.66195982 995.69336779]
d_y_fitting=[0.40935673 1.20025758 1.9113805  2.54524098 3.10435451 3.59123659
 4.0084027  4.35836834 4.643649   4.86676017 5.03021735 5.13666327
 5.19135359 5.20199372 5.17638363 5.12232328 5.04761263 4.96005166
 4.86744031 4.77757856 4.6980759  4.63234262 4.57968844 4.53925231
 4.51017317 4.49158997 4.48264167 4.48246722 4.49020556 4.50499565
 4.52597644 4.55228687 4.5830659  4.61745247 4.65458554 4.69360406
 4.73364698 4.77385324 4.8133618  4.8513116  4.8869579  4.92012606
 4.95081591 4.97902733 5.00476017 5.0280143  5.0487896  5.06708593
 5.08290316 5.09624115 5.10709978 5.1154789  5.1213784  5.12479813
 5.12573796 5.12419777 5.12017742 5.11367677 5.1046957  5.09323407
 5.07929324 5.06289851 5.04409445 5.02292616 4.99943877 4.97367738
 4.94568712 4.9155131  4.88320044 4.84879424 4.81233963 4.77388171
 4.73346561 4.69113644 4.64693931 4.60091934 4.55312165 4.50359134
 4.45237354 4.39951335 4.34491759 4.28728305 4.22468095 4.15517724
 4.07683786 3.98772878 3.88591594 3.7694653  3.6364428  3.48491442
 3.31294608 3.11860376 2.89995339 2.65506094 2.38199236 2.0788136
 1.74359061 1.37438934 0.96927575 0.52631579]