
p_x=[2.5839793281653747, 86.13264427217916, 212.7476313522825, 382.4289405684754, 591.7312661498709, 810.5081826012058, 996.5546942291128]
p_y=[1.6470588235294112, 4.705882352941177, 5.176470588235294, 4.352941176470589, 4.470588235294118, 3.2941176470588243, 0.35294117647058876]
a_x=[0.0, 42.20499569336779, 107.66580534022395, 252.36864771748492, 318.69078380706287, 385.0129198966408, 521.9638242894057, 724.3755383290267, 844.0999138673557, 998.2773471145564]
a_y=[1.461988304093568, 3.8011695906432754, 3.6842105263157894, 0.29239766081871466, 3.0994152046783627, 5.087719298245615, 4.736842105263158, 3.5672514619883042, 3.0994152046783627, 0.4093567251461998]
d_x=[0.0, 31.869078380706288, 129.19896640826872, 288.5443583118002, 481.48148148148147, 679.5865633074935, 799.3109388458226, 910.4220499569336, 994.8320413436692]
d_y=[0.526315789473685, 2.8654970760233924, 4.853801169590644, 4.035087719298246, 4.152046783625732, 4.619883040935672, 5.2046783625731, 4.502923976608187, 0.4093567251461998]
p_x_fitting=[  2.58397933  12.62408756  22.66419579  32.70430402  42.74441225
  52.78452048  62.82462872  72.86473695  82.90484518  92.94495341
 102.98506164 113.02516987 123.0652781  133.10538634 143.14549457
 153.1856028  163.22571103 173.26581926 183.30592749 193.34603572
 203.38614395 213.42625219 223.46636042 233.50646865 243.54657688
 253.58668511 263.62679334 273.66690157 283.70700981 293.74711804
 303.78722627 313.8273345  323.86744273 333.90755096 343.94765919
 353.98776742 364.02787566 374.06798389 384.10809212 394.14820035
 404.18830858 414.22841681 424.26852504 434.30863328 444.34874151
 454.38884974 464.42895797 474.4690662  484.50917443 494.54928266
 504.58939089 514.62949913 524.66960736 534.70971559 544.74982382
 554.78993205 564.83004028 574.87014851 584.91025674 594.95036498
 604.99047321 615.03058144 625.07068967 635.1107979  645.15090613
 655.19101436 665.2311226  675.27123083 685.31133906 695.35144729
 705.39155552 715.43166375 725.47177198 735.51188021 745.55198845
 755.59209668 765.63220491 775.67231314 785.71242137 795.7525296
 805.79263783 815.83274607 825.8728543  835.91296253 845.95307076
 855.99317899 866.03328722 876.07339545 886.11350368 896.15361192
 906.19372015 916.23382838 926.27393661 936.31404484 946.35415307
 956.3942613  966.43436954 976.47447777 986.514586   996.55469423]
p_y_fitting=[1.64705882 2.19227354 2.68358291 3.12354083 3.51470119 3.85961791
 4.16084487 4.42093599 4.64244516 4.82792629 4.97993326 5.10102
 5.19374039 5.26064834 5.30429774 5.32724251 5.33203653 5.32123371
 5.29738796 5.26305316 5.22078323 5.17313196 5.12224604 5.06894135
 5.0137623  4.95725326 4.89995864 4.84242284 4.78519024 4.72880524
 4.67381224 4.62075563 4.5701798  4.52262915 4.47864808 4.43878097
 4.40357222 4.37356623 4.34930658 4.33106137 4.31842462 4.3108891
 4.3079476  4.3090929  4.31381779 4.32161504 4.33197745 4.34439779
 4.35836885 4.37338341 4.38893426 4.40451417 4.41961593 4.43373233
 4.44635614 4.45698015 4.46509715 4.47019991 4.47178122 4.46933643
 4.46253009 4.45129808 4.43560071 4.41539829 4.39065114 4.36131956
 4.32736387 4.28874438 4.2454214  4.19735525 4.14450623 4.08683466
 4.02430085 3.95686512 3.88448776 3.80712911 3.72474946 3.63730913
 3.54476843 3.44708767 3.34422718 3.23614724 3.12280819 3.00417033
 2.88019398 2.75083943 2.61606702 2.47583705 2.33010982 2.17884566
 2.02200488 1.85954778 1.69143468 1.5176259  1.33808173 1.1527625
 0.96162852 0.7646401  0.56175755 0.35294118]
a_x_fitting=[  0.          10.08360957  20.16721913  30.2508287   40.33443827
  50.41804783  60.5016574   70.58526697  80.66887653  90.7524861
 100.83609567 110.91970523 121.0033148  131.08692437 141.17053394
 151.2541435  161.33775307 171.42136264 181.5049722  191.58858177
 201.67219134 211.7558009  221.83941047 231.92302004 242.0066296
 252.09023917 262.17384874 272.2574583  282.34106787 292.42467744
 302.508287   312.59189657 322.67550614 332.7591157  342.84272527
 352.92633484 363.00994441 373.09355397 383.17716354 393.26077311
 403.34438267 413.42799224 423.51160181 433.59521137 443.67882094
 453.76243051 463.84604007 473.92964964 484.01325921 494.09686877
 504.18047834 514.26408791 524.34769747 534.43130704 544.51491661
 554.59852617 564.68213574 574.76574531 584.84935488 594.93296444
 605.01657401 615.10018358 625.18379314 635.26740271 645.35101228
 655.43462184 665.51823141 675.60184098 685.68545054 695.76906011
 705.85266968 715.93627924 726.01988881 736.10349838 746.18710794
 756.27071751 766.35432708 776.43793664 786.52154621 796.60515578
 806.68876535 816.77237491 826.85598448 836.93959405 847.02320361
 857.10681318 867.19042275 877.27403231 887.35764188 897.44125145
 907.52486101 917.60847058 927.69208015 937.77568971 947.85929928
 957.94290885 968.02651841 978.11012798 988.19373755 998.27734711]
a_y_fitting=[1.4619883  2.24028894 2.87411725 3.37268166 3.74519062 4.00085257
 4.14887595 4.19846919 4.15884074 4.03919903 3.84875252 3.59672712
 3.29348331 2.95119089 2.58218138 2.19878631 1.81333721 1.4381656
 1.085603   0.76798095 0.49763097 0.28688458 0.14807331 0.09352869
 0.13558224 0.28656548 0.55296636 0.91587898 1.34950125 1.82803093
 2.32566581 2.81660366 3.27531602 3.68722748 4.05217313 4.37096969
 4.64443388 4.8733824  5.05863199 5.20124668 5.30401676 5.3704681
 5.40412929 5.40852892 5.38719559 5.3436579  5.28144445 5.20408382
 5.11510461 5.01803542 4.91640485 4.81374149 4.71356578 4.61826623
 4.52794904 4.4424461  4.36158933 4.2852106  4.21314182 4.1452149
 4.08126172 4.02111419 3.96460421 3.91156366 3.86182446 3.8152185
 3.77157767 3.73073388 3.69251902 3.65676499 3.6233037  3.59196703
 3.56258635 3.53480006 3.50776874 3.48058024 3.45232244 3.4220832
 3.38895038 3.35201185 3.31035548 3.26306914 3.20924068 3.14795799
 3.07830891 2.99938133 2.9102631  2.8100421  2.69780618 2.57264322
 2.43364108 2.27988763 2.11047073 1.92447825 1.72099806 1.49911802
 1.257926   0.99650987 0.71395749 0.40935673]
d_x_fitting=[  0.          10.0488085   20.097617    30.1464255   40.19523399
  50.24404249  60.29285099  70.34165949  80.39046799  90.43927649
 100.48808498 110.53689348 120.58570198 130.63451048 140.68331898
 150.73212748 160.78093597 170.82974447 180.87855297 190.92736147
 200.97616997 211.02497847 221.07378697 231.12259546 241.17140396
 251.22021246 261.26902096 271.31782946 281.36663796 291.41544645
 301.46425495 311.51306345 321.56187195 331.61068045 341.65948895
 351.70829744 361.75710594 371.80591444 381.85472294 391.90353144
 401.95233994 412.00114844 422.04995693 432.09876543 442.14757393
 452.19638243 462.24519093 472.29399943 482.34280792 492.39161642
 502.44042492 512.48923342 522.53804192 532.58685042 542.63565891
 552.68446741 562.73327591 572.78208441 582.83089291 592.87970141
 602.92850991 612.9773184  623.0261269  633.0749354  643.1237439
 653.1725524  663.2213609  673.27016939 683.31897789 693.36778639
 703.41659489 713.46540339 723.51421189 733.56302038 743.61182888
 753.66063738 763.70944588 773.75825438 783.80706288 793.85587138
 803.90467987 813.95348837 824.00229687 834.05110537 844.09991387
 854.14872237 864.19753086 874.24633936 884.29514786 894.34395636
 904.39276486 914.44157336 924.49038185 934.53919035 944.58799885
 954.63680735 964.68561585 974.73442435 984.78323285 994.83204134]
d_y_fitting=[0.52631579 1.39350085 2.13769945 2.76816462 3.2941494  3.72490684
 4.06968996 4.33775181 4.53834542 4.68072384 4.77414009 4.82784723
 4.85109829 4.85314246 4.84128222 4.81771173 4.78379741 4.74090567
 4.69040292 4.63365559 4.57203009 4.50689283 4.43961024 4.37154872
 4.3040747  4.23855459 4.1763548  4.11884175 4.06738186 4.0233342
 3.98741769 3.95922343 3.93822771 3.92390683 3.91573709 3.91319478
 3.9157562  3.92289763 3.93409538 3.94882575 3.96656502 3.98678948
 4.00897545 4.0325992  4.05713705 4.08206527 4.10686017 4.13099804
 4.15395526 4.17537804 4.19543884 4.21441171 4.23257072 4.25018994
 4.26754345 4.2849053  4.30254957 4.32075032 4.33978163 4.35991755
 4.38143215 4.40459951 4.42969369 4.45698875 4.48675878 4.51927782
 4.55481996 4.59365925 4.63606162 4.6819153  4.73057947 4.78137381
 4.83361802 4.88663178 4.93973477 4.99224667 5.04348718 5.09277597
 5.13943273 5.18277715 5.22207837 5.25517086 5.27828466 5.28756515
 5.2791577  5.24920772 5.19386058 5.10926166 4.99155636 4.83689006
 4.64140814 4.40125599 4.112579   3.77152254 3.37423201 2.9168528
 2.39553027 1.80640983 1.14563685 0.40935673]