
p_x=[1.7226528854435832, 60.29285099052541, 167.09732988802756, 279.93109388458225, 399.6554694229113, 521.9638242894057, 788.1136950904393, 904.3927648578812, 999.1386735572783]
p_y=[0.23529411764705976, 3.2941176470588243, 3.2941176470588243, 1.0588235294117645, 3.4117647058823533, 1.4117647058823533, 5.176470588235294, 5.529411764705882, 1.0588235294117645]
a_x=[1.7226528854435832, 61.1541774332472, 161.92937123169682, 281.65374677002586, 400.5167958656331, 526.2704565030147, 801.894918173988, 906.1154177433248, 999.1386735572783]
a_y=[0.526315789473685, 3.333333333333334, 3.2163742690058488, 0.8771929824561404, 3.5672514619883042, 1.6959064327485383, 4.736842105263158, 4.853801169590644, 0.526315789473685]
d_x=[0.8613264427217916, 61.1541774332472, 164.51335055986218, 280.79242032730406, 401.3781223083548, 532.2997416020671, 803.6175710594315, 912.1447028423772, 999.1386735572783]
d_y=[0.6432748538011701, 3.450292397660819, 3.9181286549707606, 1.2280701754385976, 4.269005847953217, 2.514619883040936, 5.43859649122807, 4.152046783625732, 1.2280701754385976]
p_x_fitting=[  1.72265289  11.79756219  21.87247148  31.94738078  42.02229008
  52.09719938  62.17210868  72.24701798  82.32192728  92.39683658
 102.47174588 112.54665518 122.62156448 132.69647378 142.77138308
 152.84629238 162.92120168 172.99611098 183.07102028 193.14592958
 203.22083888 213.29574818 223.37065748 233.44556678 243.52047608
 253.59538538 263.67029468 273.74520398 283.82011328 293.89502258
 303.96993188 314.04484118 324.11975048 334.19465978 344.26956908
 354.34447838 364.41938768 374.49429697 384.56920627 394.64411557
 404.71902487 414.79393417 424.86884347 434.94375277 445.01866207
 455.09357137 465.16848067 475.24338997 485.31829927 495.39320857
 505.46811787 515.54302717 525.61793647 535.69284577 545.76775507
 555.84266437 565.91757367 575.99248297 586.06739227 596.14230157
 606.21721087 616.29212017 626.36702947 636.44193877 646.51684807
 656.59175737 666.66666667 676.74157597 686.81648527 696.89139457
 706.96630387 717.04121317 727.11612246 737.19103176 747.26594106
 757.34085036 767.41575966 777.49066896 787.56557826 797.64048756
 807.71539686 817.79030616 827.86521546 837.94012476 848.01503406
 858.08994336 868.16485266 878.23976196 888.31467126 898.38958056
 908.46448986 918.53939916 928.61430846 938.68921776 948.76412706
 958.83903636 968.91394566 978.98885496 989.06376426 999.13867356]
p_y_fitting=[0.23529412 0.96180113 1.6003306  2.15460653 2.62835289 3.02529367
 3.34915286 3.60365444 3.7925224  3.91948073 3.9882534  4.00256441
 3.96613774 3.88269738 3.75596732 3.58967153 3.387534   3.15347967
 2.89462007 2.6206151  2.34119596 2.06609388 1.80504005 1.56776569
 1.364002   1.20348021 1.0959315  1.05108711 1.07846115 1.17838691
 1.33882371 1.54685725 1.78957323 2.05405736 2.32739535 2.59667291
 2.84897574 3.07138954 3.25100002 3.3748929  3.43062942 3.41657658
 3.34183432 3.2159636  3.04852535 2.84908051 2.62719003 2.39241485
 2.15431592 1.92245416 1.70639054 1.51568598 1.35980842 1.2436643
 1.16562115 1.12354181 1.11528913 1.13872594 1.19171509 1.27211942
 1.37780178 1.50662502 1.65645197 1.82514549 2.01056841 2.21058357
 2.42305383 2.64584203 2.87681101 3.11382361 3.35474268 3.59743107
 3.83975161 4.07956715 4.31474053 4.54313461 4.76261222 4.9710362
 5.16626941 5.34604813 5.50751256 5.64762753 5.76335785 5.85166834
 5.9095238  5.93388904 5.92172888 5.87000812 5.77569158 5.63574406
 5.44713037 5.20681534 4.91176376 4.55894044 4.1453102  3.66783785
 3.1234882  2.50922605 1.82201623 1.05882353]
a_x_fitting=[  1.72265289  11.79756219  21.87247148  31.94738078  42.02229008
  52.09719938  62.17210868  72.24701798  82.32192728  92.39683658
 102.47174588 112.54665518 122.62156448 132.69647378 142.77138308
 152.84629238 162.92120168 172.99611098 183.07102028 193.14592958
 203.22083888 213.29574818 223.37065748 233.44556678 243.52047608
 253.59538538 263.67029468 273.74520398 283.82011328 293.89502258
 303.96993188 314.04484118 324.11975048 334.19465978 344.26956908
 354.34447838 364.41938768 374.49429697 384.56920627 394.64411557
 404.71902487 414.79393417 424.86884347 434.94375277 445.01866207
 455.09357137 465.16848067 475.24338997 485.31829927 495.39320857
 505.46811787 515.54302717 525.61793647 535.69284577 545.76775507
 555.84266437 565.91757367 575.99248297 586.06739227 596.14230157
 606.21721087 616.29212017 626.36702947 636.44193877 646.51684807
 656.59175737 666.66666667 676.74157597 686.81648527 696.89139457
 706.96630387 717.04121317 727.11612246 737.19103176 747.26594106
 757.34085036 767.41575966 777.49066896 787.56557826 797.64048756
 807.71539686 817.79030616 827.86521546 837.94012476 848.01503406
 858.08994336 868.16485266 878.23976196 888.31467126 898.38958056
 908.46448986 918.53939916 928.61430846 938.68921776 948.76412706
 958.83903636 968.91394566 978.98885496 989.06376426 999.13867356]
a_y_fitting=[0.52631579 1.19334422 1.77794679 2.28349134 2.71334573 3.07087782
 3.35945546 3.58244651 3.74321882 3.84514025 3.89157865 3.88590189
 3.8314778  3.73167426 3.58985911 3.40940021 3.1936664  2.94737917
 2.67929763 2.39893093 2.11578822 1.83937864 1.57921134 1.34479547
 1.14564018 0.99125461 0.89114791 0.85482923 0.89176999 1.0047856
 1.18245171 1.41150841 1.67869583 1.97075407 2.27442323 2.57644344
 2.86355481 3.12249743 3.34001143 3.50283691 3.59798294 3.62193096
 3.58292671 3.48995005 3.35198083 3.17799891 2.97698416 2.75791643
 2.52977558 2.30154147 2.08219396 1.88071291 1.70607818 1.56579291
 1.46018314 1.38739769 1.34558486 1.33289294 1.34747025 1.38746508
 1.45102574 1.53630054 1.64143777 1.76458575 1.90389277 2.05750715
 2.22357718 2.40025116 2.58567741 2.77800423 2.97537992 3.17595278
 3.37787112 3.57928324 3.77833745 3.97318205 4.16196534 4.34283563
 4.51394122 4.67343042 4.81939896 4.94908214 5.05901295 5.14570388
 5.20566741 5.235416   5.23146215 5.19031832 5.10849699 4.98251063
 4.80887174 4.58409277 4.30468621 3.96716454 3.56804023 3.10382576
 2.5710336  1.96617623 1.28576614 0.52631579]
d_x_fitting=[8.61326443e-01 1.09449360e+01 2.10285456e+01 3.11121551e+01
 4.11957647e+01 5.12793743e+01 6.13629838e+01 7.14465934e+01
 8.15302030e+01 9.16138125e+01 1.01697422e+02 1.11781032e+02
 1.21864641e+02 1.31948251e+02 1.42031860e+02 1.52115470e+02
 1.62199080e+02 1.72282689e+02 1.82366299e+02 1.92449908e+02
 2.02533518e+02 2.12617127e+02 2.22700737e+02 2.32784346e+02
 2.42867956e+02 2.52951566e+02 2.63035175e+02 2.73118785e+02
 2.83202394e+02 2.93286004e+02 3.03369613e+02 3.13453223e+02
 3.23536833e+02 3.33620442e+02 3.43704052e+02 3.53787661e+02
 3.63871271e+02 3.73954880e+02 3.84038490e+02 3.94122100e+02
 4.04205709e+02 4.14289319e+02 4.24372928e+02 4.34456538e+02
 4.44540147e+02 4.54623757e+02 4.64707367e+02 4.74790976e+02
 4.84874586e+02 4.94958195e+02 5.05041805e+02 5.15125414e+02
 5.25209024e+02 5.35292633e+02 5.45376243e+02 5.55459853e+02
 5.65543462e+02 5.75627072e+02 5.85710681e+02 5.95794291e+02
 6.05877900e+02 6.15961510e+02 6.26045120e+02 6.36128729e+02
 6.46212339e+02 6.56295948e+02 6.66379558e+02 6.76463167e+02
 6.86546777e+02 6.96630387e+02 7.06713996e+02 7.16797606e+02
 7.26881215e+02 7.36964825e+02 7.47048434e+02 7.57132044e+02
 7.67215654e+02 7.77299263e+02 7.87382873e+02 7.97466482e+02
 8.07550092e+02 8.17633701e+02 8.27717311e+02 8.37800920e+02
 8.47884530e+02 8.57968140e+02 8.68051749e+02 8.78135359e+02
 8.88218968e+02 8.98302578e+02 9.08386187e+02 9.18469797e+02
 9.28553407e+02 9.38637016e+02 9.48720626e+02 9.58804235e+02
 9.68887845e+02 9.78971454e+02 9.89055064e+02 9.99138674e+02]
d_y_fitting=[0.64327485 1.2440373  1.79192485 2.2870386  2.72947961 3.11934896
 3.45674774 3.74177703 3.97453789 4.15513142 4.28365868 4.36022076
 4.38491873 4.35785368 4.27912668 4.14883881 3.96709115 3.73494688
 3.46129419 3.15882895 2.84027249 2.5183461  2.2057711  1.9152688
 1.6595605  1.45136752 1.30341117 1.22841275 1.23903117 1.33948055
 1.51706979 1.75709324 2.04484523 2.3656201  2.70471217 3.04741579
 3.3790253  3.68483503 3.95013931 4.16023248 4.30049746 4.36439524
 4.35982524 4.29618364 4.18286661 4.0292703  3.84479089 3.63882454
 3.42076743 3.20001572 2.98596557 2.78801316 2.61555465 2.47793372
 2.38032513 2.32077597 2.29663512 2.30525151 2.34397402 2.41015157
 2.50113305 2.61426736 2.74690342 2.89639012 3.06007636 3.23531106
 3.4194431  3.6098214  3.80379485 3.99871237 4.19192284 4.38077518
 4.56261829 4.73480106 4.89467241 5.03958124 5.16687644 5.27390692
 5.35802159 5.41656934 5.44693238 5.44786726 5.41996356 5.36393828
 5.28050842 5.17039098 5.03430295 4.87296134 4.68708314 4.47738536
 4.24458499 3.98939903 3.71254449 3.41473836 3.09669764 2.75913933
 2.40278043 2.02833794 1.63652885 1.22807018]