
p_x=[12.058570198105082, 81.8260120585702, 205.85701981050818, 297.15762273901805, 377.2609819121447, 662.3600344530577, 855.2971576227391, 995.693367786391]
p_y=[0.35294117647058876, -2.5882352941176467, 1.6470588235294112, 1.764705882352942, 1.4117647058823533, 0.117647058823529, 1.1764705882352935, 0.5882352941176467]
a_x=[4.3066322136089585, 29.285099052540914, 144.70284237726096, 355.72782084409994, 679.5865633074935, 850.1291989664082, 991.3867355727821]
a_y=[0.058479532163742576, -0.6432748538011701, 0.8771929824561404, 1.461988304093568, 1.3450292397660828, 2.0467836257309946, 2.1637426900584797]
d_x=[6.029285099052541, 172.26528854435833, 436.69250645994833, 883.7209302325582, 991.3867355727821]
d_y=[0.1754385964912295, 0.9941520467836256, 2.514619883040936, 3.0994152046783627, 3.5672514619883042]
p_x_fitting=[ 12.0585702   21.99427522  31.92998025  41.86568528  51.8013903
  61.73709533  71.67280035  81.60850538  91.54421041 101.47991543
 111.41562046 121.35132549 131.28703051 141.22273554 151.15844056
 161.09414559 171.02985062 180.96555564 190.90126067 200.83696569
 210.77267072 220.70837575 230.64408077 240.5797858  250.51549083
 260.45119585 270.38690088 280.3226059  290.25831093 300.19401596
 310.12972098 320.06542601 330.00113103 339.93683606 349.87254109
 359.80824611 369.74395114 379.67965617 389.61536119 399.55106622
 409.48677124 419.42247627 429.3581813  439.29388632 449.22959135
 459.16529637 469.1010014  479.03670643 488.97241145 498.90811648
 508.84382151 518.77952653 528.71523156 538.65093658 548.58664161
 558.52234664 568.45805166 578.39375669 588.32946171 598.26516674
 608.20087177 618.13657679 628.07228182 638.00798685 647.94369187
 657.8793969  667.81510192 677.75080695 687.68651198 697.622217
 707.55792203 717.49362705 727.42933208 737.36503711 747.30074213
 757.23644716 767.17215219 777.10785721 787.04356224 796.97926726
 806.91497229 816.85067732 826.78638234 836.72208737 846.65779239
 856.59349742 866.52920245 876.46490747 886.4006125  896.33631752
 906.27202255 916.20772758 926.1434326  936.07913763 946.01484266
 955.95054768 965.88625271 975.82195773 985.75766276 995.69336779]
p_y_fitting=[ 0.35294118 -0.57085818 -1.30254114 -1.85669256 -2.24789732 -2.49074027
 -2.59980628 -2.58968022 -2.47494696 -2.27019136 -1.98999829 -1.64895261
 -1.26163919 -0.8426429  -0.40654861  0.03205883  0.45859454  0.85847366
  1.21711132  1.51992266  1.75281448  1.91328596  2.01058864  2.05449774
  2.05478847  2.02123603  1.96361563  1.89170248  1.8152718   1.74404223
  1.68354836  1.63233884  1.58829881  1.54931338  1.51326769  1.47804687
  1.44153605  1.40162662  1.35702073  1.3080238   1.25512951  1.19883157
  1.13962366  1.07799949  1.01445274  0.94947711  0.88356629  0.81721397
  0.75091386  0.68515963  0.62044499  0.55726363  0.49610925  0.43747553
  0.38185617  0.32974486  0.2816353   0.23802119  0.19939621  0.16625405
  0.13908842  0.118393    0.1046615   0.09838759  0.10006499  0.11018737
  0.12921155  0.15691347  0.19247003  0.23503768  0.28377288  0.33783207
  0.39637172  0.45854827  0.52351819  0.59043791  0.65846391  0.72675262
  0.79446051  0.86074403  0.92475963  0.98566377  1.0426129   1.09476347
  1.14127194  1.18129476  1.21398839  1.23850928  1.25401388  1.25965864
  1.25460003  1.23799449  1.20899847  1.16676844  1.11046085  1.03923215
  0.95223878  0.84863722  0.7275839   0.58823529]
a_x_fitting=[  4.30663221  14.27713831  24.2476444   34.2181505   44.18865659
  54.15916269  64.12966878  74.10017488  84.07068097  94.04118706
 104.01169316 113.98219925 123.95270535 133.92321144 143.89371754
 153.86422363 163.83472973 173.80523582 183.77574192 193.74624801
 203.7167541  213.6872602  223.65776629 233.62827239 243.59877848
 253.56928458 263.53979067 273.51029677 283.48080286 293.45130896
 303.42181505 313.39232114 323.36282724 333.33333333 343.30383943
 353.27434552 363.24485162 373.21535771 383.18586381 393.1563699
 403.126876   413.09738209 423.06788818 433.03839428 443.00890037
 452.97940647 462.94991256 472.92041866 482.89092475 492.86143085
 502.83193694 512.80244304 522.77294913 532.74345522 542.71396132
 552.68446741 562.65497351 572.6254796  582.5959857  592.56649179
 602.53699789 612.50750398 622.47801007 632.44851617 642.41902226
 652.38952836 662.36003445 672.33054055 682.30104664 692.27155274
 702.24205883 712.21256493 722.18307102 732.15357711 742.12408321
 752.0945893  762.0650954  772.03560149 782.00610759 791.97661368
 801.94711978 811.91762587 821.88813197 831.85863806 841.82914415
 851.79965025 861.77015634 871.74066244 881.71116853 891.68167463
 901.65218072 911.62268682 921.59319291 931.56369901 941.5342051
 951.50471119 961.47521729 971.44572338 981.41622948 991.38673557]
a_y_fitting=[ 0.05847953 -0.29801652 -0.55136302 -0.71143188 -0.78809504 -0.79122442
 -0.73069195 -0.61636955 -0.45812916 -0.2658427  -0.0493821   0.18138072
  0.41657382  0.64632528  0.86076317  1.05146724  1.21743141  1.36001044
  1.48056006  1.58043603  1.66099409  1.72358999  1.76957948  1.8003183
  1.8171622   1.82146693  1.81458824  1.79788187  1.77270356  1.74040907
  1.70235415  1.65989453  1.61438598  1.56718422  1.51964502  1.47312412
  1.42887936  1.38732753  1.34845702  1.31225281  1.27869988  1.24778322
  1.2194878   1.19379862  1.17070064  1.15017885  1.13221824  1.11680378
  1.10392046  1.09355327  1.08568717  1.08030716  1.07739821  1.07694532
  1.07893345  1.08334759  1.09017273  1.09939385  1.11099592  1.12496393
  1.14128287  1.1599377   1.18091343  1.20419502  1.22976746  1.25761574
  1.28772482  1.32007971  1.35466452  1.39138009  1.42997501  1.47018165
  1.51173239  1.55435958  1.59779561  1.64177282  1.68602361  1.73028032
  1.77427534  1.81774102  1.86040975  1.90201388  1.94228578  1.98095783
  2.01776239  2.05243183  2.08469851  2.11429482  2.14095311  2.16440575
  2.18438512  2.20062357  2.21285349  2.22080723  2.22421717  2.22281567
  2.21633511  2.20450784  2.18706625  2.16374269]
d_x_fitting=[  6.0292851   15.98239066  25.93549622  35.88860178  45.84170734
  55.7948129   65.74791846  75.70102402  85.65412958  95.60723514
 105.5603407  115.51344626 125.46655182 135.41965738 145.37276294
 155.3258685  165.27897406 175.23207962 185.18518519 195.13829075
 205.09139631 215.04450187 224.99760743 234.95071299 244.90381855
 254.85692411 264.81002967 274.76313523 284.71624079 294.66934635
 304.62245191 314.57555747 324.52866303 334.48176859 344.43487415
 354.38797971 364.34108527 374.29419083 384.24729639 394.20040195
 404.15350751 414.10661307 424.05971863 434.01282419 443.96592975
 453.91903531 463.87214087 473.82524644 483.778352   493.73145756
 503.68456312 513.63766868 523.59077424 533.5438798  543.49698536
 553.45009092 563.40319648 573.35630204 583.3094076  593.26251316
 603.21561872 613.16872428 623.12182984 633.0749354  643.02804096
 652.98114652 662.93425208 672.88735764 682.8404632  692.79356876
 702.74667432 712.69977988 722.65288544 732.605991   742.55909656
 752.51220212 762.46530768 772.41841325 782.37151881 792.32462437
 802.27772993 812.23083549 822.18394105 832.13704661 842.09015217
 852.04325773 861.99636329 871.94946885 881.90257441 891.85567997
 901.80878553 911.76189109 921.71499665 931.66810221 941.62120777
 951.57431333 961.52741889 971.48052445 981.43363001 991.38673557]
d_y_fitting=[0.1754386  0.2065675  0.24063569 0.27750838 0.31705078 0.35912809
 0.40360554 0.45034831 0.49922164 0.55009072 0.60282076 0.65727697
 0.71332457 0.77082876 0.82965475 0.88966775 0.95073297 1.01271562
 1.07548091 1.13889404 1.20282023 1.26712468 1.33167261 1.39632923
 1.46095974 1.52542935 1.58960327 1.65334671 1.71652488 1.779003
 1.84064626 1.90131988 1.96088907 2.01921903 2.07617498 2.13162213
 2.18542568 2.23745084 2.28756283 2.33562684 2.3815081  2.42507181
 2.46618318 2.50470742 2.54052596 2.57367081 2.60425571 2.63239521
 2.65820387 2.68179624 2.70328687 2.72279032 2.74042113 2.75629386
 2.77052306 2.78322329 2.79450909 2.80449502 2.81329563 2.82102548
 2.82779911 2.83373108 2.83893593 2.84352823 2.84762253 2.85133337
 2.85477531 2.85806291 2.8613107  2.86463326 2.86814512 2.87196085
 2.87619498 2.88096209 2.88637671 2.89255341 2.89960672 2.90765122
 2.91680144 2.92717194 2.93887727 2.95203199 2.96675065 2.98314779
 3.00133798 3.02143576 3.04355569 3.06781232 3.0943202  3.12319389
 3.15454793 3.18849688 3.22515529 3.26463771 3.3070587  3.35253281
 3.40117458 3.45309858 3.50841936 3.56725146]