
p_x=[0.0, 49.956933677863915, 174.84926787252368, 247.20068906115418, 289.40568475452193, 343.66925064599485, 383.2902670111972, 431.5245478036176, 449.6124031007752, 524.547803617571, 602.928509905254, 631.3522825150733, 653.7467700258399, 664.944013781223, 751.0766580534023, 853.5745047372955, 898.3634797588286, 994.8320413436692]
p_y=[1.1764705882352935, 2.11764705882353, 2.235294117647059, 4.470588235294118, 4.588235294117648, 1.6470588235294112, 2.0, 2.235294117647059, 3.0588235294117645, 3.4117647058823533, 3.1764705882352935, 3.2941176470588243, 4.823529411764706, 5.0588235294117645, 5.294117647058823, 5.764705882352941, 3.764705882352941, 3.4117647058823533]
a_x=[0.8613264427217916, 50.818260120585705, 175.71059431524546, 284.2377260981912, 341.08527131782944, 425.495262704565, 443.58311800172265, 523.6864771748493, 607.2351421188631, 632.213608957795, 681.3092161929371, 748.4926787252368, 858.7424633936262, 908.69939707149, 998.2773471145564]
a_y=[-4.269005847953215, -2.8654970760233915, -0.8771929824561404, -1.3450292397660828, -3.6842105263157894, -3.6842105263157894, -2.280701754385966, -1.8128654970760234, -3.8011695906432745, -3.6842105263157894, -0.4093567251461998, -0.7602339181286553, -0.6432748538011701, -2.280701754385966, -2.163742690058479]
d_x=[0.8613264427217916, 53.402239448751075, 173.9879414298019, 281.65374677002586, 341.08527131782944, 427.2179155900086, 441.8604651162791, 482.34280792420327, 515.9345391903531, 603.7898363479759, 639.9655469422911, 683.8931955211025, 691.6451335055987, 733.8501291989664, 844.9612403100774, 851.8518518518518, 907.8380706287683, 997.4160206718346]
d_y=[2.8654970760233924, 4.269005847953217, 5.321637426900585, 5.2046783625731, 3.5672514619883042, 2.6315789473684212, 4.853801169590644, 4.970760233918129, 4.619883040935672, 5.2046783625731, 5.43859649122807, 5.7894736842105265, 5.7894736842105265, 5.672514619883041, 5.7894736842105265, 5.906432748538012, 4.035087719298246, 4.152046783625732]
p_x_fitting=[  0.          10.0488085   20.097617    30.1464255   40.19523399
  50.24404249  60.29285099  70.34165949  80.39046799  90.43927649
 100.48808498 110.53689348 120.58570198 130.63451048 140.68331898
 150.73212748 160.78093597 170.82974447 180.87855297 190.92736147
 200.97616997 211.02497847 221.07378697 231.12259546 241.17140396
 251.22021246 261.26902096 271.31782946 281.36663796 291.41544645
 301.46425495 311.51306345 321.56187195 331.61068045 341.65948895
 351.70829744 361.75710594 371.80591444 381.85472294 391.90353144
 401.95233994 412.00114844 422.04995693 432.09876543 442.14757393
 452.19638243 462.24519093 472.29399943 482.34280792 492.39161642
 502.44042492 512.48923342 522.53804192 532.58685042 542.63565891
 552.68446741 562.73327591 572.78208441 582.83089291 592.87970141
 602.92850991 612.9773184  623.0261269  633.0749354  643.1237439
 653.1725524  663.2213609  673.27016939 683.31897789 693.36778639
 703.41659489 713.46540339 723.51421189 733.56302038 743.61182888
 753.66063738 763.70944588 773.75825438 783.80706288 793.85587138
 803.90467987 813.95348837 824.00229687 834.05110537 844.09991387
 854.14872237 864.19753086 874.24633936 884.29514786 894.34395636
 904.39276486 914.44157336 924.49038185 934.53919035 944.58799885
 954.63680735 964.68561585 974.73442435 984.78323285 994.83204134]
p_y_fitting=[1.17647059 1.50427897 1.75345258 1.93296788 2.05180131 2.11892932
 2.14332836 2.13397487 2.09984531 2.04991612 1.99316374 1.93856464
 1.89509525 1.87173202 1.8774514  1.92122984 2.01204379 2.15886969
 2.36977348 2.63919729 2.95109558 3.28915303 3.63705433 3.97848417
 4.29712723 4.57631712 4.78573968 4.87735175 4.80192534 4.51043793
 3.99742784 3.35462338 2.68690332 2.09914642 1.69623145 1.56395994
 1.64714069 1.82738919 1.9860228  2.02609237 1.98477225 1.9503506
 2.01121625 2.25574755 2.70637814 3.16397256 3.47101993 3.63844119
 3.69605193 3.67366777 3.60110428 3.50817709 3.42470177 3.37671929
 3.36237358 3.36730506 3.37709516 3.37732533 3.353577   3.29143161
 3.17647059 3.03203184 3.03247908 3.38932876 4.12387566 4.79738536
 5.04328655 5.11530071 5.15294144 5.1667919  5.16702597 5.16381751
 5.16734038 5.18776844 5.23527558 5.31996149 5.44355782 5.59185945
 5.74887346 5.89860695 6.02506702 6.11226076 6.14419526 6.10487762
 5.97831494 5.74851569 5.4082768  4.98002808 4.49243845 3.97417684
 3.45391217 2.96031336 2.52204934 2.16778902 1.92620134 1.82595521
 1.89571956 2.16416331 2.65995538 3.41176471]
a_x_fitting=[8.61326443e-01 1.09362357e+01 2.10111450e+01 3.10860543e+01
 4.11609636e+01 5.12358729e+01 6.13107822e+01 7.13856915e+01
 8.14606008e+01 9.15355101e+01 1.01610419e+02 1.11685329e+02
 1.21760238e+02 1.31835147e+02 1.41910057e+02 1.51984966e+02
 1.62059875e+02 1.72134785e+02 1.82209694e+02 1.92284603e+02
 2.02359512e+02 2.12434422e+02 2.22509331e+02 2.32584240e+02
 2.42659150e+02 2.52734059e+02 2.62808968e+02 2.72883878e+02
 2.82958787e+02 2.93033696e+02 3.03108605e+02 3.13183515e+02
 3.23258424e+02 3.33333333e+02 3.43408243e+02 3.53483152e+02
 3.63558061e+02 3.73632971e+02 3.83707880e+02 3.93782789e+02
 4.03857698e+02 4.13932608e+02 4.24007517e+02 4.34082426e+02
 4.44157336e+02 4.54232245e+02 4.64307154e+02 4.74382064e+02
 4.84456973e+02 4.94531882e+02 5.04606791e+02 5.14681701e+02
 5.24756610e+02 5.34831519e+02 5.44906429e+02 5.54981338e+02
 5.65056247e+02 5.75131157e+02 5.85206066e+02 5.95280975e+02
 6.05355884e+02 6.15430794e+02 6.25505703e+02 6.35580612e+02
 6.45655522e+02 6.55730431e+02 6.65805340e+02 6.75880250e+02
 6.85955159e+02 6.96030068e+02 7.06104977e+02 7.16179887e+02
 7.26254796e+02 7.36329705e+02 7.46404615e+02 7.56479524e+02
 7.66554433e+02 7.76629343e+02 7.86704252e+02 7.96779161e+02
 8.06854070e+02 8.16928980e+02 8.27003889e+02 8.37078798e+02
 8.47153708e+02 8.57228617e+02 8.67303526e+02 8.77378436e+02
 8.87453345e+02 8.97528254e+02 9.07603163e+02 9.17678073e+02
 9.27752982e+02 9.37827891e+02 9.47902801e+02 9.57977710e+02
 9.68052619e+02 9.78127529e+02 9.88202438e+02 9.98277347e+02]
a_y_fitting=[-4.26900585 -3.94847873 -3.64775572 -3.36595619 -3.10219951 -2.85560507
 -2.62529225 -2.41038041 -2.20998893 -2.02323721 -1.8492446  -1.68713048
 -1.53601425 -1.39501526 -1.2632529  -1.13984655 -1.02391558 -0.91457937
 -0.81127128 -0.7173763  -0.63897973 -0.58221916 -0.55323219 -0.55815642
 -0.60312944 -0.69428885 -0.83777224 -1.03971722 -1.30626137 -1.64083164
 -2.03093058 -2.4582643  -2.90453055 -3.3514271  -3.78063863 -4.17191239
 -4.50102583 -4.74326998 -4.87393588 -4.86831457 -4.70169708 -4.34937447
 -3.78663775 -3.01894372 -2.24070797 -1.66092214 -1.29159834 -1.10322365
 -1.06628518 -1.15127    -1.32866522 -1.56895792 -1.84263988 -2.12547974
 -2.40864323 -2.68608919 -2.95177646 -3.1996639  -3.42371035 -3.61787466
 -3.77611567 -3.8820671  -3.84626979 -3.54928227 -2.96459226 -2.20958838
 -1.41399909 -0.70755283 -0.21691318  0.01649345  0.04557604 -0.07186606
 -0.27803352 -0.51512698 -0.72534711 -0.8571891  -0.90676784 -0.89197925
 -0.83083173 -0.74133368 -0.64149351 -0.54931962 -0.4828204  -0.46000427
 -0.49887962 -0.61745486 -0.82945018 -1.12150538 -1.46971849 -1.85016385
 -2.23891578 -2.6120486  -2.94563665 -3.21575425 -3.39847572 -3.4698754
 -3.40602761 -3.18300668 -2.77688693 -2.16374269]
d_x_fitting=[8.61326443e-01 1.09275355e+01 2.09937445e+01 3.10599535e+01
 4.11261626e+01 5.11923716e+01 6.12585806e+01 7.13247897e+01
 8.13909987e+01 9.14572077e+01 1.01523417e+02 1.11589626e+02
 1.21655835e+02 1.31722044e+02 1.41788253e+02 1.51854462e+02
 1.61920671e+02 1.71986880e+02 1.82053089e+02 1.92119298e+02
 2.02185507e+02 2.12251716e+02 2.22317925e+02 2.32384134e+02
 2.42450343e+02 2.52516552e+02 2.62582761e+02 2.72648970e+02
 2.82715179e+02 2.92781388e+02 3.02847597e+02 3.12913806e+02
 3.22980015e+02 3.33046225e+02 3.43112434e+02 3.53178643e+02
 3.63244852e+02 3.73311061e+02 3.83377270e+02 3.93443479e+02
 4.03509688e+02 4.13575897e+02 4.23642106e+02 4.33708315e+02
 4.43774524e+02 4.53840733e+02 4.63906942e+02 4.73973151e+02
 4.84039360e+02 4.94105569e+02 5.04171778e+02 5.14237987e+02
 5.24304196e+02 5.34370405e+02 5.44436614e+02 5.54502823e+02
 5.64569032e+02 5.74635241e+02 5.84701450e+02 5.94767659e+02
 6.04833868e+02 6.14900077e+02 6.24966286e+02 6.35032495e+02
 6.45098705e+02 6.55164914e+02 6.65231123e+02 6.75297332e+02
 6.85363541e+02 6.95429750e+02 7.05495959e+02 7.15562168e+02
 7.25628377e+02 7.35694586e+02 7.45760795e+02 7.55827004e+02
 7.65893213e+02 7.75959422e+02 7.86025631e+02 7.96091840e+02
 8.06158049e+02 8.16224258e+02 8.26290467e+02 8.36356676e+02
 8.46422885e+02 8.56489094e+02 8.66555303e+02 8.76621512e+02
 8.86687721e+02 8.96753930e+02 9.06820139e+02 9.16886348e+02
 9.26952557e+02 9.37018766e+02 9.47084976e+02 9.57151185e+02
 9.67217394e+02 9.77283603e+02 9.87349812e+02 9.97416021e+02]
d_y_fitting=[2.86549708 3.20215737 3.50449814 3.77456931 4.0144208  4.22610255
 4.41166449 4.57315652 4.7126286  4.83213063 4.93371255 5.01942428
 5.09131575 5.15143689 5.20183762 5.24456786 5.28167756 5.31521663
 5.34689222 5.37588797 5.40026031 5.41806043 5.42733952 5.42614877
 5.41253936 5.3845625  5.34026937 5.27771115 5.19493535 5.08574152
 4.93150642 4.7113479  4.40438382 3.98973202 3.44666113 2.78584856
 2.08777775 1.44233547 0.93940853 0.66888372 0.72064782 1.18458763
 2.15058993 3.65524594 5.06524223 5.67466749 5.65556951 5.30383991
 4.91508837 4.69208163 4.61120643 4.61499728 4.65119087 4.70231247
 4.76515487 4.83655419 4.91334654 4.99236802 5.07045474 5.14444283
 5.21117072 5.27027228 5.32959786 5.39849977 5.48571904 5.58657237
 5.68329579 5.7575828  5.79116899 5.78540762 5.76883142 5.74339495
 5.70848465 5.66349349 5.60955292 5.5518605  5.49619422 5.44833207
 5.41405203 5.39913211 5.40935029 5.45048455 5.5283129  5.64861333
 5.81693767 5.93664614 5.84303814 5.56766229 5.15465811 4.64816512
 4.09232286 3.53127084 3.0091486  2.57009566 2.25825154 2.11775578
 2.1927479  2.52736742 3.16575387 4.15204678]