
p_x=[0.8613264427217916, 109.38845822566753, 313.52282515073216, 441.8604651162791, 470.2842377260982, 552.9715762273901, 638.2428940568475, 647.7174849267873, 724.3755383290267, 819.9827734711456, 918.1739879414298, 998.2773471145564]
p_y=[5.294117647058823, 2.7058823529411766, 5.647058823529411, 5.0588235294117645, 2.235294117647059, 2.11764705882353, 2.11764705882353, 5.176470588235294, 4.705882352941177, 5.294117647058823, 5.176470588235294, 4.823529411764706]
a_x=[2.5839793281653747, 62.87683031869079, 124.03100775193798, 149.00947459086993, 223.9448751076658, 300.60292850990527, 306.63221360895784, 385.8742463393626, 453.0577088716624, 465.9776055124892, 549.5262704565031, 623.6003445305771, 641.6881998277347, 757.9672695951766, 865.6330749354005, 998.2773471145564]
a_y=[-0.5263157894736832, -0.5263157894736832, -0.2923976608187129, -2.0467836257309955, -2.514619883040936, -2.8654970760233915, -0.4093567251461998, -0.1754385964912295, -0.058479532163742576, -4.035087719298245, -3.6842105263157894, -3.8011695906432745, 0.29239766081871466, -0.2923976608187129, -0.4093567251461998, 0.1754385964912295]
d_x=[5.167958656330749, 67.18346253229974, 121.44702842377261, 147.28682170542638, 210.16365202411714, 289.40568475452193, 298.88027562446166, 373.81567614125754, 444.4444444444444, 459.0869939707149, 540.0516795865633, 621.0163652024117, 639.1042204995694, 720.0689061154177, 818.260120585702, 919.8966408268734, 990.5254091300602]
d_y=[3.2163742690058488, 3.8011695906432754, 4.152046783625732, 2.397660818713451, 2.8654970760233924, 2.9824561403508776, 4.152046783625732, 4.853801169590644, 4.502923976608187, 2.6315789473684212, 3.5672514619883042, 3.0994152046783627, 5.7894736842105265, 5.43859649122807, 5.087719298245615, 4.853801169590644, 4.970760233918129]
p_x_fitting=[8.61326443e-01 1.09362357e+01 2.10111450e+01 3.10860543e+01
 4.11609636e+01 5.12358729e+01 6.13107822e+01 7.13856915e+01
 8.14606008e+01 9.15355101e+01 1.01610419e+02 1.11685329e+02
 1.21760238e+02 1.31835147e+02 1.41910057e+02 1.51984966e+02
 1.62059875e+02 1.72134785e+02 1.82209694e+02 1.92284603e+02
 2.02359512e+02 2.12434422e+02 2.22509331e+02 2.32584240e+02
 2.42659150e+02 2.52734059e+02 2.62808968e+02 2.72883878e+02
 2.82958787e+02 2.93033696e+02 3.03108605e+02 3.13183515e+02
 3.23258424e+02 3.33333333e+02 3.43408243e+02 3.53483152e+02
 3.63558061e+02 3.73632971e+02 3.83707880e+02 3.93782789e+02
 4.03857698e+02 4.13932608e+02 4.24007517e+02 4.34082426e+02
 4.44157336e+02 4.54232245e+02 4.64307154e+02 4.74382064e+02
 4.84456973e+02 4.94531882e+02 5.04606791e+02 5.14681701e+02
 5.24756610e+02 5.34831519e+02 5.44906429e+02 5.54981338e+02
 5.65056247e+02 5.75131157e+02 5.85206066e+02 5.95280975e+02
 6.05355884e+02 6.15430794e+02 6.25505703e+02 6.35580612e+02
 6.45655522e+02 6.55730431e+02 6.65805340e+02 6.75880250e+02
 6.85955159e+02 6.96030068e+02 7.06104977e+02 7.16179887e+02
 7.26254796e+02 7.36329705e+02 7.46404615e+02 7.56479524e+02
 7.66554433e+02 7.76629343e+02 7.86704252e+02 7.96779161e+02
 8.06854070e+02 8.16928980e+02 8.27003889e+02 8.37078798e+02
 8.47153708e+02 8.57228617e+02 8.67303526e+02 8.77378436e+02
 8.87453345e+02 8.97528254e+02 9.07603163e+02 9.17678073e+02
 9.27752982e+02 9.37827891e+02 9.47902801e+02 9.57977710e+02
 9.68052619e+02 9.78127529e+02 9.88202438e+02 9.98277347e+02]
p_y_fitting=[ 5.29411765  4.91834882  4.57115573  4.25224954  3.96134143  3.69814258
  3.46236415  3.25371731  3.07191326  2.91666315  2.78767816  2.68466947
  2.60734825  2.55542567  2.52861291  2.52662114  2.54916153  2.59594527
  2.66668351  2.76108745  2.87886825  3.01973708  3.18340512  3.36958354
  3.57798352  3.80831623  4.06029284  4.33362454  4.62802248  4.94319786
  5.27886183  5.63472558  6.00754381  6.38098724  6.73510829  7.04995925
  7.3055924   7.48206003  7.55941444  7.51770792  7.33699275  6.99732123
  6.47874565  5.76131829  4.82561901  3.73256263  2.70885728  1.99768744
  1.6923523   1.69486328  1.89478585  2.18168553  2.44512781  2.57467819
  2.45990215  1.99078485  1.14686688  0.10778934 -0.91968671 -1.72880018
 -2.11278999 -1.86489509 -0.77835438  1.3535932   4.53325439  7.1565073
  8.57243662  9.00732454  8.69188815  7.85684456  6.73291089  5.55080424
  4.54093959  3.85717238  3.47595018  3.34865982  3.42668813  3.66142192
  4.00424804  4.4065533   4.81972453  5.19514857  5.4875553   5.68656508
  5.80255504  5.84617741  5.82808438  5.75892816  5.64936097  5.51003502
  5.35160251  5.18471565  5.02002665  4.86818773  4.73985108  4.64566893
  4.59629348  4.60237693  4.67457151  4.82352941]
a_x_fitting=[  2.58397933  12.64148809  22.69899686  32.75650562  42.81401439
  52.87152316  62.92903192  72.98654069  83.04404945  93.10155822
 103.15906698 113.21657575 123.27408451 133.33159328 143.38910205
 153.44661081 163.50411958 173.56162834 183.61913711 193.67664587
 203.73415464 213.7916634  223.84917217 233.90668094 243.9641897
 254.02169847 264.07920723 274.136716   284.19422476 294.25173353
 304.30924229 314.36675106 324.42425982 334.48176859 344.53927736
 354.59678612 364.65429489 374.71180365 384.76931242 394.82682118
 404.88432995 414.94183871 424.99934748 435.05685625 445.11436501
 455.17187378 465.22938254 475.28689131 485.34440007 495.40190884
 505.4594176  515.51692637 525.57443514 535.6319439  545.68945267
 555.74696143 565.8044702  575.86197896 585.91948773 595.97699649
 606.03450526 616.09201402 626.14952279 636.20703156 646.26454032
 656.32204909 666.37955785 676.43706662 686.49457538 696.55208415
 706.60959291 716.66710168 726.72461045 736.78211921 746.83962798
 756.89713674 766.95464551 777.01215427 787.06966304 797.1271718
 807.18468057 817.24218934 827.2996981  837.35720687 847.41471563
 857.4722244  867.52973316 877.58724193 887.64475069 897.70225946
 907.75976822 917.81727699 927.87478576 937.93229452 947.98980329
 958.04731205 968.10482082 978.16232958 988.21983835 998.27734711]
a_y_fitting=[-0.52631579 -1.05346455 -1.29569762 -1.30846475 -1.1472157  -0.86740023
 -0.52446811 -0.17386908  0.12894709  0.32853064  0.36943181  0.19620085
 -0.24661201 -0.96572395 -1.723366   -2.21173272 -2.32267905 -2.18090086
 -1.92424487 -1.69055782 -1.61768645 -1.84347748 -2.50577765 -3.66859419
 -5.09202288 -6.45798166 -7.44838845 -7.74516116 -7.03021767 -4.98547591
 -1.34796883  2.04697041  3.80891079  4.28212685  3.8245448   2.79409086
  1.54869125  0.44627219 -0.15524012  0.01500509  0.74247167  1.64449493
  2.33824648  2.44089795  1.56962095 -0.65417929 -3.8181516  -6.13734419
 -7.31569815 -7.59197525 -7.20511505 -6.3940571  -5.39774096 -4.45510618
 -3.80509234 -3.66817186 -4.00778147 -4.59891376 -5.21222826 -5.61838448
 -5.58804195 -4.89186019 -3.30374139 -0.97681631  1.2225359   2.81309131
  3.83994686  4.37621972  4.49502704  4.26948597  3.77271368  3.07782732
  2.25794405  1.38618102  0.5356554  -0.22051567 -0.81967002 -1.25681106
 -1.54671584 -1.70417908 -1.74399548 -1.68095973 -1.52986654 -1.30551062
 -1.02268666 -0.69618937 -0.34081345  0.02864639  0.39739545  0.75063902
  1.07358242  1.35143092  1.56938983  1.71266445  1.76646007  1.71598199
  1.54643551  1.24302591  0.79095851  0.1754386 ]
d_x_fitting=[  5.16795866  15.12106422  25.07416978  35.02727534  44.9803809
  54.93348646  64.88659202  74.83969758  84.79280314  94.7459087
 104.69901426 114.65211982 124.60522538 134.55833094 144.5114365
 154.46454206 164.41764762 174.37075318 184.32385874 194.2769643
 204.23006986 214.18317542 224.13628098 234.08938654 244.0424921
 253.99559766 263.94870323 273.90180879 283.85491435 293.80801991
 303.76112547 313.71423103 323.66733659 333.62044215 343.57354771
 353.52665327 363.47975883 373.43286439 383.38596995 393.33907551
 403.29218107 413.24528663 423.19839219 433.15149775 443.10460331
 453.05770887 463.01081443 472.96391999 482.91702555 492.87013111
 502.82323667 512.77634223 522.72944779 532.68255335 542.63565891
 552.58876448 562.54187004 572.4949756  582.44808116 592.40118672
 602.35429228 612.30739784 622.2605034  632.21360896 642.16671452
 652.11982008 662.07292564 672.0260312  681.97913676 691.93224232
 701.88534788 711.83845344 721.791559   731.74466456 741.69777012
 751.65087568 761.60398124 771.5570868  781.51019236 791.46329792
 801.41640348 811.36950904 821.3226146  831.27572016 841.22882572
 851.18193129 861.13503685 871.08814241 881.04124797 890.99435353
 900.94745909 910.90056465 920.85367021 930.80677577 940.75988133
 950.71298689 960.66609245 970.61919801 980.57230357 990.52540913]
d_y_fitting=[3.21637427 2.79022007 2.64363678 2.71936994 2.96016509 3.30876779
 3.70792357 4.10037798 4.42887657 4.63616489 4.66498847 4.45809287
 3.9600096  3.23591595 2.54618734 2.14524407 2.05970095 2.18926066
 2.4322533  2.68700901 2.85185788 2.82735258 2.59851598 2.25899616
 1.90959078 1.6510975  1.58431397 1.81003785 2.42906679 3.52414987
 4.6491198  5.30878366 5.5814745  5.57324694 5.39015558 5.13825502
 4.92359986 4.85224471 4.99698262 5.28127338 5.58668532 5.79478464
 5.78713756 5.44531026 4.65086896 3.38738251 2.24236168 1.64273707
 1.5028447  1.70194837 2.11931188 2.63419902 3.1258736  3.47359943
 3.55735631 3.33603988 2.91782472 2.42749295 1.98982667 1.72960798
 1.77161899 2.24064181 3.26119611 4.76754002 6.17202217 7.06891907
 7.50401042 7.56564519 7.34217238 6.92194096 6.39329992 5.84459825
 5.36409311 5.01182589 4.77991964 4.65048535 4.60563402 4.62747663
 4.69812417 4.79968764 4.91427803 5.02400632 5.11109137 5.16560043
 5.19063144 5.19051091 5.16956535 5.13212129 5.08250524 5.02504371
 4.96406321 4.90389026 4.84885138 4.80327307 4.77148186 4.75780426
 4.76656678 4.80209594 4.86871826 4.97076023]