
p_x=[0.0, 69.76744186046511, 198.96640826873386, 237.72609819121445, 384.151593453919, 509.9052540913006, 624.4616709732989, 651.1627906976745, 719.2075796726959, 879.4142980189492, 999.1386735572783]
p_y=[5.176470588235294, 3.88235294117647, 3.4117647058823533, 4.352941176470589, 4.352941176470589, 5.882352941176471, 5.882352941176471, 4.705882352941177, 5.647058823529411, 5.176470588235294, 4.9411764705882355]
a_x=[0.0, 69.76744186046511, 194.6597760551249, 242.03273040482344, 383.2902670111972, 511.6279069767442, 620.1550387596899, 651.1627906976745, 718.3462532299742, 865.6330749354005, 998.2773471145564]
a_y=[-1.578947368421053, -1.2280701754385959, -1.8128654970760234, -1.6959064327485365, -1.9298245614035086, -0.1754385964912295, 0.4093567251461998, -0.8771929824561404, 1.3450292397660828, 1.6959064327485383, 1.8128654970760234]
d_x=[2.5839793281653747, 68.90611541774334, 191.2144702842377, 224.8062015503876, 391.90353143841514, 507.32127476313525, 610.6804478897502, 649.4401378122309, 720.0689061154177, 991.3867355727821, 995.693367786391]
d_y=[5.2046783625731, 6.374269005847953, 6.608187134502924, 6.491228070175438, 5.672514619883041, 7.309941520467836, 7.309941520467836, 6.374269005847953, 7.076023391812866, 7.192982456140351, 7.192982456140351]
p_x_fitting=[  0.          10.09230983  20.18461967  30.2769295   40.36923934
  50.46154917  60.553859    70.64616884  80.73847867  90.83078851
 100.92309834 111.01540817 121.10771801 131.20002784 141.29233767
 151.38464751 161.47695734 171.56926718 181.66157701 191.75388684
 201.84619668 211.93850651 222.03081635 232.12312618 242.21543601
 252.30774585 262.40005568 272.49236552 282.58467535 292.67698518
 302.76929502 312.86160485 322.95391469 333.04622452 343.13853435
 353.23084419 363.32315402 373.41546385 383.50777369 393.60008352
 403.69239336 413.78470319 423.87701302 433.96932286 444.06163269
 454.15394253 464.24625236 474.33856219 484.43087203 494.52318186
 504.6154917  514.70780153 524.80011136 534.8924212  544.98473103
 555.07704087 565.1693507  575.26166053 585.35397037 595.4462802
 605.53859003 615.63089987 625.7232097  635.81551954 645.90782937
 656.0001392  666.09244904 676.18475887 686.27706871 696.36937854
 706.46168837 716.55399821 726.64630804 736.73861788 746.83092771
 756.92323754 767.01554738 777.10785721 787.20016705 797.29247688
 807.38478671 817.47709655 827.56940638 837.66171621 847.75402605
 857.84633588 867.93864572 878.03095555 888.12326538 898.21557522
 908.30788505 918.40019489 928.49250472 938.58481455 948.67712439
 958.76943422 968.86174406 978.95405389 989.04636372 999.13867356]
p_y_fitting=[5.17647059 5.01036791 4.83124831 4.64270238 4.44832069 4.25169383
 4.05641238 3.86606693 3.68424806 3.51454635 3.36055238 3.22585674
 3.11405001 3.02872277 2.97346561 2.95186911 2.96752385 3.02402042
 3.12494939 3.27390135 3.47434125 3.71875283 3.9802534  4.2299864
 4.43960378 4.5961478  4.70443572 4.77027333 4.79946642 4.79782079
 4.77114222 4.72523651 4.66590945 4.59896684 4.53021445 4.4654581
 4.41050356 4.37115663 4.35322311 4.36147375 4.39566377 4.45403121
 4.53481379 4.63624923 4.75657523 4.89402952 5.04684982 5.21327385
 5.39153931 5.57988394 5.77654544 5.97959632 6.18284118 6.37553929
 6.54672914 6.68544923 6.78073804 6.82163409 6.79717586 6.69640185
 6.50835056 6.22206047 5.82661587 5.34429116 4.88905703 4.58743826
 4.48599706 4.54689816 4.72827015 4.98824163 5.28494123 5.57649753
 5.82410319 6.01680181 6.1584944  6.25322109 6.30502197 6.31793716
 6.29600678 6.24327093 6.16376972 6.06154327 5.94063168 5.80507507
 5.65891354 5.50618721 5.3509362  5.1972006  5.04902053 4.9104361
 4.78548742 4.67821461 4.59265777 4.53285701 4.50285245 4.5066842
 4.54839237 4.63201706 4.76159839 4.94117647]
a_x_fitting=[  0.          10.08360957  20.16721913  30.2508287   40.33443827
  50.41804783  60.5016574   70.58526697  80.66887653  90.7524861
 100.83609567 110.91970523 121.0033148  131.08692437 141.17053394
 151.2541435  161.33775307 171.42136264 181.5049722  191.58858177
 201.67219134 211.7558009  221.83941047 231.92302004 242.0066296
 252.09023917 262.17384874 272.2574583  282.34106787 292.42467744
 302.508287   312.59189657 322.67550614 332.7591157  342.84272527
 352.92633484 363.00994441 373.09355397 383.17716354 393.26077311
 403.34438267 413.42799224 423.51160181 433.59521137 443.67882094
 453.76243051 463.84604007 473.92964964 484.01325921 494.09686877
 504.18047834 514.26408791 524.34769747 534.43130704 544.51491661
 554.59852617 564.68213574 574.76574531 584.84935488 594.93296444
 605.01657401 615.10018358 625.18379314 635.26740271 645.35101228
 655.43462184 665.51823141 675.60184098 685.68545054 695.76906011
 705.85266968 715.93627924 726.01988881 736.10349838 746.18710794
 756.27071751 766.35432708 776.43793664 786.52154621 796.60515578
 806.68876535 816.77237491 826.85598448 836.93959405 847.02320361
 857.10681318 867.19042275 877.27403231 887.35764188 897.44125145
 907.52486101 917.60847058 927.69208015 937.77568971 947.85929928
 957.94290885 968.02651841 978.11012798 988.19373755 998.27734711]
a_y_fitting=[-1.57894737 -1.44595719 -1.34551318 -1.27472163 -1.23068885 -1.21052115
 -1.21132484 -1.2302062  -1.26427155 -1.31062719 -1.36637943 -1.42863457
 -1.49449891 -1.56107876 -1.62548041 -1.68481019 -1.73617438 -1.77667929
 -1.80343123 -1.8135365  -1.80469551 -1.78084105 -1.7496283  -1.71876238
 -1.69594836 -1.6872246  -1.69191044 -1.70763239 -1.73201695 -1.76269064
 -1.79727996 -1.83341142 -1.86871152 -1.90080678 -1.9273237  -1.94588879
 -1.95412855 -1.9496695  -1.93013814 -1.89355175 -1.8395442  -1.76816732
 -1.67947296 -1.57351296 -1.45033916 -1.31000341 -1.15255753 -0.97805338
 -0.7865428  -0.57807762 -0.35270969 -0.11053424  0.14365147  0.39619992
  0.63248495  0.83788043  0.99776022  1.09749816  1.12246811  1.05804393
  0.88959948  0.60250861  0.18530354 -0.30039773 -0.71964428 -0.93673767
 -0.899506   -0.6577492  -0.26746268  0.21535815  0.73471789  1.23462113
  1.66364181  2.00869745  2.27585962  2.47134142  2.60135595  2.67211632
  2.68983564  2.660727    2.59100352  2.48687829  2.35456443  2.20027503
  2.0302232   1.85062205  1.66768468  1.4876242   1.3166537   1.1609863
  1.0268351   0.9204132   0.84793371  0.81560973  0.82965437  0.89628073
  1.02170192  1.21213104  1.4737812   1.8128655 ]
d_x_fitting=[  2.58397933  12.61538729  22.64679526  32.67820322  42.70961119
  52.74101915  62.77242711  72.80383508  82.83524304  92.86665101
 102.89805897 112.92946693 122.9608749  132.99228286 143.02369083
 153.05509879 163.08650676 173.11791472 183.14932268 193.18073065
 203.21213861 213.24354658 223.27495454 233.30636251 243.33777047
 253.36917843 263.4005864  273.43199436 283.46340233 293.49481029
 303.52621825 313.55762622 323.58903418 333.62044215 343.65185011
 353.68325808 363.71466604 373.746074   383.77748197 393.80888993
 403.8402979  413.87170586 423.90311383 433.93452179 443.96592975
 453.99733772 464.02874568 474.06015365 484.09156161 494.12296958
 504.15437754 514.1857855  524.21719347 534.24860143 544.2800094
 554.31141736 564.34282532 574.37423329 584.40564125 594.43704922
 604.46845718 614.49986515 624.53127311 634.56268107 644.59408904
 654.625497   664.65690497 674.68831293 684.7197209  694.75112886
 704.78253682 714.81394479 724.84535275 734.87676072 744.90816868
 754.93957665 764.97098461 775.00239257 785.03380054 795.0652085
 805.09661647 815.12802443 825.15943239 835.19084036 845.22224832
 855.25365629 865.28506425 875.31647222 885.34788018 895.37928814
 905.41069611 915.44210407 925.47351204 935.50492    945.53632797
 955.56773593 965.59914389 975.63055186 985.66195982 995.69336779]
d_y_fitting=[5.20467836 5.45348853 5.67437712 5.86883594 6.03835682 6.18443156
 6.30855199 6.41220992 6.49689717 6.56410556 6.6153269  6.65205302
 6.67577573 6.68798684 6.69017818 6.68384156 6.6704688  6.65155172
 6.62858213 6.60304556 6.57502453 6.541436   6.49876307 6.44408807
 6.37830547 6.30380394 6.22297563 6.13821271 6.05190734 5.96645167
 5.88423787 5.80765809 5.7391045  5.68096925 5.63564451 5.60552243
 5.59299517 5.6004549  5.63029378 5.6848974  5.76506381 5.8679475
 5.99019382 6.12844815 6.27935584 6.43956224 6.60571273 6.77445265
 6.94242736 7.10628223 7.26266261 7.40813136 7.53835098 7.64842994
 7.73346859 7.78856728 7.80882636 7.78934619 7.72522712 7.6115695
 7.44347369 7.21650277 6.94643721 6.67668787 6.45265641 6.31824914
 6.28556365 6.33626174 6.45078464 6.60957357 6.79306974 6.98171438
 7.15632469 7.30741721 7.43583058 7.54290413 7.62997719 7.69838908
 7.74947914 7.78458671 7.8050511  7.81221166 7.80740771 7.79197858
 7.76726361 7.73460212 7.69533344 7.65079692 7.60233187 7.55127763
 7.49897353 7.4467589  7.39597306 7.34795536 7.30404513 7.26558168
 7.23390436 7.2103525  7.19626542 7.19298246]