
p_x=[3.4453057708871664, 157.62273901808786, 279.06976744186045, 403.1007751937984, 575.3660637381568, 700.2583979328165, 795.8656330749354, 995.693367786391]
p_y=[2.5882352941176467, 4.470588235294118, 4.117647058823529, 2.5882352941176467, 3.4117647058823533, 3.764705882352941, 4.823529411764706, 4.470588235294118]
a_x=[1.7226528854435832, 155.03875968992247, 278.20844099913865, 406.54608096468564, 568.4754521963824, 703.7037037037037, 795.8656330749354, 996.5546942291128]
a_y=[-3.2163742690058488, -2.397660818713449, -2.7485380116959064, -2.397660818713449, -3.2163742690058488, -3.5672514619883025, -2.397660818713449, -2.397660818713449]
d_x=[0.8613264427217916, 153.31610680447892, 271.3178294573643, 398.7941429801895, 567.6141257536607, 698.5357450473729, 798.4496124031008, 994.8320413436692]
d_y=[2.514619883040936, 4.385964912280702, 4.152046783625732, 4.970760233918129, 3.6842105263157894, 3.5672514619883042, 2.397660818713451, 4.385964912280702]
p_x_fitting=[  3.44530577  13.46801347  23.49072117  33.51342886  43.53613656
  53.55884426  63.58155195  73.60425965  83.62696735  93.64967505
 103.67238274 113.69509044 123.71779814 133.74050583 143.76321353
 153.78592123 163.80862892 173.83133662 183.85404432 193.87675202
 203.89945971 213.92216741 223.94487511 233.9675828  243.9902905
 254.0129982  264.0357059  274.05841359 284.08112129 294.10382899
 304.12653668 314.14924438 324.17195208 334.19465978 344.21736747
 354.24007517 364.26278287 374.28549056 384.30819826 394.33090596
 404.35361366 414.37632135 424.39902905 434.42173675 444.44444444
 454.46715214 464.48985984 474.51256754 484.53527523 494.55798293
 504.58069063 514.60339832 524.62610602 534.64881372 544.67152142
 554.69422911 564.71693681 574.73964451 584.7623522  594.7850599
 604.8077676  614.8304753  624.85318299 634.87589069 644.89859839
 654.92130608 664.94401378 674.96672148 684.98942918 695.01213687
 705.03484457 715.05755227 725.08025996 735.10296766 745.12567536
 755.14838306 765.17109075 775.19379845 785.21650615 795.23921384
 805.26192154 815.28462924 825.30733694 835.33004463 845.35275233
 855.37546003 865.39816772 875.42087542 885.44358312 895.46629082
 905.48899851 915.51170621 925.53441391 935.5571216  945.5798293
 955.602537   965.6252447  975.64795239 985.67066009 995.69336779]
p_y_fitting=[2.58823529 2.77144561 2.94748686 3.11606953 3.27690413 3.42970116
 3.57417111 3.71002448 3.83697177 3.95472348 4.0629901  4.16148213
 4.24991007 4.32798442 4.39541568 4.45191433 4.49719089 4.53095585
 4.5529197  4.56279295 4.56028609 4.54510961 4.51697403 4.47558983
 4.42066752 4.35191758 4.26905053 4.17177685 4.05987854 3.93478188
 3.79955748 3.65734742 3.51129378 3.36453865 3.22022412 3.08149227
 2.95148518 2.83334496 2.73021367 2.64523341 2.58154456 2.54104898
 2.52222685 2.52297243 2.54117994 2.57474362 2.62155772 2.67951648
 2.74651413 2.82044491 2.89920306 2.98068282 3.06277843 3.14338414
 3.22039417 3.29170277 3.35520418 3.40879264 3.45095325 3.4830232
 3.50719913 3.52567782 3.54065608 3.55433069 3.56889845 3.58655616
 3.60950062 3.63992862 3.68003696 3.73202243 3.79800897 3.87824494
 3.97098482 4.07438657 4.18660812 4.30580744 4.43014247 4.55777115
 4.68685145 4.81554131 4.94199867 5.0643815  5.18084773 5.28955532
 5.38866222 5.47632637 5.55070573 5.60995825 5.65224187 5.67571455
 5.67853423 5.65885886 5.6148464  5.54465479 5.44644199 5.31836593
 5.15858458 4.96525588 4.73653778 4.47058824]
a_x_fitting=[  1.72265289  11.77146138  21.82026988  31.86907838  41.91788688
  51.96669538  62.01550388  72.06431237  82.11312087  92.16192937
 102.21073787 112.25954637 122.30835487 132.35716336 142.40597186
 152.45478036 162.50358886 172.55239736 182.60120586 192.65001436
 202.69882285 212.74763135 222.79643985 232.84524835 242.89405685
 252.94286535 262.99167384 273.04048234 283.08929084 293.13809934
 303.18690784 313.23571634 323.28452483 333.33333333 343.38214183
 353.43095033 363.47975883 373.52856733 383.57737583 393.62618432
 403.67499282 413.72380132 423.77260982 433.82141832 443.87022682
 453.91903531 463.96784381 474.01665231 484.06546081 494.11426931
 504.16307781 514.2118863  524.2606948  534.3095033  544.3583118
 554.4071203  564.4559288  574.5047373  584.55354579 594.60235429
 604.65116279 614.69997129 624.74877979 634.79758829 644.84639678
 654.89520528 664.94401378 674.99282228 685.04163078 695.09043928
 705.13924777 715.18805627 725.23686477 735.28567327 745.33448177
 755.38329027 765.43209877 775.48090726 785.52971576 795.57852426
 805.62733276 815.67614126 825.72494976 835.77375825 845.82256675
 855.87137525 865.92018375 875.96899225 886.01780075 896.06660924
 906.11541774 916.16422624 926.21303474 936.26184324 946.31065174
 956.35946024 966.40826873 976.45707723 986.50588573 996.55469423]
a_y_fitting=[-3.21637427 -3.04120749 -2.88861734 -2.75735204 -2.64615978 -2.55378879
 -2.47898725 -2.42050338 -2.37708539 -2.34748147 -2.33043984 -2.3247087
 -2.32903627 -2.34217073 -2.36286031 -2.3898532  -2.42189761 -2.45774175
 -2.49613383 -2.53582205 -2.57555461 -2.61407973 -2.65014561 -2.68250045
 -2.70989246 -2.73106985 -2.74478082 -2.74977359 -2.74485213 -2.73019391
 -2.707402   -2.6781457  -2.64409429 -2.60691707 -2.56828333 -2.52986236
 -2.49332347 -2.46033594 -2.43256906 -2.41169213 -2.39937445 -2.39714046
 -2.40509174 -2.42252224 -2.44871663 -2.48295961 -2.52453584 -2.57273002
 -2.62682683 -2.68611094 -2.74986704 -2.81737981 -2.88793393 -2.96081408
 -3.03530494 -3.1106912  -3.18625754 -3.26126245 -3.33457257 -3.40475289
 -3.47036065 -3.52995306 -3.58208737 -3.62532081 -3.6582106  -3.67931398
 -3.68718817 -3.68039042 -3.65747794 -3.61700798 -3.55753956 -3.47854814
 -3.38191386 -3.26990654 -3.14479598 -3.00885198 -2.86434435 -2.7135429
 -2.55871743 -2.40213775 -2.24607366 -2.09279497 -1.94457149 -1.80367302
 -1.67236937 -1.55293035 -1.44762575 -1.35872539 -1.28849907 -1.2392166
 -1.21314778 -1.21256242 -1.23973033 -1.29692131 -1.38640516 -1.5104517
 -1.67133073 -1.87131206 -2.11266549 -2.39766082]
d_x_fitting=[8.61326443e-01 1.09014347e+01 2.09415429e+01 3.09816511e+01
 4.10217594e+01 5.10618676e+01 6.11019758e+01 7.11420841e+01
 8.11821923e+01 9.12223005e+01 1.01262409e+02 1.11302517e+02
 1.21342625e+02 1.31382733e+02 1.41422842e+02 1.51462950e+02
 1.61503058e+02 1.71543166e+02 1.81583275e+02 1.91623383e+02
 2.01663491e+02 2.11703599e+02 2.21743708e+02 2.31783816e+02
 2.41823924e+02 2.51864032e+02 2.61904140e+02 2.71944249e+02
 2.81984357e+02 2.92024465e+02 3.02064573e+02 3.12104682e+02
 3.22144790e+02 3.32184898e+02 3.42225006e+02 3.52265115e+02
 3.62305223e+02 3.72345331e+02 3.82385439e+02 3.92425547e+02
 4.02465656e+02 4.12505764e+02 4.22545872e+02 4.32585980e+02
 4.42626089e+02 4.52666197e+02 4.62706305e+02 4.72746413e+02
 4.82786522e+02 4.92826630e+02 5.02866738e+02 5.12906846e+02
 5.22946954e+02 5.32987063e+02 5.43027171e+02 5.53067279e+02
 5.63107387e+02 5.73147496e+02 5.83187604e+02 5.93227712e+02
 6.03267820e+02 6.13307929e+02 6.23348037e+02 6.33388145e+02
 6.43428253e+02 6.53468361e+02 6.63508470e+02 6.73548578e+02
 6.83588686e+02 6.93628794e+02 7.03668903e+02 7.13709011e+02
 7.23749119e+02 7.33789227e+02 7.43829336e+02 7.53869444e+02
 7.63909552e+02 7.73949660e+02 7.83989768e+02 7.94029877e+02
 8.04069985e+02 8.14110093e+02 8.24150201e+02 8.34190310e+02
 8.44230418e+02 8.54270526e+02 8.64310634e+02 8.74350743e+02
 8.84390851e+02 8.94430959e+02 9.04471067e+02 9.14511175e+02
 9.24551284e+02 9.34591392e+02 9.44631500e+02 9.54671608e+02
 9.64711717e+02 9.74751825e+02 9.84791933e+02 9.94832041e+02]
d_y_fitting=[2.51461988 2.8510534  3.14754923 3.40635495 3.62971812 3.81988632
 3.97910713 4.1096281  4.21369682 4.29356086 4.35146778 4.38966515
 4.41040056 4.41592156 4.40847574 4.39031066 4.3636739  4.33081302
 4.2939756  4.25540921 4.21736141 4.18207979 4.15181191 4.12880535
 4.11530767 4.11356644 4.12582925 4.15434343 4.20025121 4.26102616
 4.33338159 4.41403077 4.49968702 4.58706363 4.67287388 4.75383109
 4.82664854 4.88803952 4.93471735 4.9633953  4.97083345 4.95604111
 4.92122648 4.86884187 4.80133959 4.72117196 4.63079129 4.53264989
 4.42920009 4.32289418 4.21618449 4.11152334 4.01136303 3.91815587
 3.83435419 3.76241029 3.7047765  3.66375445 3.63888945 3.62731488
 3.62608272 3.63224493 3.6428535  3.65496039 3.66561758 3.67187705
 3.67079076 3.65941069 3.63478882 3.59397711 3.5341532  3.45523757
 3.35981407 3.25057636 3.13021806 3.00143282 2.86691427 2.72935606
 2.59145183 2.4558952  2.32537983 2.20259934 2.09024739 1.9910176
 1.90760361 1.84269908 1.79899762 1.77919289 1.78597851 1.82204814
 1.89009541 1.99281395 2.13289741 2.31303942 2.53593363 2.80427366
 3.12075317 3.48806579 3.90890516 4.38596491]