
p_x=[0.0, 49.09560723514212, 104.22049956933678, 131.78294573643413, 155.90008613264428, 161.92937123169682, 169.68130921619291, 180.87855297157623, 198.10508182601205, 234.28079242032732, 271.3178294573643, 285.099052540913, 296.2962962962963, 304.90956072351423, 322.13608957795003, 345.3919035314384, 399.6554694229113, 431.5245478036176, 446.167097329888, 459.9483204134367, 468.56158484065463, 484.0654608096469, 500.4306632213609, 536.6063738156761, 613.2644272179157, 745.0473729543497, 884.58225667528, 996.5546942291128]
p_y=[3.5294117647058822, 4.705882352941177, 4.0, 3.88235294117647, 4.0, 5.0588235294117645, 7.411764705882353, 7.764705882352941, 7.176470588235294, 7.529411764705882, 7.294117647058824, 7.529411764705882, 7.529411764705882, 5.0588235294117645, 4.705882352941177, 4.823529411764706, 4.9411764705882355, 4.352941176470589, 4.705882352941177, 4.823529411764706, 7.176470588235294, 7.764705882352941, 7.882352941176471, 7.764705882352941, 7.176470588235294, 7.529411764705882, 7.0588235294117645, 7.0588235294117645]
a_x=[0.0, 63.738156761412576, 107.66580534022395, 149.87080103359173, 163.6520241171404, 192.0757967269595, 242.89405684754522, 300.60292850990527, 318.69078380706287, 375.53832902670115, 416.0206718346253, 429.801894918174, 446.167097329888, 451.3350559862188, 467.7002583979328, 483.2041343669251, 524.547803617571, 660.637381567614, 757.9672695951766, 883.7209302325582, 996.5546942291128]
a_y=[-1.4619883040935662, -1.1111111111111107, -0.9941520467836256, -0.8771929824561404, 0.9941520467836256, 1.3450292397660828, 1.461988304093568, 1.2280701754385976, -0.2923976608187129, 0.4093567251461998, -0.2923976608187129, -0.5263157894736832, -0.5263157894736832, 1.2280701754385976, 2.0467836257309946, 2.280701754385966, 2.0467836257309946, 1.9298245614035086, 1.9298245614035086, 2.280701754385966, 1.9298245614035086]
d_x=[0.0, 63.738156761412576, 141.25753660637383, 166.23600344530576, 243.75538329026702, 274.76313522825154, 304.0482342807924, 342.80792420327305, 391.90353143841514, 414.2980189491817, 434.9698535745047, 443.58311800172265, 459.0869939707149, 475.4521963824289, 509.9052540913006, 585.7019810508183, 716.6236003445306, 854.4358311800172, 995.693367786391]
d_y=[5.906432748538012, 6.491228070175438, 6.959064327485381, 8.362573099415204, 8.713450292397662, 8.947368421052632, 8.596491228070175, 5.906432748538012, 6.140350877192983, 5.906432748538012, 5.7894736842105265, 8.713450292397662, 8.947368421052632, 8.47953216374269, 8.24561403508772, 8.596491228070175, 8.011695906432749, 7.777777777777778, 7.777777777777778]
p_x_fitting=[  0.          10.06620903  20.13241807  30.1986271   40.26483613
  50.33104516  60.3972542   70.46346323  80.52967226  90.59588129
 100.66209033 110.72829936 120.79450839 130.86071742 140.92692646
 150.99313549 161.05934452 171.12555355 181.19176259 191.25797162
 201.32418065 211.39038968 221.45659872 231.52280775 241.58901678
 251.65522582 261.72143485 271.78764388 281.85385291 291.92006195
 301.98627098 312.05248001 322.11868904 332.18489808 342.25110711
 352.31731614 362.38352517 372.44973421 382.51594324 392.58215227
 402.6483613  412.71457034 422.78077937 432.8469884  442.91319744
 452.97940647 463.0456155  473.11182453 483.17803357 493.2442426
 503.31045163 513.37666066 523.4428697  533.50907873 543.57528776
 553.64149679 563.70770583 573.77391486 583.84012389 593.90633292
 603.97254196 614.03875099 624.10496002 634.17116905 644.23737809
 654.30358712 664.36979615 674.43600519 684.50221422 694.56842325
 704.63463228 714.70084132 724.76705035 734.83325938 744.89946841
 754.96567745 765.03188648 775.09809551 785.16430454 795.23051358
 805.29672261 815.36293164 825.42914067 835.49534971 845.56155874
 855.62776777 865.69397681 875.76018584 885.82639487 895.8926039
 905.95881294 916.02502197 926.091231   936.15744003 946.22364907
 956.2898581  966.35606713 976.42227616 986.4884852  996.55469423]
p_y_fitting=[3.52941176 4.1168553  4.49275981 4.69147559 4.74735294 4.69474217
 4.56799356 4.40145744 4.22948408 4.0864238  4.00662689 4.01593467
 4.03366571 3.90662132 3.59141913 3.63099926 4.83923663 7.67835568
 7.74733313 7.32048744 7.14927744 7.1939087  7.34877531 7.50232727
 7.55350194 7.50020348 7.39474704 7.29002274 7.36706517 7.90372639
 5.90698853 4.22995994 4.70487504 4.96564425 4.86313971 4.79303998
 4.85657302 4.97554528 5.06921288 5.05683194 4.85917445 4.51688018
 4.27524775 4.39894375 4.74467341 4.37545471 5.60220588 7.83935042
 7.79200761 7.74528593 7.92554304 7.97878838 7.92057282 7.8040582
 7.67950667 7.56642519 7.46579682 7.37835002 7.30481328 7.24591507
 7.20238387 7.17494794 7.16373032 7.16692949 7.18236226 7.20784543
 7.2411958  7.28023017 7.32276535 7.36661814 7.40960533 7.44954375
 7.48425017 7.51154142 7.52923428 7.53567254 7.53140283 7.51754735
 7.49522828 7.46556779 7.42968808 7.38871132 7.34375969 7.29595539
 7.24642059 7.19627748 7.14664824 7.09865505 7.05342009 7.01206556
 6.97571363 6.94548648 6.9225063  6.90789527 6.90277558 6.9082694
 6.92549892 6.95558633 6.99965381 7.05882353]
a_x_fitting=[  0.          10.06620903  20.13241807  30.1986271   40.26483613
  50.33104516  60.3972542   70.46346323  80.52967226  90.59588129
 100.66209033 110.72829936 120.79450839 130.86071742 140.92692646
 150.99313549 161.05934452 171.12555355 181.19176259 191.25797162
 201.32418065 211.39038968 221.45659872 231.52280775 241.58901678
 251.65522582 261.72143485 271.78764388 281.85385291 291.92006195
 301.98627098 312.05248001 322.11868904 332.18489808 342.25110711
 352.31731614 362.38352517 372.44973421 382.51594324 392.58215227
 402.6483613  412.71457034 422.78077937 432.8469884  442.91319744
 452.97940647 463.0456155  473.11182453 483.17803357 493.2442426
 503.31045163 513.37666066 523.4428697  533.50907873 543.57528776
 553.64149679 563.70770583 573.77391486 583.84012389 593.90633292
 603.97254196 614.03875099 624.10496002 634.17116905 644.23737809
 654.30358712 664.36979615 674.43600519 684.50221422 694.56842325
 704.63463228 714.70084132 724.76705035 734.83325938 744.89946841
 754.96567745 765.03188648 775.09809551 785.16430454 795.23051358
 805.29672261 815.36293164 825.42914067 835.49534971 845.56155874
 855.62776777 865.69397681 875.76018584 885.82639487 895.8926039
 905.95881294 916.02502197 926.091231   936.15744003 946.22364907
 956.2898581  966.35606713 976.42227616 986.4884852  996.55469423]
a_y_fitting=[-1.4619883  -1.76292631 -1.86808516 -1.82047905 -1.66312216 -1.43902867
 -1.19121277 -0.96268863 -0.79647045 -0.7355724  -0.82300868 -1.10029203
 -1.49665231 -1.75315285 -1.59289877 -0.73940147  0.68296391  1.52872475
  1.6135506   1.36644585  1.16369933  1.08441079  1.11302315  1.23393908
  1.43156128  1.68300451  1.9222105   2.06728272  2.03630054  1.74734336
  1.11876036  0.22081366 -0.4759315  -0.6963585  -0.56398562 -0.23573387
  0.13147572  0.38072214  0.37262601  0.15329422 -0.11970719 -0.28729081
 -0.26647789 -0.8159214  -1.15589622  1.65765036  2.24941194  2.00262749
  2.27995785  2.44325317  2.41041299  2.25911214  2.06702542  1.90217846
  1.77882493  1.69259807  1.63911307  1.61398507  1.61282925  1.63126078
  1.66489481  1.70934652  1.76023106  1.81316361  1.86375934  1.9076334
  1.94045775  1.96054696  1.96992347  1.97088727  1.96573834  1.95677668
  1.94630227  1.93661511  1.93001517  1.92880246  1.93508053  1.94893799
  1.96928053  1.99499878  2.02498335  2.05812488  2.09331399  2.12944131
  2.16539746  2.20007306  2.23235875  2.26114514  2.28532287  2.30378255
  2.31541481  2.31911029  2.31375959  2.29825335  2.2714822   2.23233675
  2.17970764  2.11248549  2.02956092  1.92982456]
d_x_fitting=[  0.          10.05750877  20.11501753  30.1725263   40.23003506
  50.28754383  60.34505259  70.40256136  80.46007012  90.51757889
 100.57508766 110.63259642 120.69010519 130.74761395 140.80512272
 150.86263148 160.92014025 170.97764901 181.03515778 191.09266654
 201.15017531 211.20768408 221.26519284 231.32270161 241.38021037
 251.43771914 261.4952279  271.55273667 281.61024543 291.6677542
 301.72526297 311.78277173 321.8402805  331.89778926 341.95529803
 352.01280679 362.07031556 372.12782432 382.18533309 392.24284186
 402.30035062 412.35785939 422.41536815 432.47287692 442.53038568
 452.58789445 462.64540321 472.70291198 482.76042074 492.81792951
 502.87543828 512.93294704 522.99045581 533.04796457 543.10547334
 553.1629821  563.22049087 573.27799963 583.3355084  593.39301717
 603.45052593 613.5080347  623.56554346 633.62305223 643.68056099
 653.73806976 663.79557852 673.85308729 683.91059606 693.96810482
 704.02561359 714.08312235 724.14063112 734.19813988 744.25564865
 754.31315741 764.37066618 774.42817494 784.48568371 794.54319248
 804.60070124 814.65821001 824.71571877 834.77322754 844.8307363
 854.88824507 864.94575383 875.0032626  885.06077137 895.11828013
 905.1757889  915.23329766 925.29080643 935.34831519 945.40582396
 955.46333272 965.52084149 975.57835026 985.63585902 995.69336779]
d_y_fitting=[5.90643275 6.30590681 6.55349053 6.67462237 6.69474081 6.6392843
 6.5336913  6.40340029 6.27384972 6.17047806 6.11872378 6.14402533
 6.27182119 6.52754981 6.93664966 7.49817589 8.09038406 8.56037824
 8.84506843 8.97811832 8.99798442 8.94312325 8.85199132 8.76304515
 8.71474126 8.73964856 8.82139141 8.91933544 8.98930206 8.94987658
 8.69651249 8.14558061 7.38723473 6.5965349  5.94911723 5.58925675
 5.49928578 5.60941754 5.84984032 6.1507397  6.36483193 6.06474781
 5.05132081 5.23120513 8.41455115 9.43073575 8.7332384  8.49903763
 8.42574467 8.34608103 8.27719272 8.23799835 8.23766484 8.26887555
 8.32272292 8.3902994  8.46269744 8.53100949 8.58632799 8.62059615
 8.63280947 8.62545047 8.60102646 8.56204476 8.51101269 8.45043755
 8.38282667 8.31068734 8.2365269  8.16285265 8.0921719  8.02699198
 7.96960839 7.92045719 7.87901019 7.84473099 7.81708322 7.7955305
 7.77953643 7.76856464 7.76207874 7.75954236 7.7604191  7.76417259
 7.77026645 7.77816428 7.78732972 7.79722637 7.80731786 7.81706779
 7.8259398  7.83339749 7.83890448 7.8419244  7.84192085 7.83835745
 7.83069783 7.8184056  7.80094438 7.77777778]