
p_x=[0.0, 74.93540051679587, 139.53488372093022, 212.7476313522825, 273.90180878552974, 280.79242032730406, 373.81567614125754, 442.72179155900085, 459.0869939707149, 527.9931093884583, 594.3152454780361, 608.9577950043066, 763.9965546942291, 792.4203273040482, 916.4513350559862, 999.1386735572783]
p_y=[-1.647058823529413, 0.0, -0.47058823529411775, 0.8235294117647065, 0.35294117647058876, 2.235294117647059, 2.235294117647059, 2.8235294117647056, -1.4117647058823515, -1.1764705882352935, -1.4117647058823515, 1.6470588235294112, 3.1764705882352935, 3.764705882352941, 3.647058823529412, 2.8235294117647056]
a_x=[0.0, 137.81223083548667, 276.48578811369504, 294.57364341085275, 378.1223083548665, 447.8897502153316, 478.0361757105943, 531.4384151593454, 596.8992248062015, 619.2937123169681, 743.3247200689061, 778.6391042204996, 782.9457364341084, 803.6175710594315, 904.3927648578812, 992.2480620155038]
a_y=[0.7602339181286553, 0.7602339181286553, 2.7485380116959064, 4.269005847953217, 5.087719298245615, 3.8011695906432754, -0.5263157894736832, 0.4093567251461998, 0.058479532163742576, 4.502923976608187, 4.035087719298246, 3.5672514619883042, 1.9298245614035086, 2.9824561403508776, 2.6315789473684212, 4.619883040935672]
d_x=[0.0, 132.6442721791559, 279.06976744186045, 298.88027562446166, 390.1808785529716, 461.6709732988803, 496.1240310077519, 553.8329026701119, 591.7312661498709, 641.6881998277347, 696.8130921619294, 701.9810508182601, 759.6899224806202, 790.6976744186046, 814.8148148148148, 897.5021533161068, 995.693367786391]
d_y=[-2.7485380116959064, 0.526315789473685, 5.087719298245615, 6.140350877192983, 6.842105263157895, 6.842105263157895, -3.2163742690058488, -2.6315789473684212, -2.9824561403508767, 6.842105263157895, 7.894736842105264, 7.426900584795321, 6.842105263157895, 4.736842105263158, 6.842105263157895, 6.842105263157895, 6.959064327485381]
p_x_fitting=[  0.          10.09230983  20.18461967  30.2769295   40.36923934
  50.46154917  60.553859    70.64616884  80.73847867  90.83078851
 100.92309834 111.01540817 121.10771801 131.20002784 141.29233767
 151.38464751 161.47695734 171.56926718 181.66157701 191.75388684
 201.84619668 211.93850651 222.03081635 232.12312618 242.21543601
 252.30774585 262.40005568 272.49236552 282.58467535 292.67698518
 302.76929502 312.86160485 322.95391469 333.04622452 343.13853435
 353.23084419 363.32315402 373.41546385 383.50777369 393.60008352
 403.69239336 413.78470319 423.87701302 433.96932286 444.06163269
 454.15394253 464.24625236 474.33856219 484.43087203 494.52318186
 504.6154917  514.70780153 524.80011136 534.8924212  544.98473103
 555.07704087 565.1693507  575.26166053 585.35397037 595.4462802
 605.53859003 615.63089987 625.7232097  635.81551954 645.90782937
 656.0001392  666.09244904 676.18475887 686.27706871 696.36937854
 706.46168837 716.55399821 726.64630804 736.73861788 746.83092771
 756.92323754 767.01554738 777.10785721 787.20016705 797.29247688
 807.38478671 817.47709655 827.56940638 837.66171621 847.75402605
 857.84633588 867.93864572 878.03095555 888.12326538 898.21557522
 908.30788505 918.40019489 928.49250472 938.58481455 948.67712439
 958.76943422 968.86174406 978.95405389 989.04636372 999.13867356]
p_y_fitting=[-1.64705882 -0.82712925 -0.25405801  0.10570969  0.28572866  0.31955371
  0.24073963  0.08284122 -0.12058671 -0.33598935 -0.52981191 -0.66849959
 -0.71849757 -0.64625107 -0.41831225 -0.03360004  0.43129074  0.88835306
  1.24957992  1.4269643   1.33249919  0.87817757  0.02980763 -0.97276658
 -1.80269403 -2.13308807 -1.63706206  0.01227065  2.68919513  4.59876511
  5.55471198  5.75566516  5.40025406  4.68710808  3.81485666  2.98212919
  2.38755509  2.22976378  2.63508544  3.40408343  4.24560966  4.86851094
  4.9816341   4.29382594  2.51468769 -0.18055825 -2.40175748 -3.48570857
 -3.67946107 -3.26758964 -2.53466893 -1.7652736  -1.24397832 -1.2262181
 -1.64870369 -2.25164281 -2.77235472 -2.94815871 -2.51637403 -1.21464348
  0.90457681  2.94195441  4.50325319  5.63022426  6.37217384  6.77840818
  6.89823353  6.78095613  6.47588221  6.03231802  5.49956981  4.9269438
  4.36374625  3.8592834   3.46286148  3.22378674  3.19066022  3.35713842
  3.62352615  3.88319445  4.08286182  4.22504863  4.3149025   4.35757108
  4.35820197  4.3219428   4.25394121  4.15934482  4.04330125  3.91095813
  3.76746309  3.61796375  3.46760774  3.32154268  3.1849162   3.06287593
  2.96056949  2.8831445   2.8357486   2.82352941]
a_x_fitting=[  0.          10.0227077   20.04541539  30.06812309  40.09083079
  50.11353849  60.13624618  70.15895388  80.18166158  90.20436927
 100.22707697 110.24978467 120.27249237 130.29520006 140.31790776
 150.34061546 160.36332315 170.38603085 180.40873855 190.43144625
 200.45415394 210.47686164 220.49956934 230.52227703 240.54498473
 250.56769243 260.59040013 270.61310782 280.63581552 290.65852322
 300.68123091 310.70393861 320.72664631 330.74935401 340.7720617
 350.7947694  360.8174771  370.84018479 380.86289249 390.88560019
 400.90830789 410.93101558 420.95372328 430.97643098 440.99913867
 451.02184637 461.04455407 471.06726176 481.08996946 491.11267716
 501.13538486 511.15809255 521.18080025 531.20350795 541.22621564
 551.24892334 561.27163104 571.29433874 581.31704643 591.33975413
 601.36246183 611.38516952 621.40787722 631.43058492 641.45329262
 651.47600031 661.49870801 671.52141571 681.5441234  691.5668311
 701.5895388  711.6122465  721.63495419 731.65766189 741.68036959
 751.70307728 761.72578498 771.74849268 781.77120038 791.79390807
 801.81661577 811.83932347 821.86203116 831.88473886 841.90744656
 851.93015426 861.95286195 871.97556965 881.99827735 892.02098504
 902.04369274 912.06640044 922.08910814 932.11181583 942.13452353
 952.15723123 962.17993892 972.20264662 982.22535432 992.24806202]
a_y_fitting=[ 0.76023392  1.25109514  1.62632363  1.8957836   2.06933928  2.15685492
  2.16819473  2.11322296  2.00180383  1.84380157  1.64908041  1.42750459
  1.18893834  0.94324588  0.70029145  0.46993928  0.2620536   0.08649864
 -0.04686137 -0.12816219 -0.1475396  -0.09512937  0.03893274  0.26451096
  0.59146951  1.02967264  1.58898456  2.27926952  3.10737466  3.97204605
  4.64796951  5.06383094  5.27039579  5.3213985   5.27057352  5.1716553
  5.07837828  5.04447692  5.1231547   5.31610821  5.53120968  5.6663704
  5.61950169  5.28851483  4.57132113  3.36873033  1.78469826  0.25613065
 -0.75262161 -1.03186485 -0.79814647 -0.30862874  0.17952606  0.40915564
  0.19898423 -0.30659937 -0.87586345 -1.27707527 -1.27850207 -0.64841111
  0.82990799  2.91965054  4.86230474  6.13234855  6.77125501  6.8945579
  6.61779104  6.05648822  5.32618324  4.54240992  3.82070203  3.2765934
  3.02561782  3.18330908  3.865201    5.0634885   5.95709322  5.39561799
  2.34203196  0.96886049  2.60753006  4.44784711  5.69939356  6.42947308
  6.70846391  6.60674429  6.19469245  5.54268662  4.72110504  3.80032594
  2.85072756  1.94268813  1.14658589  0.53279906  0.17170589  0.13368461
  0.48911345  1.30837064  2.66183443  4.61988304]
d_x_fitting=[  0.          10.05750877  20.11501753  30.1725263   40.23003506
  50.28754383  60.34505259  70.40256136  80.46007012  90.51757889
 100.57508766 110.63259642 120.69010519 130.74761395 140.80512272
 150.86263148 160.92014025 170.97764901 181.03515778 191.09266654
 201.15017531 211.20768408 221.26519284 231.32270161 241.38021037
 251.43771914 261.4952279  271.55273667 281.61024543 291.6677542
 301.72526297 311.78277173 321.8402805  331.89778926 341.95529803
 352.01280679 362.07031556 372.12782432 382.18533309 392.24284186
 402.30035062 412.35785939 422.41536815 432.47287692 442.53038568
 452.58789445 462.64540321 472.70291198 482.76042074 492.81792951
 502.87543828 512.93294704 522.99045581 533.04796457 543.10547334
 553.1629821  563.22049087 573.27799963 583.3355084  593.39301717
 603.45052593 613.5080347  623.56554346 633.62305223 643.68056099
 653.73806976 663.79557852 673.85308729 683.91059606 693.96810482
 704.02561359 714.08312235 724.14063112 734.19813988 744.25564865
 754.31315741 764.37066618 774.42817494 784.48568371 794.54319248
 804.60070124 814.65821001 824.71571877 834.77322754 844.8307363
 854.88824507 864.94575383 875.0032626  885.06077137 895.11828013
 905.1757889  915.23329766 925.29080643 935.34831519 945.40582396
 955.46333272 965.52084149 975.57835026 985.63585902 995.69336779]
d_y_fitting=[-2.74853801e+00 -2.33796400e+00 -1.96711302e+00 -1.63247323e+00
 -1.33053285e+00 -1.05778003e+00 -8.10702983e-01 -5.85789880e-01
 -3.79528910e-01 -1.88408256e-01 -8.91610576e-03  1.62459357e-01
  3.29229947e-01  4.94907479e-01  6.63003768e-01  8.37030629e-01
  1.02049988e+00  1.21692332e+00  1.42981279e+00  1.66268009e+00
  1.91903703e+00  2.20239543e+00  2.51626711e+00  2.86416388e+00
  3.24959756e+00  3.67607995e+00  4.14712288e+00  4.66623816e+00
  5.23650098e+00  5.80948939e+00  6.23831547e+00  6.43970183e+00
  6.46339213e+00  6.37280356e+00  6.23135334e+00  6.10245868e+00
  6.04953679e+00  6.13600487e+00  6.42528014e+00  6.98038703e+00
  7.78616889e+00  8.65547025e+00  9.37823565e+00  9.74440960e+00
  9.54393664e+00  8.56676130e+00  6.60297551e+00  3.65598299e+00
  3.68821075e-01 -2.49608581e+00 -4.23355698e+00 -4.79285056e+00
 -4.54026895e+00 -3.84883649e+00 -3.09157752e+00 -2.64151638e+00
 -2.75759033e+00 -3.14116271e+00 -3.32352283e+00 -2.83653689e+00
 -1.42649203e+00  6.32548267e-01  2.98677110e+00  5.28236356e+00
  7.16607366e+00  8.40649276e+00  9.04551566e+00  9.16224342e+00
  8.83577709e+00  8.14521773e+00  7.27463293e+00  6.87099543e+00
  6.87612009e+00  7.06491385e+00  7.21228366e+00  7.09313648e+00
  6.49552408e+00  5.56526304e+00  4.83974344e+00  4.86537065e+00
  5.71668019e+00  6.82605049e+00  7.68411116e+00  8.21836923e+00
  8.47077254e+00  8.48326935e+00  8.29780790e+00  7.95633646e+00
  7.50080329e+00  6.97315662e+00  6.41534473e+00  5.86931586e+00
  5.37701827e+00  4.98040021e+00  4.72140994e+00  4.64199572e+00
  4.78410579e+00  5.18968841e+00  5.90069184e+00  6.95906433e+00]