
p_x=[2.5839793281653747, 100.7751937984496, 164.51335055986218, 228.25150732127477, 276.48578811369504, 323.85874246339364, 339.36261843238583, 416.8819982773471, 515.0732127476314, 542.6356589147287, 583.1180017226529, 630.4909560723514, 705.4263565891473, 812.2308354866494, 995.693367786391]
p_y=[1.882352941176471, 2.5882352941176467, 1.764705882352942, 4.705882352941177, 4.9411764705882355, 5.411764705882353, 3.0588235294117645, 2.5882352941176467, 2.7058823529411766, 5.529411764705882, 5.411764705882353, 5.0588235294117645, 5.411764705882353, 6.705882352941177, 7.0588235294117645]
a_x=[0.8613264427217916, 100.7751937984496, 163.6520241171404, 234.28079242032732, 279.06976744186045, 324.72006890611544, 348.8372093023256, 444.4444444444444, 526.2704565030147, 550.3875968992248, 596.8992248062015, 633.0749354005169, 712.3169681309216, 818.260120585702, 914.7286821705426, 995.693367786391]
a_y=[-2.280701754385966, -2.280701754385966, -1.2280701754385959, 1.578947368421053, 2.1637426900584797, 2.7485380116959064, -0.6432748538011701, -0.2923976608187129, -1.1111111111111107, 3.333333333333334, 2.7485380116959064, 2.8654970760233924, 1.578947368421053, 4.035087719298246, 4.035087719298246, 3.9181286549707606]
d_x=[0.0, 100.7751937984496, 160.2067183462532, 239.44875107665806, 321.2747631352282, 353.1438415159345, 434.1085271317829, 516.7958656330749, 544.3583118001723, 583.9793281653747, 633.0749354005169, 718.3462532299742, 830.318690783807, 927.6485788113695, 994.8320413436692]
d_y=[1.9298245614035086, 3.5672514619883042, 4.619883040935672, 6.491228070175438, 6.959064327485381, 3.2163742690058488, 3.450292397660819, 3.450292397660819, 6.842105263157895, 6.491228070175438, 5.555555555555555, 3.9181286549707606, 6.140350877192983, 6.491228070175438, 5.555555555555555]
p_x_fitting=[  2.58397933  12.61538729  22.64679526  32.67820322  42.70961119
  52.74101915  62.77242711  72.80383508  82.83524304  92.86665101
 102.89805897 112.92946693 122.9608749  132.99228286 143.02369083
 153.05509879 163.08650676 173.11791472 183.14932268 193.18073065
 203.21213861 213.24354658 223.27495454 233.30636251 243.33777047
 253.36917843 263.4005864  273.43199436 283.46340233 293.49481029
 303.52621825 313.55762622 323.58903418 333.62044215 343.65185011
 353.68325808 363.71466604 373.746074   383.77748197 393.80888993
 403.8402979  413.87170586 423.90311383 433.93452179 443.96592975
 453.99733772 464.02874568 474.06015365 484.09156161 494.12296958
 504.15437754 514.1857855  524.21719347 534.24860143 544.2800094
 554.31141736 564.34282532 574.37423329 584.40564125 594.43704922
 604.46845718 614.49986515 624.53127311 634.56268107 644.59408904
 654.625497   664.65690497 674.68831293 684.7197209  694.75112886
 704.78253682 714.81394479 724.84535275 734.87676072 744.90816868
 754.93957665 764.97098461 775.00239257 785.03380054 795.0652085
 805.09661647 815.12802443 825.15943239 835.19084036 845.22224832
 855.25365629 865.28506425 875.31647222 885.34788018 895.37928814
 905.41069611 915.44210407 925.47351204 935.50492    945.53632797
 955.56773593 965.59914389 975.63055186 985.66195982 995.69336779]
p_y_fitting=[1.88235294 2.71959369 3.30600799 3.67114147 3.84453971 3.85574833
 3.73431293 3.50977912 3.2116925  2.86959867 2.51304325 2.17157184
 1.87473004 1.65206347 1.53311771 1.54743839 1.72457109 2.0838002
 2.58120662 3.14882757 3.7186535  4.22267486 4.59288207 4.76516824
 4.7635638  4.69934367 4.68750687 4.84305243 5.25915744 5.80019719
 6.19394682 6.16635219 5.44335914 3.9552789  2.50329688 1.62099215
 1.22845055 1.20908349 1.44630236 1.82351855 2.22414347 2.53158851
 2.63970693 2.55018242 2.32832774 2.0402786  1.75217074 1.53013987
 1.44032174 1.54885205 1.92186654 2.62550093 3.67221358 4.79415789
 5.63268158 5.96760667 5.92098594 5.66679715 5.37894818 5.18415109
 5.07998952 5.04216271 5.0463699  5.06859503 5.09551376 5.12747691
 5.16572804 5.2115107  5.26606846 5.33064489 5.40648353 5.49445464
 5.59361731 5.70248217 5.81955972 5.94336044 6.07239483 6.2051734
 6.34020664 6.47600504 6.61107911 6.74393934 6.87309622 6.99706027
 7.11434196 7.2234518  7.32290029 7.41119792 7.48685519 7.54838259
 7.59429063 7.6230898  7.6332906  7.62340353 7.59193907 7.53740774
 7.45832002 7.35318641 7.22051742 7.05882353]
a_x_fitting=[8.61326443e-01 1.09101349e+01 2.09589434e+01 3.10077519e+01
 4.10565604e+01 5.11053689e+01 6.11541774e+01 7.12029859e+01
 8.12517944e+01 9.13006029e+01 1.01349411e+02 1.11398220e+02
 1.21447028e+02 1.31495837e+02 1.41544645e+02 1.51593454e+02
 1.61642262e+02 1.71691071e+02 1.81739879e+02 1.91788688e+02
 2.01837496e+02 2.11886305e+02 2.21935113e+02 2.31983922e+02
 2.42032730e+02 2.52081539e+02 2.62130347e+02 2.72179156e+02
 2.82227964e+02 2.92276773e+02 3.02325581e+02 3.12374390e+02
 3.22423198e+02 3.32472007e+02 3.42520815e+02 3.52569624e+02
 3.62618432e+02 3.72667241e+02 3.82716049e+02 3.92764858e+02
 4.02813666e+02 4.12862475e+02 4.22911283e+02 4.32960092e+02
 4.43008900e+02 4.53057709e+02 4.63106517e+02 4.73155326e+02
 4.83204134e+02 4.93252943e+02 5.03301751e+02 5.13350560e+02
 5.23399368e+02 5.33448177e+02 5.43496985e+02 5.53545794e+02
 5.63594602e+02 5.73643411e+02 5.83692219e+02 5.93741028e+02
 6.03789836e+02 6.13838645e+02 6.23887453e+02 6.33936262e+02
 6.43985070e+02 6.54033879e+02 6.64082687e+02 6.74131496e+02
 6.84180304e+02 6.94229113e+02 7.04277921e+02 7.14326730e+02
 7.24375538e+02 7.34424347e+02 7.44473155e+02 7.54521964e+02
 7.64570772e+02 7.74619581e+02 7.84668389e+02 7.94717198e+02
 8.04766006e+02 8.14814815e+02 8.24863623e+02 8.34912432e+02
 8.44961240e+02 8.55010049e+02 8.65058857e+02 8.75107666e+02
 8.85156474e+02 8.95205283e+02 9.05254091e+02 9.15302900e+02
 9.25351708e+02 9.35400517e+02 9.45449325e+02 9.55498134e+02
 9.65546942e+02 9.75595751e+02 9.85644559e+02 9.95693368e+02]
a_y_fitting=[-2.28070175 -2.18534003 -2.13330269 -2.11628132 -2.12596754 -2.15405294
 -2.19222912 -2.23218768 -2.26562022 -2.28421835 -2.27967367 -2.24367777
 -2.16792226 -2.04409873 -1.8638988  -1.61901405 -1.30113609 -0.90541984
 -0.45261632  0.02505121  0.49530536  0.92586877  1.28446406  1.53881383
  1.66586911  1.71740762  1.78152378  1.94655208  2.29911517  2.80749578
  3.24694959  3.37495276  2.94898144  1.79139476  0.25064372 -1.07553347
 -1.86798055 -2.2001265  -2.17471458 -1.89448806 -1.4621902  -0.98056426
 -0.55235351 -0.28030121 -0.26715062 -0.58933424 -1.16091302 -1.83406887
 -2.46086189 -2.89335221 -2.98359993 -2.58366515 -1.54560798  0.22022604
  2.23089546  3.68436508  4.18313431  3.99563326  3.45163029  2.88089376
  2.58709013  2.59050545  2.73769261  2.87271133  2.88014251  2.77012554
  2.5770456   2.33528791  2.07923766  1.84328005  1.66180028  1.56911469
  1.58494059  1.69642289  1.88629929  2.13730746  2.43218507  2.7536698
  3.08449933  3.40741133  3.70514349  3.96043348  4.15716846  4.29307109
  4.3750198   4.41005628  4.40522222  4.3675593   4.30410922  4.22191367
  4.12801433  4.0294529   3.93327105  3.84651049  3.77621291  3.72941998
  3.7131734   3.73451486  3.80048605  3.91812865]
d_x_fitting=[  0.          10.0488085   20.097617    30.1464255   40.19523399
  50.24404249  60.29285099  70.34165949  80.39046799  90.43927649
 100.48808498 110.53689348 120.58570198 130.63451048 140.68331898
 150.73212748 160.78093597 170.82974447 180.87855297 190.92736147
 200.97616997 211.02497847 221.07378697 231.12259546 241.17140396
 251.22021246 261.26902096 271.31782946 281.36663796 291.41544645
 301.46425495 311.51306345 321.56187195 331.61068045 341.65948895
 351.70829744 361.75710594 371.80591444 381.85472294 391.90353144
 401.95233994 412.00114844 422.04995693 432.09876543 442.14757393
 452.19638243 462.24519093 472.29399943 482.34280792 492.39161642
 502.44042492 512.48923342 522.53804192 532.58685042 542.63565891
 552.68446741 562.73327591 572.78208441 582.83089291 592.87970141
 602.92850991 612.9773184  623.0261269  633.0749354  643.1237439
 653.1725524  663.2213609  673.27016939 683.31897789 693.36778639
 703.41659489 713.46540339 723.51421189 733.56302038 743.61182888
 753.66063738 763.70944588 773.75825438 783.80706288 793.85587138
 803.90467987 813.95348837 824.00229687 834.05110537 844.09991387
 854.14872237 864.19753086 874.24633936 884.29514786 894.34395636
 904.39276486 914.44157336 924.49038185 934.53919035 944.58799885
 954.63680735 964.68561585 974.73442435 984.78323285 994.83204134]
d_y_fitting=[1.92982456 2.05228539 2.18765425 2.33448632 2.49133674 2.65676069
 2.82931333 3.00754982 3.19002532 3.375295   3.56191402 3.74843754
 3.93342073 4.11541875 4.29298677 4.46467993 4.6290538  4.78705209
 4.94767107 5.1216024  5.31953777 5.55216886 5.83018736 6.16428493
 6.565093   7.02425136 7.48747085 7.89365646 8.18171316 8.29054593
 8.15905975 7.7261596  6.93075179 5.77407571 4.48624012 3.34986902
 2.60840847 2.26352615 2.22474914 2.40142313 2.70289381 3.03850688
 3.31760803 3.44954294 3.35951673 3.08994538 2.7357792  2.39221625
 2.15445463 2.11769242 2.3771277  3.02795855 4.14798243 5.52272026
 6.69517151 7.26648576 7.27977594 6.96090645 6.53632169 6.20149864
 5.97693488 5.82173266 5.69492765 5.55555556 5.37216631 5.15136684
 4.90927831 4.66202186 4.42571868 4.21648991 4.05045673 3.94374029
 3.91184283 3.95694261 4.06838133 4.2349793  4.44555684 4.68893426
 4.95393186 5.22936996 5.50406887 5.7668489  6.00653037 6.21204851
 6.37766416 6.50509795 6.59662751 6.6545305  6.68108456 6.67856732
 6.64925644 6.59542956 6.51936431 6.42333835 6.30962931 6.18051485
 6.0382726  5.8851802  5.72351531 5.55555556]