
p_x=[0.0, 51.67958656330749, 136.95090439276487, 153.31610680447892, 254.9526270456503, 346.2532299741602, 397.0714900947459, 542.6356589147287, 717.4849267872524, 850.99052540913, 880.275624461671, 946.5977605512489, 997.4160206718346]
p_y=[2.7058823529411766, 2.3529411764705888, 2.235294117647059, 3.88235294117647, 4.0, 2.5882352941176467, 1.764705882352942, 2.11764705882353, 2.11764705882353, 2.0, 1.0588235294117645, 0.7058823529411757, 0.9411764705882355]
a_x=[0.8613264427217916, 130.06029285099052, 337.63996554694234, 397.9328165374677, 542.6356589147287, 720.9302325581394, 884.58225667528, 993.1093884582257]
a_y=[-3.2163742690058488, -2.6315789473684212, -2.7485380116959064, -2.8654970760233915, -2.7485380116959064, -2.9824561403508767, -3.099415204678362, -4.385964912280702]
d_x=[3.4453057708871664, 49.956933677863915, 138.67355727820842, 148.14814814814815, 214.4702842377261, 335.0559862187769, 397.0714900947459, 538.3290267011197, 732.1274763135228, 826.8733850129198, 879.4142980189492, 997.4160206718346]
d_y=[1.8128654970760234, 2.7485380116959064, 4.035087719298246, 5.087719298245615, 4.269005847953217, 3.2163742690058488, 1.6959064327485383, 2.8654970760233924, 2.280701754385966, 1.3450292397660828, -0.058479532163742576, 0.058479532163742576]
p_x_fitting=[  0.          10.0749093   20.1498186   30.2247279   40.2996372
  50.3745465   60.4494558   70.5243651   80.5992744   90.6741837
 100.749093   110.8240023  120.8989116  130.9738209  141.0487302
 151.1236395  161.1985488  171.2734581  181.34836739 191.42327669
 201.49818599 211.57309529 221.64800459 231.72291389 241.79782319
 251.87273249 261.94764179 272.02255109 282.09746039 292.17236969
 302.24727899 312.32218829 322.39709759 332.47200689 342.54691619
 352.62182549 362.69673479 372.77164409 382.84655339 392.92146269
 402.99637199 413.07128129 423.14619059 433.22109989 443.29600919
 453.37091849 463.44582779 473.52073709 483.59564639 493.67055569
 503.74546499 513.82037429 523.89528359 533.97019288 544.04510218
 554.12001148 564.19492078 574.26983008 584.34473938 594.41964868
 604.49455798 614.56946728 624.64437658 634.71928588 644.79419518
 654.86910448 664.94401378 675.01892308 685.09383238 695.16874168
 705.24365098 715.31856028 725.39346958 735.46837888 745.54328818
 755.61819748 765.69310678 775.76801608 785.84292538 795.91783468
 805.99274398 816.06765328 826.14256258 836.21747188 846.29238118
 856.36729048 866.44219978 876.51710908 886.59201837 896.66692767
 906.74183697 916.81674627 926.89165557 936.96656487 947.04147417
 957.11638347 967.19129277 977.26620207 987.34111137 997.41602067]
p_y_fitting=[2.70588235 3.02184948 3.10314736 2.99609364 2.74700595 2.40220191
 2.00799916 1.61071533 1.25666805 0.99217495 0.86355367 0.91712182
 1.19919706 1.756097   2.62909097 3.67078613 4.52816515 5.10755039
 5.44473843 5.57628226 5.53873489 5.36864929 5.10257846 4.7770754
 4.42869308 4.09398452 3.80691199 3.57415224 3.38603578 3.23267198
 3.10417024 2.99063993 2.88219043 2.76893113 2.64097141 2.48939546
 2.31816743 2.14036054 1.96924013 1.81807155 1.69954086 1.61724359
 1.56755472 1.54665013 1.55070572 1.57589737 1.61840099 1.67439245
 1.74004765 1.81154248 1.88505283 1.9567546  2.02282367 2.07943594
 2.12277    2.15045896 2.16398521 2.16546063 2.15699709 2.1407065
 2.11870072 2.09309164 2.06599116 2.03951114 2.01576347 1.99686004
 1.98491273 1.98203342 1.990334   2.01192635 2.04892236 2.1034339
 2.17682368 2.26464233 2.35972377 2.45488655 2.54294919 2.61673023
 2.6690482  2.69272164 2.68056907 2.62540903 2.52006006 2.35734068
 2.13006943 1.83271301 1.49226225 1.16549574 0.90740087 0.73401094
 0.63342951 0.59315112 0.60067029 0.64348155 0.70907942 0.78495844
 0.85861312 0.917538   0.94922761 0.94117647]
a_x_fitting=[8.61326443e-01 1.08840341e+01 2.09067418e+01 3.09294495e+01
 4.09521572e+01 5.09748649e+01 6.09975726e+01 7.10202803e+01
 8.10429880e+01 9.10656957e+01 1.01088403e+02 1.11111111e+02
 1.21133819e+02 1.31156527e+02 1.41179234e+02 1.51201942e+02
 1.61224650e+02 1.71247357e+02 1.81270065e+02 1.91292773e+02
 2.01315480e+02 2.11338188e+02 2.21360896e+02 2.31383603e+02
 2.41406311e+02 2.51429019e+02 2.61451727e+02 2.71474434e+02
 2.81497142e+02 2.91519850e+02 3.01542557e+02 3.11565265e+02
 3.21587973e+02 3.31610680e+02 3.41633388e+02 3.51656096e+02
 3.61678804e+02 3.71701511e+02 3.81724219e+02 3.91746927e+02
 4.01769634e+02 4.11792342e+02 4.21815050e+02 4.31837757e+02
 4.41860465e+02 4.51883173e+02 4.61905881e+02 4.71928588e+02
 4.81951296e+02 4.91974004e+02 5.01996711e+02 5.12019419e+02
 5.22042127e+02 5.32064834e+02 5.42087542e+02 5.52110250e+02
 5.62132957e+02 5.72155665e+02 5.82178373e+02 5.92201081e+02
 6.02223788e+02 6.12246496e+02 6.22269204e+02 6.32291911e+02
 6.42314619e+02 6.52337327e+02 6.62360034e+02 6.72382742e+02
 6.82405450e+02 6.92428158e+02 7.02450865e+02 7.12473573e+02
 7.22496281e+02 7.32518988e+02 7.42541696e+02 7.52564404e+02
 7.62587111e+02 7.72609819e+02 7.82632527e+02 7.92655235e+02
 8.02677942e+02 8.12700650e+02 8.22723358e+02 8.32746065e+02
 8.42768773e+02 8.52791481e+02 8.62814188e+02 8.72836896e+02
 8.82859604e+02 8.92882311e+02 9.02905019e+02 9.12927727e+02
 9.22950435e+02 9.32973142e+02 9.42995850e+02 9.53018558e+02
 9.63041265e+02 9.73063973e+02 9.83086681e+02 9.93109388e+02]
a_y_fitting=[-3.21637427 -3.14531547 -3.07900752 -3.01733215 -2.96017111 -2.90740613
 -2.85891896 -2.81459131 -2.77430495 -2.7379416  -2.70538299 -2.67651088
 -2.651207   -2.62935308 -2.61083086 -2.59552209 -2.58330849 -2.57407181
 -2.56769379 -2.56405616 -2.56304066 -2.56452903 -2.568403   -2.57454432
 -2.58283472 -2.59315595 -2.60538973 -2.6194178  -2.63512192 -2.6523838
 -2.67108519 -2.69110783 -2.71233346 -2.73464381 -2.75791029 -2.78159897
 -2.80464717 -2.82595667 -2.84442927 -2.85896672 -2.86848761 -2.87263479
 -2.8720356  -2.86738774 -2.85938889 -2.84873678 -2.83612909 -2.82226354
 -2.80783781 -2.79354961 -2.78009664 -2.76817661 -2.75848721 -2.75172614
 -2.74859111 -2.74961539 -2.75455711 -2.76294617 -2.77431245 -2.78818581
 -2.80409612 -2.82157325 -2.84014708 -2.85934748 -2.87870431 -2.89774744
 -2.91600675 -2.93301211 -2.94829338 -2.96138044 -2.97180316 -2.97909141
 -2.98277589 -2.98272237 -2.9796427  -2.97438024 -2.96777835 -2.96068037
 -2.95392967 -2.94836959 -2.94484349 -2.94419473 -2.94726665 -2.95490262
 -2.96794598 -2.9872401  -3.01362832 -3.047954   -3.09106049 -3.14379115
 -3.20698933 -3.28149839 -3.36816168 -3.46782256 -3.58132437 -3.70951048
 -3.85322423 -4.01330898 -4.19060809 -4.38596491]
d_x_fitting=[  3.44530577  13.485414    23.52552223  33.56563046  43.6057387
  53.64584693  63.68595516  73.72606339  83.76617162  93.80627985
 103.84638808 113.88649632 123.92660455 133.96671278 144.00682101
 154.04692924 164.08703747 174.1271457  184.16725393 194.20736217
 204.2474704  214.28757863 224.32768686 234.36779509 244.40790332
 254.44801155 264.48811979 274.52822802 284.56833625 294.60844448
 304.64855271 314.68866094 324.72876917 334.7688774  344.80898564
 354.84909387 364.8892021  374.92931033 384.96941856 395.00952679
 405.04963502 415.08974326 425.12985149 435.16995972 445.21006795
 455.25017618 465.29028441 475.33039264 485.37050087 495.41060911
 505.45071734 515.49082557 525.5309338  535.57104203 545.61115026
 555.65125849 565.69136672 575.73147496 585.77158319 595.81169142
 605.85179965 615.89190788 625.93201611 635.97212434 646.01223258
 656.05234081 666.09244904 676.13255727 686.1726655  696.21277373
 706.25288196 716.29299019 726.33309843 736.37320666 746.41331489
 756.45342312 766.49353135 776.53363958 786.57374781 796.61385605
 806.65396428 816.69407251 826.73418074 836.77428897 846.8143972
 856.85450543 866.89461366 876.9347219  886.97483013 897.01493836
 907.05504659 917.09515482 927.13526305 937.17537128 947.21547952
 957.25558775 967.29569598 977.33580421 987.37591244 997.41602067]
d_y_fitting=[ 1.8128655   2.40443613  2.73798631  2.86311061  2.8294036   2.68645989
  2.48387403  2.27124062  2.09815424  2.01420946  2.06900088  2.31212306
  2.7931706   3.56173807  4.64145209  5.57492818  6.01042734  6.04230639
  5.77775418  5.32395958  4.78811146  4.27739867  3.87925553  3.5976635
  3.41457065  3.31192493  3.27167429  3.27576669  3.30615007  3.34477238
  3.37358157  3.37452559  3.32955239  3.22060993  3.03620119  2.79339924
  2.51705884  2.2320349   1.96318235  1.73535611  1.57074639  1.47150633
  1.43067224  1.44123444  1.49618323  1.58850894  1.71120186  1.85725233
  2.01965064  2.19138712  2.36545208  2.53483583  2.69252867  2.83152094
  2.94536795  3.03296993  3.09617137  3.13684747  3.1568734   3.15812438
  3.14247557  3.11180218  3.06797939  3.0128824   2.94838638  2.87636654
  2.79869807  2.71725614  2.63391596  2.55055272  2.46904159  2.39125778
  2.31907647  2.25428518  2.19568226  2.13840947  2.07738571  2.00752989
  1.92376091  1.82099766  1.69415906  1.538164    1.34793139  1.120749
  0.86378259  0.58677226  0.29945812  0.01158029 -0.26712112 -0.52690599
 -0.75803422 -0.95076569 -1.09536028 -1.18207789 -1.20117839 -1.14292169
 -0.99756766 -0.75537618 -0.40660716  0.05847953]