
p_x=[0.8613264427217916, 99.05254091300603, 267.87252368647717, 484.0654608096469, 662.3600344530577, 995.693367786391]
p_y=[3.764705882352941, 2.3529411764705888, 4.0, 5.294117647058823, 4.470588235294118, 3.88235294117647]
a_x=[0.0, 92.16192937123171, 267.01119724375536, 484.0654608096469, 683.8931955211025, 993.9707149009474]
a_y=[-1.9298245614035086, -2.6315789473684212, -1.4619883040935662, -0.4093567251461998, -1.6959064327485365, -1.8128654970760234]
d_x=[0.0, 93.02325581395348, 266.14987080103356, 482.34280792420327, 677.8639104220499, 995.693367786391]
d_y=[2.280701754385966, 1.9298245614035086, 3.2163742690058488, 5.2046783625731, 3.9181286549707606, 3.9181286549707606]
p_x_fitting=[8.61326443e-01 1.09101349e+01 2.09589434e+01 3.10077519e+01
 4.10565604e+01 5.11053689e+01 6.11541774e+01 7.12029859e+01
 8.12517944e+01 9.13006029e+01 1.01349411e+02 1.11398220e+02
 1.21447028e+02 1.31495837e+02 1.41544645e+02 1.51593454e+02
 1.61642262e+02 1.71691071e+02 1.81739879e+02 1.91788688e+02
 2.01837496e+02 2.11886305e+02 2.21935113e+02 2.31983922e+02
 2.42032730e+02 2.52081539e+02 2.62130347e+02 2.72179156e+02
 2.82227964e+02 2.92276773e+02 3.02325581e+02 3.12374390e+02
 3.22423198e+02 3.32472007e+02 3.42520815e+02 3.52569624e+02
 3.62618432e+02 3.72667241e+02 3.82716049e+02 3.92764858e+02
 4.02813666e+02 4.12862475e+02 4.22911283e+02 4.32960092e+02
 4.43008900e+02 4.53057709e+02 4.63106517e+02 4.73155326e+02
 4.83204134e+02 4.93252943e+02 5.03301751e+02 5.13350560e+02
 5.23399368e+02 5.33448177e+02 5.43496985e+02 5.53545794e+02
 5.63594602e+02 5.73643411e+02 5.83692219e+02 5.93741028e+02
 6.03789836e+02 6.13838645e+02 6.23887453e+02 6.33936262e+02
 6.43985070e+02 6.54033879e+02 6.64082687e+02 6.74131496e+02
 6.84180304e+02 6.94229113e+02 7.04277921e+02 7.14326730e+02
 7.24375538e+02 7.34424347e+02 7.44473155e+02 7.54521964e+02
 7.64570772e+02 7.74619581e+02 7.84668389e+02 7.94717198e+02
 8.04766006e+02 8.14814815e+02 8.24863623e+02 8.34912432e+02
 8.44961240e+02 8.55010049e+02 8.65058857e+02 8.75107666e+02
 8.85156474e+02 8.95205283e+02 9.05254091e+02 9.15302900e+02
 9.25351708e+02 9.35400517e+02 9.45449325e+02 9.55498134e+02
 9.65546942e+02 9.75595751e+02 9.85644559e+02 9.95693368e+02]
p_y_fitting=[3.76470588 3.47733559 3.22690056 3.01171996 2.83011296 2.68039873
 2.56089644 2.46992527 2.40580438 2.36685296 2.35139016 2.35773515
 2.38420713 2.42912524 2.49080866 2.56757658 2.65774814 2.75964254
 2.87157893 2.99187649 3.1188544  3.25083181 3.38612791 3.52306187
 3.65995285 3.79512003 3.92688258 4.05358152 4.17428007 4.28891173
 4.39746186 4.49991578 4.59625885 4.68647639 4.77055374 4.84847625
 4.92022925 4.98579808 5.04516808 5.09832459 5.14525295 5.18593849
 5.22036655 5.24852248 5.27039161 5.28595928 5.29521083 5.2981316
 5.29470692 5.28496568 5.26916227 5.24762383 5.22067756 5.18865065
 5.15187029 5.11066367 5.065358   5.01628045 4.96375822 4.90811851
 4.84968849 4.78879538 4.72576635 4.6609286  4.59460932 4.52713571
 4.45883495 4.39003424 4.32106077 4.25224173 4.18390432 4.11637572
 4.04998312 3.98505373 3.92191472 3.8608933  3.80231665 3.74651197
 3.69380645 3.64452728 3.59900165 3.55755675 3.52051978 3.48821793
 3.46097839 3.43912835 3.422995   3.41290554 3.40918716 3.41216704
 3.42217239 3.43953039 3.46456824 3.49761312 3.53899223 3.58903276
 3.64806191 3.71640686 3.79439481 3.88235294]
a_x_fitting=[  0.          10.04010823  20.08021646  30.12032469  40.16043293
  50.20054116  60.24064939  70.28075762  80.32086585  90.36097408
 100.40108231 110.44119054 120.48129878 130.52140701 140.56151524
 150.60162347 160.6417317  170.68183993 180.72194816 190.7620564
 200.80216463 210.84227286 220.88238109 230.92248932 240.96259755
 251.00270578 261.04281401 271.08292225 281.12303048 291.16313871
 301.20324694 311.24335517 321.2834634  331.32357163 341.36367986
 351.4037881  361.44389633 371.48400456 381.52411279 391.56422102
 401.60432925 411.64443748 421.68454572 431.72465395 441.76476218
 451.80487041 461.84497864 471.88508687 481.9251951  491.96530333
 502.00541157 512.0455198  522.08562803 532.12573626 542.16584449
 552.20595272 562.24606095 572.28616919 582.32627742 592.36638565
 602.40649388 612.44660211 622.48671034 632.52681857 642.5669268
 652.60703504 662.64714327 672.6872515  682.72735973 692.76746796
 702.80757619 712.84768442 722.88779266 732.92790089 742.96800912
 753.00811735 763.04822558 773.08833381 783.12844204 793.16855027
 803.20865851 813.24876674 823.28887497 833.3289832  843.36909143
 853.40919966 863.44930789 873.48941613 883.52952436 893.56963259
 903.60974082 913.64984905 923.68995728 933.73006551 943.77017374
 953.81028198 963.85039021 973.89049844 983.93060667 993.9707149 ]
a_y_fitting=[-1.92982456 -2.081384   -2.21245537 -2.32392547 -2.41668113 -2.49160918
 -2.54959644 -2.59152972 -2.61829585 -2.63078166 -2.62987396 -2.61645958
 -2.59142534 -2.55565805 -2.51004455 -2.45547166 -2.39282619 -2.32299496
 -2.24686481 -2.16532255 -2.079255   -1.98954899 -1.89709134 -1.80276887
 -1.7074684  -1.61207675 -1.51748075 -1.42456024 -1.3339324  -1.24587815
 -1.16065644 -1.07852621 -0.9997464  -0.92457595 -0.8532738  -0.7860989
 -0.72331017 -0.66516657 -0.61192703 -0.5638505  -0.52119591 -0.48422222
 -0.45318835 -0.42835325 -0.40997585 -0.39831512 -0.39362997 -0.39617935
 -0.40622221 -0.42396131 -0.44916616 -0.48140484 -0.5202443  -0.56525149
 -0.61599336 -0.67203685 -0.73294893 -0.79829653 -0.86764661 -0.94056612
 -1.01662201 -1.09538123 -1.17641072 -1.25927745 -1.34354835 -1.42879039
 -1.5145705  -1.60045565 -1.68601277 -1.77080883 -1.85441076 -1.93638553
 -2.01630007 -2.09372135 -2.1682163  -2.23935189 -2.30669506 -2.36981276
 -2.42827194 -2.48163955 -2.52948254 -2.57136786 -2.60686247 -2.63553331
 -2.65694732 -2.67067148 -2.67627271 -2.67331797 -2.66137422 -2.6400084
 -2.60878746 -2.56727835 -2.51504803 -2.45166344 -2.37669153 -2.28969926
 -2.19025357 -2.07792141 -1.95226974 -1.8128655 ]
d_x_fitting=[  0.          10.05750877  20.11501753  30.1725263   40.23003506
  50.28754383  60.34505259  70.40256136  80.46007012  90.51757889
 100.57508766 110.63259642 120.69010519 130.74761395 140.80512272
 150.86263148 160.92014025 170.97764901 181.03515778 191.09266654
 201.15017531 211.20768408 221.26519284 231.32270161 241.38021037
 251.43771914 261.4952279  271.55273667 281.61024543 291.6677542
 301.72526297 311.78277173 321.8402805  331.89778926 341.95529803
 352.01280679 362.07031556 372.12782432 382.18533309 392.24284186
 402.30035062 412.35785939 422.41536815 432.47287692 442.53038568
 452.58789445 462.64540321 472.70291198 482.76042074 492.81792951
 502.87543828 512.93294704 522.99045581 533.04796457 543.10547334
 553.1629821  563.22049087 573.27799963 583.3355084  593.39301717
 603.45052593 613.5080347  623.56554346 633.62305223 643.68056099
 653.73806976 663.79557852 673.85308729 683.91059606 693.96810482
 704.02561359 714.08312235 724.14063112 734.19813988 744.25564865
 754.31315741 764.37066618 774.42817494 784.48568371 794.54319248
 804.60070124 814.65821001 824.71571877 834.77322754 844.8307363
 854.88824507 864.94575383 875.0032626  885.06077137 895.11828013
 905.1757889  915.23329766 925.29080643 935.34831519 945.40582396
 955.46333272 965.52084149 975.57835026 985.63585902 995.69336779]
d_y_fitting=[2.28070175 2.19358572 2.1193635  2.05763359 2.0079945  1.9700447
 1.94338271 1.92760701 1.9223161  1.92710848 1.94158263 1.96533707
 1.99797027 2.03908074 2.08826697 2.14512747 2.20926071 2.2802652
 2.35773944 2.44128191 2.53049112 2.62496556 2.72430373 2.82810411
 2.93596521 3.04748552 3.16226354 3.2798901  3.39980717 3.52132163
 3.64373547 3.76635066 3.88846919 4.00939303 4.12842417 4.2448646
 4.35801628 4.46718121 4.57166136 4.67075872 4.76377527 4.85001298
 4.92877384 4.99935984 5.06107294 5.11321514 5.15508842 5.18599475
 5.20523614 5.21236559 5.20782278 5.19224309 5.16626187 5.13051447
 5.08563628 5.03226264 4.97102891 4.90257047 4.82752267 4.74652088
 4.66020045 4.56919675 4.47414514 4.37568099 4.27443964 4.17105648
 4.06616685 3.96040612 3.85440966 3.74881282 3.64425097 3.54135947
 3.44077367 3.34312895 3.24906067 3.15920418 3.07419485 2.99466804
 2.92125911 2.85460343 2.79533635 2.74409324 2.70150947 2.66822038
 2.64486135 2.63206774 2.63047491 2.64071821 2.66343302 2.6992547
 2.7488186  2.81276009 2.89171453 2.98631729 3.09720372 3.22500918
 3.37036905 3.53391867 3.71629342 3.91812865]