
p_x=[3.4453057708871664, 202.41171403962102, 431.5245478036176, 538.3290267011197, 587.4246339362619, 614.1257536606374, 639.1042204995694, 643.4108527131783, 669.2506459948321, 693.3677863910423, 756.244616709733, 844.0999138673557, 931.0938845822567, 1000.0]
p_y=[1.2941176470588225, 2.3529411764705888, 1.882352941176471, 2.3529411764705888, 2.7058823529411766, 3.1764705882352935, 2.8235294117647056, 4.588235294117648, 5.294117647058823, 5.647058823529411, 5.411764705882353, 5.294117647058823, 5.764705882352941, 5.411764705882353]
a_x=[1.7226528854435832, 207.57967269595176, 428.9405684754522, 532.2997416020671, 577.9500430663221, 627.9069767441861, 640.8268733850128, 673.5572782084411, 731.2661498708011, 825.1507321274763, 914.7286821705426, 993.9707149009474]
a_y=[-3.099415204678362, -1.9298245614035086, -2.7485380116959064, -2.280701754385966, -2.8654970760233915, -2.9824561403508767, -0.7602339181286553, 0.4093567251461998, 0.29239766081871466, 0.4093567251461998, -0.1754385964912295, -0.1754385964912295]
d_x=[1.7226528854435832, 429.801894918174, 627.9069767441861, 993.1093884582257]
d_y=[-1.578947368421053, -0.5263157894736832, 1.3450292397660828, 4.736842105263158]
p_x_fitting=[   3.44530577   13.5115148    23.57772384   33.64393287   43.7101419
   53.77635093   63.84255997   73.908769     83.97497803   94.04118706
  104.1073961   114.17360513  124.23981416  134.30602319  144.37223223
  154.43844126  164.50465029  174.57085933  184.63706836  194.70327739
  204.76948642  214.83569546  224.90190449  234.96811352  245.03432255
  255.10053159  265.16674062  275.23294965  285.29915868  295.36536772
  305.43157675  315.49778578  325.56399481  335.63020385  345.69641288
  355.76262191  365.82883095  375.89503998  385.96124901  396.02745804
  406.09366708  416.15987611  426.22608514  436.29229417  446.35850321
  456.42471224  466.49092127  476.5571303   486.62333934  496.68954837
  506.7557574   516.82196643  526.88817547  536.9543845   547.02059353
  557.08680256  567.1530116   577.21922063  587.28542966  597.3516387
  607.41784773  617.48405676  627.55026579  637.61647483  647.68268386
  657.74889289  667.81510192  677.88131096  687.94751999  698.01372902
  708.07993805  718.14614709  728.21235612  738.27856515  748.34477418
  758.41098322  768.47719225  778.54340128  788.60961032  798.67581935
  808.74202838  818.80823741  828.87444645  838.94065548  849.00686451
  859.07307354  869.13928258  879.20549161  889.27170064  899.33790967
  909.40411871  919.47032774  929.53653677  939.6027458   949.66895484
  959.73516387  969.8013729   979.86758193  989.93379097 1000.        ]
p_y_fitting=[1.29411765 1.49562733 1.67611821 1.83647712 1.97759087 2.10034627
 2.20563015 2.29432932 2.36733061 2.42552083 2.4697868  2.50101535
 2.52009328 2.52790741 2.52534458 2.51329159 2.49263526 2.46426241
 2.42905986 2.38791443 2.34171294 2.2913422  2.23768904 2.18164027
 2.12408272 2.06590319 2.00798851 1.95122551 1.89650098 1.84470177
 1.79671467 1.75342652 1.71572413 1.68449432 1.66062391 1.64499971
 1.63850855 1.64203725 1.65647261 1.68270147 1.72161064 1.77408693
 1.84101718 1.92315718 2.01784122 2.11873837 2.21933793 2.31312918
 2.39360141 2.45424392 2.48854598 2.48999689 2.45208594 2.36830241
 2.24144979 2.13070048 2.11632297 2.27862263 2.6979048  3.32569057
 3.57654068 2.74706956 1.44988448 2.33581325 5.81506415 6.33484948
 5.40845722 5.05696278 5.39443395 5.81957286 6.03135914 6.06232895
 5.96228005 5.78101019 5.56831713 5.37390516 5.23102284 5.1377318
 5.08756073 5.07403835 5.09069336 5.13105449 5.18865043 5.2570099
 5.32975135 5.40268376 5.4738795  5.54151522 5.60376757 5.65881322
 5.70482881 5.739991   5.76247645 5.7704618  5.76212372 5.73563886
 5.68918388 5.62093542 5.52907014 5.41176471]
a_x_fitting=[  1.72265289  11.74536058  21.76806828  31.79077598  41.81348367
  51.83619137  61.85889907  71.88160677  81.90431446  91.92702216
 101.94972986 111.97243755 121.99514525 132.01785295 142.04056065
 152.06326834 162.08597604 172.10868374 182.13139143 192.15409913
 202.17680683 212.19951453 222.22222222 232.24492992 242.26763762
 252.29034531 262.31305301 272.33576071 282.3584684  292.3811761
 302.4038838  312.4265915  322.44929919 332.47200689 342.49471459
 352.51742228 362.54012998 372.56283768 382.58554538 392.60825307
 402.63096077 412.65366847 422.67637616 432.69908386 442.72179156
 452.74449926 462.76720695 472.78991465 482.81262235 492.83533004
 502.85803774 512.88074544 522.90345314 532.92616083 542.94886853
 552.97157623 562.99428392 573.01699162 583.03969932 593.06240702
 603.08511471 613.10782241 623.13053011 633.1532378  643.1759455
 653.1986532  663.2213609  673.24406859 683.26677629 693.28948399
 703.31219168 713.33489938 723.35760708 733.38031478 743.40302247
 753.42573017 763.44843787 773.47114556 783.49385326 793.51656096
 803.53926866 813.56197635 823.58468405 833.60739175 843.63009944
 853.65280714 863.67551484 873.69822254 883.72093023 893.74363793
 903.76634563 913.78905332 923.81176102 933.83446872 943.85717642
 953.87988411 963.90259181 973.92529951 983.9480072  993.9707149 ]
a_y_fitting=[-3.0994152  -2.91166054 -2.74129427 -2.58766931 -2.45013856 -2.32805494
 -2.22077135 -2.12764072 -2.04801594 -1.98124994 -1.92669561 -1.88370587
 -1.85163364 -1.82983182 -1.81765332 -1.81445106 -1.81957794 -1.83238687
 -1.85223077 -1.87846255 -1.91043511 -1.94750137 -1.98901424 -2.03432663
 -2.08279145 -2.13376161 -2.18659002 -2.24062959 -2.29523324 -2.34975386
 -2.40354438 -2.45595771 -2.50634675 -2.55406441 -2.59846362 -2.63889726
 -2.67471827 -2.70527955 -2.729934   -2.74803454 -2.75893409 -2.76198554
 -2.75654182 -2.74197124 -2.71834012 -2.68668329 -2.64810693 -2.60371721
 -2.55462032 -2.50192242 -2.44672969 -2.39014831 -2.33328446 -2.27724637
 -2.23329338 -2.24637219 -2.36840851 -2.65132802 -3.14032389 -3.7312764
 -4.1737653  -4.21124033 -3.58715121 -2.09023819 -0.44038693  0.36851664
  0.53695886  0.4140816   0.29425803  0.2312417   0.21272578  0.22640158
  0.25996044  0.3011109   0.34074996  0.37667423  0.40758153  0.43216969
  0.44913652  0.45717986  0.45499753  0.44128735  0.41474714  0.37446261
  0.32201517  0.25997457  0.19091303  0.11740275  0.04201593 -0.03267521
 -0.10409847 -0.16968163 -0.22685249 -0.27303885 -0.30566848 -0.32216919
 -0.31996877 -0.296495   -0.24917568 -0.1754386 ]
d_x_fitting=[  1.72265289  11.73666032  21.75066775  31.76467518  41.77868261
  51.79269004  61.80669747  71.8207049   81.83471233  91.84871976
 101.86272719 111.87673462 121.89074205 131.90474948 141.91875691
 151.93276434 161.94677177 171.9607792  181.97478663 191.98879406
 202.00280149 212.01680892 222.03081635 232.04482378 242.05883121
 252.07283864 262.08684607 272.1008535  282.11486093 292.12886836
 302.14287579 312.15688322 322.17089065 332.18489808 342.19890551
 352.21291294 362.22692037 372.2409278  382.25493523 392.26894266
 402.28295009 412.29695752 422.31096495 432.32497238 442.33897981
 452.35298724 462.36699467 472.3810021  482.39500953 492.40901696
 502.42302439 512.43703182 522.45103925 532.46504668 542.47905411
 552.49306154 562.50706897 572.5210764  582.53508383 592.54909126
 602.56309869 612.57710612 622.59111355 632.60512098 642.61912841
 652.63313584 662.64714327 672.6611507  682.67515813 692.68916556
 702.70317299 712.71718042 722.73118785 732.74519528 742.75920271
 752.77321014 762.78721757 772.801225   782.81523243 792.82923986
 802.84324729 812.85725472 822.87126215 832.88526958 842.89927701
 852.91328444 862.92729187 872.9412993  882.95530673 892.96931416
 902.98332159 912.99732902 923.01133645 933.02534388 943.03935131
 953.05335874 963.06736617 973.0813736  983.09538103 993.10938846]
d_y_fitting=[-1.57894737 -1.63080605 -1.67805631 -1.7207677  -1.75900973 -1.79285194
 -1.82236386 -1.84761501 -1.86867493 -1.88561314 -1.89849917 -1.90740255
 -1.91239282 -1.9135395  -1.91091212 -1.90458021 -1.8946133  -1.88108092
 -1.86405259 -1.84359785 -1.81978623 -1.79268726 -1.76237046 -1.72890536
 -1.6923615  -1.6528084  -1.6103156  -1.56495261 -1.51678898 -1.46589422
 -1.41233788 -1.35618948 -1.29751854 -1.2363946  -1.17288719 -1.10706584
 -1.03900007 -0.96875941 -0.8964134  -0.82203157 -0.74568343 -0.66743853
 -0.58736639 -0.50553654 -0.42201851 -0.33688183 -0.25019603 -0.16203064
 -0.07245519  0.0184608   0.11064779  0.20403626  0.29855667  0.3941395
  0.49071522  0.58821429  0.68656719  0.78570439  0.88555635  0.98605356
  1.08712648  1.18870558  1.29072133  1.39310421  1.49578467  1.59869321
  1.70176027  1.80491635  1.90809189  2.01121739  2.1142233   2.2170401
  2.31959826  2.42182825  2.52366054  2.6250256   2.72585391  2.82607592
  2.92562212  3.02442297  3.12240895  3.21951052  3.31565815  3.41078232
  3.5048135   3.59768216  3.68931877  3.77965379  3.86861771  3.95614098
  4.04215409  4.1265875   4.20937168  4.2904371   4.36971424  4.44713356
  4.52262554  4.59612064  4.66754934  4.73684211]