
p_x=[0.8613264427217916, 71.4900947459087, 236.0034453057709, 704.5650301464254, 998.2773471145564]
p_y=[3.647058823529412, 4.705882352941177, 4.23529411764706, 5.176470588235294, 5.411764705882353]
a_x=[2.5839793281653747, 78.38070628768304, 216.19293712316966, 688.1998277347114, 1000.0]
a_y=[-1.8128654970760234, -1.2280701754385959, -1.3450292397660828, -0.8771929824561404, -1.3450292397660828]
d_x=[2.5839793281653747, 84.40999138673558, 204.9956933677864, 653.7467700258399, 1000.0]
d_y=[3.450292397660819, 4.152046783625732, 3.8011695906432754, 3.9181286549707606, 4.269005847953217]
p_x_fitting=[8.61326443e-01 1.09362357e+01 2.10111450e+01 3.10860543e+01
 4.11609636e+01 5.12358729e+01 6.13107822e+01 7.13856915e+01
 8.14606008e+01 9.15355101e+01 1.01610419e+02 1.11685329e+02
 1.21760238e+02 1.31835147e+02 1.41910057e+02 1.51984966e+02
 1.62059875e+02 1.72134785e+02 1.82209694e+02 1.92284603e+02
 2.02359512e+02 2.12434422e+02 2.22509331e+02 2.32584240e+02
 2.42659150e+02 2.52734059e+02 2.62808968e+02 2.72883878e+02
 2.82958787e+02 2.93033696e+02 3.03108605e+02 3.13183515e+02
 3.23258424e+02 3.33333333e+02 3.43408243e+02 3.53483152e+02
 3.63558061e+02 3.73632971e+02 3.83707880e+02 3.93782789e+02
 4.03857698e+02 4.13932608e+02 4.24007517e+02 4.34082426e+02
 4.44157336e+02 4.54232245e+02 4.64307154e+02 4.74382064e+02
 4.84456973e+02 4.94531882e+02 5.04606791e+02 5.14681701e+02
 5.24756610e+02 5.34831519e+02 5.44906429e+02 5.54981338e+02
 5.65056247e+02 5.75131157e+02 5.85206066e+02 5.95280975e+02
 6.05355884e+02 6.15430794e+02 6.25505703e+02 6.35580612e+02
 6.45655522e+02 6.55730431e+02 6.65805340e+02 6.75880250e+02
 6.85955159e+02 6.96030068e+02 7.06104977e+02 7.16179887e+02
 7.26254796e+02 7.36329705e+02 7.46404615e+02 7.56479524e+02
 7.66554433e+02 7.76629343e+02 7.86704252e+02 7.96779161e+02
 8.06854070e+02 8.16928980e+02 8.27003889e+02 8.37078798e+02
 8.47153708e+02 8.57228617e+02 8.67303526e+02 8.77378436e+02
 8.87453345e+02 8.97528254e+02 9.07603163e+02 9.17678073e+02
 9.27752982e+02 9.37827891e+02 9.47902801e+02 9.57977710e+02
 9.68052619e+02 9.78127529e+02 9.88202438e+02 9.98277347e+02]
p_y_fitting=[3.64705882 3.87963385 4.0824477  4.25707431 4.40508762 4.52806156
 4.62757008 4.70518711 4.7624866  4.80104248 4.82242869 4.82821916
 4.81998785 4.79930868 4.7677556  4.72690254 4.67832345 4.62359226
 4.56428291 4.50196933 4.43822548 4.37462528 4.31274268 4.25415161
 4.20034363 4.15183131 4.10848532 4.07016516 4.03673035 4.00804039
 3.9839548  3.96433307 3.94903472 3.93791926 3.93084619 3.92767503
 3.92826527 3.93247643 3.94016802 3.95119954 3.96543051 3.98272042
 4.0029288  4.02591514 4.05153895 4.07965975 4.11013703 4.14283032
 4.17759911 4.21430292 4.25280125 4.29295361 4.33461951 4.37765845
 4.42192995 4.46729352 4.51360865 4.56073486 4.60853166 4.65685856
 4.70557506 4.75454067 4.8036149  4.85265725 4.90152724 4.95008438
 4.99818817 5.04569811 5.09247372 5.13837451 5.18325999 5.22698965
 5.26942301 5.31041958 5.34983887 5.38754038 5.42338363 5.45722811
 5.48893334 5.51835883 5.54536408 5.5698086  5.5915519  5.61045349
 5.62637288 5.63916957 5.64870308 5.6548329  5.65741855 5.65631954
 5.65139537 5.64250556 5.62950961 5.61226702 5.59063731 5.56447999
 5.53365456 5.49802053 5.45743741 5.41176471]
a_x_fitting=[   2.58397933   12.65888863   22.73379793   32.80870723   42.88361653
   52.95852583   63.03343513   73.10834443   83.18325373   93.25816303
  103.33307233  113.40798163  123.48289092  133.55780022  143.63270952
  153.70761882  163.78252812  173.85743742  183.93234672  194.00725602
  204.08216532  214.15707462  224.23198392  234.30689322  244.38180252
  254.45671182  264.53162112  274.60653042  284.68143972  294.75634902
  304.83125832  314.90616762  324.98107692  335.05598622  345.13089552
  355.20580482  365.28071412  375.35562342  385.43053272  395.50544202
  405.58035132  415.65526062  425.73016992  435.80507922  445.87998852
  455.95489782  466.02980712  476.10471641  486.17962571  496.25453501
  506.32944431  516.40435361  526.47926291  536.55417221  546.62908151
  556.70399081  566.77890011  576.85380941  586.92871871  597.00362801
  607.07853731  617.15344661  627.22835591  637.30326521  647.37817451
  657.45308381  667.52799311  677.60290241  687.67781171  697.75272101
  707.82763031  717.90253961  727.97744891  738.05235821  748.12726751
  758.20217681  768.27708611  778.35199541  788.42690471  798.50181401
  808.57672331  818.65163261  828.7265419   838.8014512   848.8763605
  858.9512698   869.0261791   879.1010884   889.1759977   899.250907
  909.3258163   919.4007256   929.4756349   939.5505442   949.6254535
  959.7003628   969.7752721   979.8501814   989.9250907  1000.        ]
a_y_fitting=[-1.8128655  -1.68858039 -1.58024551 -1.48694993 -1.40778273 -1.341833
 -1.28818981 -1.24594224 -1.21417937 -1.19199029 -1.17846407 -1.17268979
 -1.17375654 -1.18075339 -1.19276942 -1.20889372 -1.22821536 -1.24982342
 -1.27280699 -1.29625514 -1.31925696 -1.34090152 -1.36036135 -1.37742977
 -1.39217998 -1.40468653 -1.41502399 -1.42326688 -1.42948978 -1.43376723
 -1.43617378 -1.43678399 -1.43567241 -1.43291358 -1.42858207 -1.42275242
 -1.41549918 -1.40689691 -1.39702016 -1.38594349 -1.37374143 -1.36048855
 -1.3462594  -1.33112853 -1.31517048 -1.29845983 -1.2810711  -1.26307886
 -1.24455767 -1.22558206 -1.2062266  -1.18656583 -1.16667431 -1.14662659
 -1.12649721 -1.10636075 -1.08629173 -1.06636473 -1.04665428 -1.02723494
 -1.00818127 -0.98956781 -0.97146912 -0.95395975 -0.93711424 -0.92100716
 -0.90571306 -0.89130648 -0.87786198 -0.86545412 -0.85415743 -0.84404648
 -0.83519582 -0.82767999 -0.82157356 -0.81695107 -0.81388707 -0.81245612
 -0.81273277 -0.81479157 -0.81870707 -0.82455382 -0.83240639 -0.84233931
 -0.85442714 -0.86874443 -0.88536574 -0.90436562 -0.92581861 -0.94979928
 -0.97638217 -1.00564183 -1.03765282 -1.07248968 -1.11022698 -1.15093926
 -1.19470107 -1.24158697 -1.29167151 -1.34502924]
d_x_fitting=[   2.58397933   12.65888863   22.73379793   32.80870723   42.88361653
   52.95852583   63.03343513   73.10834443   83.18325373   93.25816303
  103.33307233  113.40798163  123.48289092  133.55780022  143.63270952
  153.70761882  163.78252812  173.85743742  183.93234672  194.00725602
  204.08216532  214.15707462  224.23198392  234.30689322  244.38180252
  254.45671182  264.53162112  274.60653042  284.68143972  294.75634902
  304.83125832  314.90616762  324.98107692  335.05598622  345.13089552
  355.20580482  365.28071412  375.35562342  385.43053272  395.50544202
  405.58035132  415.65526062  425.73016992  435.80507922  445.87998852
  455.95489782  466.02980712  476.10471641  486.17962571  496.25453501
  506.32944431  516.40435361  526.47926291  536.55417221  546.62908151
  556.70399081  566.77890011  576.85380941  586.92871871  597.00362801
  607.07853731  617.15344661  627.22835591  637.30326521  647.37817451
  657.45308381  667.52799311  677.60290241  687.67781171  697.75272101
  707.82763031  717.90253961  727.97744891  738.05235821  748.12726751
  758.20217681  768.27708611  778.35199541  788.42690471  798.50181401
  808.57672331  818.65163261  828.7265419   838.8014512   848.8763605
  858.9512698   869.0261791   879.1010884   889.1759977   899.250907
  909.3258163   919.4007256   929.4756349   939.5505442   949.6254535
  959.7003628   969.7752721   979.8501814   989.9250907  1000.        ]
d_y_fitting=[3.4502924  3.60876177 3.74419746 3.85796951 3.95144793 4.02600276
 4.08300402 4.12382175 4.14982596 4.1623867  4.16287397 4.15265782
 4.13310827 4.10559535 4.07148908 4.0321595  3.98897662 3.94331049
 3.89653112 3.85000855 3.8051128  3.76303329 3.72400995 3.6879718
 3.65484765 3.62456632 3.59705665 3.57224746 3.55006758 3.53044582
 3.51331102 3.498592   3.48621759 3.4761166  3.46821787 3.46245022
 3.45874248 3.45702346 3.457222   3.45926693 3.46308705 3.46861121
 3.47576823 3.48448693 3.49469613 3.50632467 3.51930136 3.53355503
 3.54901452 3.56560863 3.5832662  3.60191605 3.62148701 3.64190791
 3.66310756 3.6850148  3.70755844 3.73066731 3.75427025 3.77829607
 3.80267359 3.82733166 3.85219908 3.87720468 3.90227729 3.92734574
 3.95233885 3.97718544 4.00181434 4.02615438 4.05013437 4.07368315
 4.09672954 4.11920237 4.14103046 4.16214263 4.18246772 4.20193454
 4.22047192 4.23800869 4.25447366 4.26979568 4.28390356 4.29672612
 4.3081922  4.31823061 4.32677018 4.33373975 4.33906812 4.34268413
 4.34451661 4.34449437 4.34254625 4.33860106 4.33258764 4.3244348
 4.31407138 4.3014262  4.28642808 4.26900585]