
p_x=[2.5839793281653747, 32.73040482342808, 109.38845822566753, 132.6442721791559, 169.68130921619291, 176.57192075796726, 202.41171403962102, 230.83548664944016, 248.06201550387595, 267.01119724375536, 288.5443583118002, 325.58139534883725, 379.8449612403101, 397.9328165374677, 435.83118001722653, 458.2256675279931, 509.04392764857886, 570.198105081826, 689.0611541774333, 814.8148148148148, 993.9707149009474]
p_y=[1.1764705882352935, 2.11764705882353, 1.6470588235294112, 2.235294117647059, 1.4117647058823533, 4.823529411764706, 4.823529411764706, 5.294117647058823, 5.411764705882353, 5.529411764705882, 4.705882352941177, 5.0588235294117645, 5.647058823529411, 3.647058823529412, 3.4117647058823533, 4.9411764705882355, 4.823529411764706, 5.0588235294117645, 5.764705882352941, 5.764705882352941, 5.882352941176471]
a_x=[0.0, 49.956933677863915, 105.08182601205857, 167.09732988802756, 183.4625322997416, 255.8139534883721, 301.464254952627, 334.1946597760551, 373.81567614125754, 399.6554694229113, 448.7510766580534, 522.8251507321274, 572.7820844099914, 684.7545219638242, 812.2308354866494, 997.4160206718346]
a_y=[-3.5672514619883025, -3.2163742690058488, -2.397660818713449, -3.2163742690058488, -1.3450292397660828, -1.4619883040935662, -2.0467836257309955, -1.578947368421053, -1.4619883040935662, -3.099415204678362, -3.9181286549707615, -2.163742690058479, -0.6432748538011701, -0.2923976608187129, 0.526315789473685, 1.461988304093568]
d_x=[0.0, 45.65030146425495, 57.70887166236004, 86.13264427217916, 169.68130921619291, 193.79844961240312, 244.6167097329888, 273.04048234280793, 301.464254952627, 342.80792420327305, 383.2902670111972, 403.1007751937984, 452.1963824289406, 533.161068044789, 563.3074935400517, 611.5417743324721, 688.1998277347114, 807.9242032730405, 996.5546942291128]
d_y=[0.6432748538011701, 1.8128654970760234, 1.9298245614035086, 1.9298245614035086, 0.9941520467836256, 4.502923976608187, 4.619883040935672, 5.2046783625731, 5.087719298245615, 4.970760233918129, 5.672514619883041, 2.7485380116959064, 1.578947368421053, 0.526315789473685, 4.269005847953217, 5.087719298245615, 5.7894736842105265, 6.7251461988304095, 6.842105263157895]
p_x_fitting=[  2.58397933  12.59798676  22.61199419  32.62600162  42.64000905
  52.65401648  62.66802391  72.68203134  82.69603877  92.7100462
 102.72405363 112.73806106 122.75206849 132.76607592 142.78008335
 152.79409078 162.80809821 172.82210564 182.83611307 192.8501205
 202.86412793 212.87813536 222.89214279 232.90615022 242.92015765
 252.93416508 262.94817251 272.96217994 282.97618737 292.9901948
 303.00420223 313.01820966 323.03221709 333.04622452 343.06023195
 353.07423938 363.08824681 373.10225424 383.11626167 393.1302691
 403.14427653 413.15828396 423.17229139 433.18629882 443.20030625
 453.21431368 463.22832111 473.24232854 483.25633597 493.2703434
 503.28435083 513.29835826 523.31236569 533.32637312 543.34038055
 553.35438798 563.36839541 573.38240284 583.39641027 593.4104177
 603.42442513 613.43843256 623.45243999 633.46644742 643.48045485
 653.49446228 663.50846971 673.52247714 683.53648457 693.550492
 703.56449943 713.57850686 723.59251429 733.60652172 743.62052915
 753.63453658 763.64854401 773.66255144 783.67655887 793.6905663
 803.70457373 813.71858116 823.73258859 833.74659602 843.76060345
 853.77461088 863.78861831 873.80262574 883.81663317 893.8306406
 903.84464803 913.85865546 923.87266289 933.88667032 943.90067775
 953.91468518 963.92869261 973.94270004 983.95670747 993.9707149 ]
p_y_fitting=[ 1.17647059  1.79269304  2.08266837  2.11836029  1.97173254  1.71474885
  1.41937293  1.15756851  1.00129932  1.02252909  1.29322153  1.87916804
  2.47888948  2.22339662  0.65707962 -0.89390632 -0.67392727  2.98579591
  6.45258031  6.16057366  4.77713302  4.44072031  4.89267842  5.35301733
  5.41258389  5.45683468  5.55620174  5.36941104  4.93146119  4.58145884
  4.49114804  4.62899685  4.9521268   5.41096998  5.89684096  6.27023173
  6.39136789  6.12047502  5.32245114  4.15647103  3.2284705   2.81759086
  2.85433833  3.25547423  3.92473629  4.64700704  5.15128063  5.34392577
  5.30948962  5.14028202  4.92861285  4.76537038  4.6935031   4.69761797
  4.75879483  4.85811353  4.97665391  5.09560099  5.20320849  5.29914609
  5.38412126  5.45884146  5.52401414  5.58034677  5.6285468   5.6693217
  5.70337892  5.73142593  5.75417019  5.77231338  5.78638584  5.79672178
  5.80364466  5.80747794  5.80854508  5.80716954  5.80367479  5.79838428
  5.79162148  5.78370985  5.77497285  5.76573393  5.75631657  5.74704423
  5.73824035  5.73022842  5.72333188  5.7178742   5.71417884  5.71256926
  5.71336892  5.71690129  5.72348983  5.73345799  5.74712923  5.76482703
  5.78687484  5.81359612  5.84531433  5.88235294]
a_x_fitting=[  0.          10.0749093   20.1498186   30.2247279   40.2996372
  50.3745465   60.4494558   70.5243651   80.5992744   90.6741837
 100.749093   110.8240023  120.8989116  130.9738209  141.0487302
 151.1236395  161.1985488  171.2734581  181.34836739 191.42327669
 201.49818599 211.57309529 221.64800459 231.72291389 241.79782319
 251.87273249 261.94764179 272.02255109 282.09746039 292.17236969
 302.24727899 312.32218829 322.39709759 332.47200689 342.54691619
 352.62182549 362.69673479 372.77164409 382.84655339 392.92146269
 402.99637199 413.07128129 423.14619059 433.22109989 443.29600919
 453.37091849 463.44582779 473.52073709 483.59564639 493.67055569
 503.74546499 513.82037429 523.89528359 533.97019288 544.04510218
 554.12001148 564.19492078 574.26983008 584.34473938 594.41964868
 604.49455798 614.56946728 624.64437658 634.71928588 644.79419518
 654.86910448 664.94401378 675.01892308 685.09383238 695.16874168
 705.24365098 715.31856028 725.39346958 735.46837888 745.54328818
 755.61819748 765.69310678 775.76801608 785.84292538 795.91783468
 805.99274398 816.06765328 826.14256258 836.21747188 846.29238118
 856.36729048 866.44219978 876.51710908 886.59201837 896.66692767
 906.74183697 916.81674627 926.89165557 936.96656487 947.04147417
 957.11638347 967.19129277 977.26620207 987.34111137 997.41602067]
a_y_fitting=[-3.56725146 -3.83731477 -3.88590133 -3.7629812  -3.51852446 -3.20250119
 -2.86488147 -2.55563536 -2.32473295 -2.22214431 -2.29783951 -2.59575167
 -3.05778808 -3.54086941 -3.89932284 -3.9874756  -3.65965489 -2.78032626
 -1.57629057 -0.66211267 -0.18266444 -0.05325851 -0.18798419 -0.50093074
 -0.90618747 -1.31784364 -1.653624   -1.88379698 -2.01815192 -2.06744258
 -2.04242255 -1.95328777 -1.80846517 -1.61603169 -1.39307713 -1.21742911
 -1.19199862 -1.41977575 -1.96311648 -2.66214821 -3.28307772 -3.69332457
 -3.91801143 -3.99591201 -3.96580005 -3.86590063 -3.71897758 -3.53056691
 -3.30530142 -3.04781388 -2.76273709 -2.45470382 -2.12834892 -1.79061348
 -1.45516793 -1.13690345 -0.85071122 -0.61147067 -0.42860252 -0.29740012
 -0.21090165 -0.16214527 -0.14416914 -0.15001145 -0.17271035 -0.20530401
 -0.24083059 -0.27232827 -0.29283527 -0.29690633 -0.28458012 -0.25713444
 -0.21584708 -0.16199585 -0.09685853 -0.02171294  0.06216313  0.15349188
  0.25099552  0.35339624  0.45941625  0.56777774  0.67720292  0.78641399
  0.89413315  0.9990826   1.09998455  1.19556119  1.28453473  1.36562736
  1.43756129  1.49905872  1.54884185  1.58563289  1.60815402  1.61512747
  1.60527541  1.57732007  1.52998363  1.4619883 ]
d_x_fitting=[  0.          10.06620903  20.13241807  30.1986271   40.26483613
  50.33104516  60.3972542   70.46346323  80.52967226  90.59588129
 100.66209033 110.72829936 120.79450839 130.86071742 140.92692646
 150.99313549 161.05934452 171.12555355 181.19176259 191.25797162
 201.32418065 211.39038968 221.45659872 231.52280775 241.58901678
 251.65522582 261.72143485 271.78764388 281.85385291 291.92006195
 301.98627098 312.05248001 322.11868904 332.18489808 342.25110711
 352.31731614 362.38352517 372.44973421 382.51594324 392.58215227
 402.6483613  412.71457034 422.78077937 432.8469884  442.91319744
 452.97940647 463.0456155  473.11182453 483.17803357 493.2442426
 503.31045163 513.37666066 523.4428697  533.50907873 543.57528776
 553.64149679 563.70770583 573.77391486 583.84012389 593.90633292
 603.97254196 614.03875099 624.10496002 634.17116905 644.23737809
 654.30358712 664.36979615 674.43600519 684.50221422 694.56842325
 704.63463228 714.70084132 724.76705035 734.83325938 744.89946841
 754.96567745 765.03188648 775.09809551 785.16430454 795.23051358
 805.29672261 815.36293164 825.42914067 835.49534971 845.56155874
 855.62776777 865.69397681 875.76018584 885.82639487 895.8926039
 905.95881294 916.02502197 926.091231   936.15744003 946.22364907
 956.2898581  966.35606713 976.42227616 986.4884852  996.55469423]
d_y_fitting=[ 0.64327485  1.09775707  1.41139743  1.61925283  1.75638016  1.85783633
  1.95823321  2.04643954  2.02654015  1.79654187  1.34960485  0.78920085
  0.22497405 -0.23343137 -0.47637124 -0.39420137  0.12272241  1.18369317
  2.7216672   4.20771044  5.09643248  5.35343173  5.20913384  4.89620502
  4.6473115   4.67024199  4.91525949  5.18038149  5.29046034  5.23833818
  5.07756829  4.87100687  4.71309119  4.7050146   4.94797045  5.47853415
  6.02806297  6.23788372  5.74931026  4.37684387  2.80823948  1.83304363
  1.4497038   1.430383    1.54722623  1.57240479  1.34789032  0.937049
  0.44704004 -0.01497736 -0.34184396 -0.42640057 -0.16148797  0.56004977
  1.75706998  3.12998802  4.30746237  5.01292574  5.30635348  5.32238864
  5.19567424  5.06047363  5.00420917  5.02284365  5.10176343  5.22635485
  5.38200425  5.55409798  5.72802239  5.88982058  6.03419536  6.16196504
  6.2740765   6.37147659  6.45511218  6.52593012  6.58487727  6.6329005
  6.67094666  6.69996262  6.72089524  6.73469139  6.74229791  6.74466167
  6.74272954  6.73744836  6.72976502  6.72062636  6.71097924  6.70177053
  6.69394709  6.68845578  6.68624346  6.68825699  6.69544324  6.70874905
  6.7291213   6.75750685  6.79485255  6.84210526]