
p_x=[2.5839793281653747, 191.2144702842377, 637.3815676141257, 993.9707149009474]
p_y=[1.5294117647058822, 2.5882352941176467, 2.7058823529411766, 2.4705882352941178]
a_x=[1.7226528854435832, 190.35314384151593, 610.6804478897502, 998.2773471145564]
a_y=[-4.269005847953215, -3.9181286549707615, -2.514619883040936, -3.2163742690058488]
d_x=[1.7226528854435832, 197.24375538329025, 595.176571920758, 998.2773471145564]
d_y=[0.9941520467836256, 2.397660818713451, 2.8654970760233924, 1.9298245614035086]
p_x_fitting=[  2.58397933  12.59798676  22.61199419  32.62600162  42.64000905
  52.65401648  62.66802391  72.68203134  82.69603877  92.7100462
 102.72405363 112.73806106 122.75206849 132.76607592 142.78008335
 152.79409078 162.80809821 172.82210564 182.83611307 192.8501205
 202.86412793 212.87813536 222.89214279 232.90615022 242.92015765
 252.93416508 262.94817251 272.96217994 282.97618737 292.9901948
 303.00420223 313.01820966 323.03221709 333.04622452 343.06023195
 353.07423938 363.08824681 373.10225424 383.11626167 393.1302691
 403.14427653 413.15828396 423.17229139 433.18629882 443.20030625
 453.21431368 463.22832111 473.24232854 483.25633597 493.2703434
 503.28435083 513.29835826 523.31236569 533.32637312 543.34038055
 553.35438798 563.36839541 573.38240284 583.39641027 593.4104177
 603.42442513 613.43843256 623.45243999 633.46644742 643.48045485
 653.49446228 663.50846971 673.52247714 683.53648457 693.550492
 703.56449943 713.57850686 723.59251429 733.60652172 743.62052915
 753.63453658 763.64854401 773.66255144 783.67655887 793.6905663
 803.70457373 813.71858116 823.73258859 833.74659602 843.76060345
 853.77461088 863.78861831 873.80262574 883.81663317 893.8306406
 903.84464803 913.85865546 923.87266289 933.88667032 943.90067775
 953.91468518 963.92869261 973.94270004 983.95670747 993.9707149 ]
p_y_fitting=[1.52941176 1.60889847 1.68552708 1.75934182 1.83038691 1.89870658
 1.96434505 2.02734655 2.0877553  2.14561553 2.20097146 2.25386732
 2.30434733 2.35245572 2.3982367  2.44173452 2.48299338 2.52205752
 2.55897116 2.59377853 2.62652385 2.65725134 2.68600523 2.71282974
 2.73776911 2.76086755 2.78216929 2.80171855 2.81955956 2.83573655
 2.85029373 2.86327534 2.87472559 2.88468872 2.89320895 2.90033049
 2.90609759 2.91055446 2.91374532 2.91571441 2.91650594 2.91616415
 2.91473325 2.91225747 2.90878104 2.90434817 2.89900311 2.89279006
 2.88575326 2.87793693 2.8693853  2.86014258 2.85025301 2.83976081
 2.8287102  2.81714541 2.80511066 2.79265019 2.77980821 2.76662894
 2.75315662 2.73943546 2.7255097  2.71142356 2.69722126 2.68294702
 2.66864508 2.65435966 2.64013497 2.62601525 2.61204473 2.59826762
 2.58472815 2.57147054 2.55853903 2.54597783 2.53383118 2.52214328
 2.51095838 2.50032069 2.49027445 2.48086386 2.47213317 2.46412658
 2.45688834 2.45046266 2.44489377 2.4402259  2.43650326 2.43377008
 2.43207059 2.43144902 2.43194958 2.4336165  2.43649401 2.44062633
 2.44605769 2.45283231 2.46099442 2.47058824]
a_x_fitting=[  1.72265289  11.78886192  21.85507095  31.92127998  41.98748902
  52.05369805  62.11990708  72.18611611  82.25232515  92.31853418
 102.38474321 112.45095224 122.51716128 132.58337031 142.64957934
 152.71578837 162.78199741 172.84820644 182.91441547 192.98062451
 203.04683354 213.11304257 223.1792516  233.24546064 243.31166967
 253.3778787  263.44408773 273.51029677 283.5765058  293.64271483
 303.70892386 313.7751329  323.84134193 333.90755096 343.97375999
 354.03996903 364.10617806 374.17238709 384.23859612 394.30480516
 404.37101419 414.43722322 424.50343226 434.56964129 444.63585032
 454.70205935 464.76826839 474.83447742 484.90068645 494.96689548
 505.03310452 515.09931355 525.16552258 535.23173161 545.29794065
 555.36414968 565.43035871 575.49656774 585.56277678 595.62898581
 605.69519484 615.76140388 625.82761291 635.89382194 645.96003097
 656.02624001 666.09244904 676.15865807 686.2248671  696.29107614
 706.35728517 716.4234942  726.48970323 736.55591227 746.6221213
 756.68833033 766.75453936 776.8207484  786.88695743 796.95316646
 807.01937549 817.08558453 827.15179356 837.21800259 847.28421163
 857.35042066 867.41662969 877.48283872 887.54904776 897.61525679
 907.68146582 917.74767485 927.81388389 937.88009292 947.94630195
 958.01251098 968.07872002 978.14492905 988.21113808 998.27734711]
a_y_fitting=[-4.26900585 -4.26415542 -4.25743913 -4.24891104 -4.23862519 -4.22663565
 -4.21299648 -4.19776173 -4.18098546 -4.16272173 -4.14302459 -4.1219481
 -4.09954633 -4.07587332 -4.05098314 -4.02492985 -3.99776749 -3.96955013
 -3.94033183 -3.91016664 -3.87910862 -3.84721183 -3.81453033 -3.78111817
 -3.74702941 -3.71231811 -3.67703832 -3.64124411 -3.60498953 -3.56832864
 -3.53131549 -3.49400415 -3.45644867 -3.41870311 -3.38082152 -3.34285797
 -3.30486651 -3.2669012  -3.2290161  -3.19126526 -3.15370274 -3.1163826
 -3.07935889 -3.04268569 -3.00641703 -2.97060698 -2.9353096  -2.90057894
 -2.86646907 -2.83303404 -2.8003279  -2.76840471 -2.73731854 -2.70712344
 -2.67787347 -2.64962268 -2.62242513 -2.59633488 -2.57140599 -2.54769252
 -2.52524851 -2.50412804 -2.48438516 -2.46607391 -2.44924838 -2.4339626
 -2.42027064 -2.40822655 -2.3978844  -2.38929824 -2.38252213 -2.37761012
 -2.37461627 -2.37359465 -2.3745993  -2.37768429 -2.38290367 -2.3903115
 -2.39996184 -2.41190875 -2.42620628 -2.44290849 -2.46206943 -2.48374318
 -2.50798377 -2.53484528 -2.56438176 -2.59664726 -2.63169585 -2.66958158
 -2.7103585  -2.75408068 -2.80080218 -2.85057705 -2.90345934 -2.95950313
 -3.01876245 -3.08129138 -3.14714397 -3.21637427]
d_x_fitting=[  1.72265289  11.78886192  21.85507095  31.92127998  41.98748902
  52.05369805  62.11990708  72.18611611  82.25232515  92.31853418
 102.38474321 112.45095224 122.51716128 132.58337031 142.64957934
 152.71578837 162.78199741 172.84820644 182.91441547 192.98062451
 203.04683354 213.11304257 223.1792516  233.24546064 243.31166967
 253.3778787  263.44408773 273.51029677 283.5765058  293.64271483
 303.70892386 313.7751329  323.84134193 333.90755096 343.97375999
 354.03996903 364.10617806 374.17238709 384.23859612 394.30480516
 404.37101419 414.43722322 424.50343226 434.56964129 444.63585032
 454.70205935 464.76826839 474.83447742 484.90068645 494.96689548
 505.03310452 515.09931355 525.16552258 535.23173161 545.29794065
 555.36414968 565.43035871 575.49656774 585.56277678 595.62898581
 605.69519484 615.76140388 625.82761291 635.89382194 645.96003097
 656.02624001 666.09244904 676.15865807 686.2248671  696.29107614
 706.35728517 716.4234942  726.48970323 736.55591227 746.6221213
 756.68833033 766.75453936 776.8207484  786.88695743 796.95316646
 807.01937549 817.08558453 827.15179356 837.21800259 847.28421163
 857.35042066 867.41662969 877.48283872 887.54904776 897.61525679
 907.68146582 917.74767485 927.81388389 937.88009292 947.94630195
 958.01251098 968.07872002 978.14492905 988.21113808 998.27734711]
d_y_fitting=[0.99415205 1.09157591 1.1860628  1.27764805 1.36636695 1.45225481
 1.53534694 1.61567864 1.69328523 1.76820201 1.84046428 1.91010736
 1.97716655 2.04167716 2.1036745  2.16319387 2.22027058 2.27493994
 2.32723726 2.37719784 2.42485698 2.47025001 2.51341222 2.55437892
 2.59318542 2.62986703 2.66445904 2.69699678 2.72751555 2.75605066
 2.7826374  2.80731109 2.83010705 2.85106056 2.87020695 2.88758151
 2.90321957 2.91715641 2.92942735 2.94006771 2.94911277 2.95659786
 2.96255828 2.96702934 2.97004633 2.97164458 2.97185939 2.97072606
 2.96827991 2.96455623 2.95959035 2.95341755 2.94607316 2.93759248
 2.92801082 2.91736347 2.90568576 2.89301299 2.87938046 2.86482348
 2.84937737 2.83307742 2.81595894 2.79805725 2.77940764 2.76004543
 2.74000593 2.71932443 2.69803625 2.6761767  2.65378107 2.63088469
 2.60752286 2.58373087 2.55954405 2.5349977  2.51012712 2.48496763
 2.45955452 2.43392312 2.40810872 2.38214662 2.35607215 2.32992061
 2.3037273  2.27752752 2.2513566  2.22524983 2.19924253 2.17336999
 2.14766753 2.12217046 2.09691407 2.07193369 2.04726461 2.02294215
 1.9990016  1.97547828 1.9524075  1.92982456]