
p_x=[0.8613264427217916, 190.35314384151593, 396.2101636520241, 479.7588285960379, 583.9793281653747, 757.1059431524549, 1000.0]
p_y=[1.6470588235294112, 2.5882352941176467, 2.5882352941176467, 3.2941176470588243, 3.1764705882352935, 4.9411764705882355, 4.588235294117648]
a_x=[2.5839793281653747, 182.6012058570198, 391.04220499569334, 478.8975021533161, 583.1180017226529, 747.6313522825151, 989.6640826873385]
a_y=[-2.9824561403508767, -2.163742690058479, -2.0467836257309955, -2.514619883040936, -0.9941520467836256, -1.9298245614035086, -1.4619883040935662]
d_x=[4.3066322136089585, 184.32385874246341, 386.73557278208443, 577.0887166236004, 736.4341085271318, 981.9121447028424, 993.9707149009474]
d_y=[2.1637426900584797, 3.0994152046783627, 5.555555555555555, 6.374269005847953, 5.087719298245615, 5.555555555555555, 5.672514619883041]
p_x_fitting=[8.61326443e-01 1.09536363e+01 2.10459461e+01 3.11382559e+01
 4.12305658e+01 5.13228756e+01 6.14151854e+01 7.15074953e+01
 8.15998051e+01 9.16921149e+01 1.01784425e+02 1.11876735e+02
 1.21969044e+02 1.32061354e+02 1.42153664e+02 1.52245974e+02
 1.62338284e+02 1.72430594e+02 1.82522903e+02 1.92615213e+02
 2.02707523e+02 2.12799833e+02 2.22892143e+02 2.32984453e+02
 2.43076762e+02 2.53169072e+02 2.63261382e+02 2.73353692e+02
 2.83446002e+02 2.93538312e+02 3.03630621e+02 3.13722931e+02
 3.23815241e+02 3.33907551e+02 3.43999861e+02 3.54092171e+02
 3.64184480e+02 3.74276790e+02 3.84369100e+02 3.94461410e+02
 4.04553720e+02 4.14646030e+02 4.24738339e+02 4.34830649e+02
 4.44922959e+02 4.55015269e+02 4.65107579e+02 4.75199889e+02
 4.85292198e+02 4.95384508e+02 5.05476818e+02 5.15569128e+02
 5.25661438e+02 5.35753748e+02 5.45846057e+02 5.55938367e+02
 5.66030677e+02 5.76122987e+02 5.86215297e+02 5.96307607e+02
 6.06399916e+02 6.16492226e+02 6.26584536e+02 6.36676846e+02
 6.46769156e+02 6.56861466e+02 6.66953775e+02 6.77046085e+02
 6.87138395e+02 6.97230705e+02 7.07323015e+02 7.17415325e+02
 7.27507634e+02 7.37599944e+02 7.47692254e+02 7.57784564e+02
 7.67876874e+02 7.77969184e+02 7.88061493e+02 7.98153803e+02
 8.08246113e+02 8.18338423e+02 8.28430733e+02 8.38523043e+02
 8.48615352e+02 8.58707662e+02 8.68799972e+02 8.78892282e+02
 8.88984592e+02 8.99076902e+02 9.09169211e+02 9.19261521e+02
 9.29353831e+02 9.39446141e+02 9.49538451e+02 9.59630761e+02
 9.69723070e+02 9.79815380e+02 9.89907690e+02 1.00000000e+03]
p_y_fitting=[1.64705882 1.81069843 1.95707852 2.08700168 2.20127046 2.30068746
 2.38605524 2.45817638 2.51785346 2.56588905 2.60308572 2.63024606
 2.64817264 2.65766802 2.6595348  2.65457554 2.64359282 2.62738921
 2.60676729 2.58252964 2.55547882 2.52641743 2.49614802 2.46547318
 2.43519548 2.4061175  2.37904181 2.35477099 2.33410761 2.31785425
 2.30681348 2.30178788 2.30358003 2.3129925  2.33082786 2.35788869
 2.39497757 2.44289707 2.50244976 2.57443823 2.65916993 2.7535915
 2.85325261 2.95369834 3.05047379 3.13912405 3.21519422 3.27422939
 3.31200689 3.3286049  3.32789314 3.31387128 3.29053893 3.26189574
 3.23194134 3.20467537 3.18409747 3.17420727 3.17899496 3.20090649
 3.23914338 3.29249776 3.35976176 3.43972751 3.53118714 3.63293276
 3.74375651 3.86245052 3.9878069  4.11861778 4.2536753  4.39177157
 4.53169873 4.67224889 4.8122142  4.95038676 5.08555871 5.21652218
 5.34206929 5.46099217 5.57208294 5.67413373 5.76593666 5.84628387
 5.91396748 5.96777961 6.00651239 6.02895795 6.03390842 6.02015591
 5.98649256 5.9317105  5.85460184 5.75395872 5.62857326 5.47723758
 5.29874382 5.09188411 4.85545055 4.58823529]
a_x_fitting=[  2.58397933  12.55448542  22.52499152  32.49549761  42.46600371
  52.4365098   62.4070159   72.37752199  82.34802808  92.31853418
 102.28904027 112.25954637 122.23005246 132.20055856 142.17106465
 152.14157075 162.11207684 172.08258294 182.05308903 192.02359512
 201.99410122 211.96460731 221.93511341 231.9056195  241.8761256
 251.84663169 261.81713779 271.78764388 281.75814998 291.72865607
 301.69916216 311.66966826 321.64017435 331.61068045 341.58118654
 351.55169264 361.52219873 371.49270483 381.46321092 391.43371702
 401.40422311 411.3747292  421.3452353  431.31574139 441.28624749
 451.25675358 461.22725968 471.19776577 481.16827187 491.13877796
 501.10928406 511.07979015 521.05029624 531.02080234 540.99130843
 550.96181453 560.93232062 570.90282672 580.87333281 590.84383891
 600.814345   610.78485109 620.75535719 630.72586328 640.69636938
 650.66687547 660.63738157 670.60788766 680.57839376 690.54889985
 700.51940595 710.48991204 720.46041813 730.43092423 740.40143032
 750.37193642 760.34244251 770.31294861 780.2834547  790.2539608
 800.22446689 810.19497299 820.16547908 830.13598517 840.10649127
 850.07699736 860.04750346 870.01800955 879.98851565 889.95902174
 899.92952784 909.90003393 919.87054003 929.84104612 939.81155221
 949.78205831 959.7525644  969.7230705  979.69357659 989.66408269]
a_y_fitting=[-2.98245614 -2.97119681 -2.95338665 -2.92950283 -2.90002251 -2.86542286
 -2.82618102 -2.78277416 -2.73567944 -2.68537403 -2.63233507 -2.57703974
 -2.5199652  -2.4615886  -2.40238711 -2.34283788 -2.28341808 -2.22460486
 -2.16687539 -2.11070684 -2.05657635 -2.00496109 -1.95633822 -1.91118491
 -1.8699783  -1.83319557 -1.80131387 -1.77481037 -1.75416222 -1.73984659
 -1.73234063 -1.73212151 -1.73966638 -1.75545242 -1.77995677 -1.8136566
 -1.85702907 -1.91055135 -1.97470058 -2.04995387 -2.13556648 -2.22644858
 -2.31654491 -2.39980018 -2.47015912 -2.52156646 -2.54796691 -2.54330521
 -2.50155158 -2.42057023 -2.30626681 -2.1655414  -2.00529406 -1.83242487
 -1.65383391 -1.47642124 -1.30708695 -1.15273111 -1.02025378 -0.91588168
 -0.84044274 -0.79216951 -0.76927802 -0.76998431 -0.79250441 -0.83505434
 -0.89585016 -0.97310788 -1.06504355 -1.16987319 -1.28581285 -1.41107855
 -1.54388633 -1.68245221 -1.82499225 -1.96972246 -2.11485888 -2.25861755
 -2.3992145  -2.53486576 -2.66378737 -2.78419535 -2.89430575 -2.9923346
 -3.07649793 -3.14501177 -3.19609216 -3.22795513 -3.23881671 -3.22689294
 -3.19039986 -3.12755349 -3.03656987 -2.91566503 -2.763055   -2.57695583
 -2.35558354 -2.09715417 -1.79988374 -1.4619883 ]
d_x_fitting=[  4.30663221  14.30323911  24.29984601  34.2964529   44.2930598
  54.28966669  64.28627359  74.28288048  84.27948738  94.27609428
 104.27270117 114.26930807 124.26591496 134.26252186 144.25912876
 154.25573565 164.25234255 174.24894944 184.24555634 194.24216323
 204.23877013 214.23537703 224.23198392 234.22859082 244.22519771
 254.22180461 264.21841151 274.2150184  284.2116253  294.20823219
 304.20483909 314.20144598 324.19805288 334.19465978 344.19126667
 354.18787357 364.18448046 374.18108736 384.17769426 394.17430115
 404.17090805 414.16751494 424.16412184 434.16072873 444.15733563
 454.15394253 464.15054942 474.14715632 484.14376321 494.14037011
 504.13697701 514.1335839  524.1301908  534.12679769 544.12340459
 554.12001148 564.11661838 574.11322528 584.10983217 594.10643907
 604.10304596 614.09965286 624.09625976 634.09286665 644.08947355
 654.08608044 664.08268734 674.07929423 684.07590113 694.07250803
 704.06911492 714.06572182 724.06232871 734.05893561 744.05554251
 754.0521494  764.0487563  774.04536319 784.04197009 794.03857698
 804.03518388 814.03179078 824.02839767 834.02500457 844.02161146
 854.01821836 864.01482526 874.01143215 884.00803905 894.00464594
 904.00125284 913.99785973 923.99446663 933.99107353 943.98768042
 953.98428732 963.98089421 973.97750111 983.97410801 993.9707149 ]
d_y_fitting=[2.16374269 2.14219406 2.13144584 2.13109391 2.14073414 2.1599624
 2.18837454 2.22556646 2.271134   2.32467304 2.38577945 2.4540491
 2.52907786 2.61046159 2.69779617 2.79067746 2.88870133 2.99146365
 3.09856029 3.20958711 3.32414    3.44181481 3.56220741 3.68491368
 3.80952947 3.93565067 4.06287314 4.19079274 4.31900535 4.44710683
 4.57469306 4.70135991 4.82670323 4.9503189  5.0718028  5.19075078
 5.30675871 5.41942247 5.52833793 5.63310334 5.73333822 5.82867319
 5.91873899 6.00316633 6.08158595 6.15362856 6.2189249  6.2771057
 6.32780167 6.37064354 6.40526204 6.4312879  6.44835184 6.45608459
 6.45411687 6.44207941 6.41960293 6.38631817 6.34194726 6.2871484
 6.2231285  6.15110144 6.07228109 5.98788133 5.89911604 5.80719909
 5.71334435 5.61876571 5.52467703 5.4322922  5.34282508 5.25748955
 5.17749949 5.10406878 5.03831276 4.98052387 4.93058506 4.88837627
 4.85377747 4.82666861 4.80692966 4.79444056 4.78908128 4.79073177
 4.799272   4.81458192 4.83654149 4.86503066 4.8999294  4.94111765
 4.98847539 5.04188256 5.10121913 5.16636505 5.23720028 5.31360478
 5.39545851 5.48264142 5.57503347 5.67251462]