
p_x=[2.5839793281653747, 248.06201550387595, 562.4461670973299, 782.9457364341084, 864.7717484926786, 998.2773471145564]
p_y=[1.6470588235294112, 2.0, 1.5294117647058822, 1.5294117647058822, 2.9411764705882346, 1.5294117647058822]
a_x=[2.5839793281653747, 259.25925925925924, 753.6606373815677, 874.2463393626184, 997.4160206718346]
a_y=[-7.192982456140349, -6.959064327485379, -7.076023391812864, -6.023391812865498, -6.842105263157894]
d_x=[0.8613264427217916, 258.39793281653743, 760.551248923342, 863.910422049957, 997.4160206718346]
d_y=[1.3450292397660828, 1.8128654970760234, 1.6959064327485383, 2.6315789473684212, 1.3450292397660828]
p_x_fitting=[  2.58397933  12.64148809  22.69899686  32.75650562  42.81401439
  52.87152316  62.92903192  72.98654069  83.04404945  93.10155822
 103.15906698 113.21657575 123.27408451 133.33159328 143.38910205
 153.44661081 163.50411958 173.56162834 183.61913711 193.67664587
 203.73415464 213.7916634  223.84917217 233.90668094 243.9641897
 254.02169847 264.07920723 274.136716   284.19422476 294.25173353
 304.30924229 314.36675106 324.42425982 334.48176859 344.53927736
 354.59678612 364.65429489 374.71180365 384.76931242 394.82682118
 404.88432995 414.94183871 424.99934748 435.05685625 445.11436501
 455.17187378 465.22938254 475.28689131 485.34440007 495.40190884
 505.4594176  515.51692637 525.57443514 535.6319439  545.68945267
 555.74696143 565.8044702  575.86197896 585.91948773 595.97699649
 606.03450526 616.09201402 626.14952279 636.20703156 646.26454032
 656.32204909 666.37955785 676.43706662 686.49457538 696.55208415
 706.60959291 716.66710168 726.72461045 736.78211921 746.83962798
 756.89713674 766.95464551 777.01215427 787.06966304 797.1271718
 807.18468057 817.24218934 827.2996981  837.35720687 847.41471563
 857.4722244  867.52973316 877.58724193 887.64475069 897.70225946
 907.75976822 917.81727699 927.87478576 937.93229452 947.98980329
 958.04731205 968.10482082 978.16232958 988.21983835 998.27734711]
p_y_fitting=[1.64705882 1.65818408 1.67014577 1.68287006 1.69628313 1.71031113
 1.72488023 1.73991661 1.75534642 1.77109583 1.78709101 1.80325813
 1.81952335 1.83581284 1.85205277 1.8681693  1.88408859 1.89973682
 1.91504016 1.92992476 1.94431679 1.95814243 1.97132783 1.98379917
 1.9954826  2.00630431 2.01619045 2.02506718 2.03286069 2.03949713
 2.04490266 2.04900347 2.0517257  2.05299554 2.05273914 2.05088267
 2.0473523  2.0420742  2.03497453 2.02597946 2.01501515 2.00200777
 1.98688349 1.96956847 1.94998889 1.9280709  1.90374068 1.87692438
 1.84754819 1.81553825 1.78082075 1.74332184 1.7029677  1.65968448
 1.61339836 1.56403551 1.51152936 1.45624856 1.39923525 1.34158937
 1.28441086 1.22879969 1.17585579 1.12667913 1.08236964 1.04402728
 1.01275199 0.98964372 0.97580243 0.97232807 0.98032057 1.0008799
 1.035106   1.08409881 1.1489583  1.2307844  1.33067707 1.44973625
 1.58899437 1.74700741 1.91919823 2.10078849 2.28699985 2.47305397
 2.65417251 2.82557714 2.98248952 3.12013131 3.23372417 3.31848976
 3.36964975 3.3824258  3.35203957 3.27371273 3.14266692 2.95412383
 2.7033051  2.38543241 1.99572741 1.52941176]
a_x_fitting=[  2.58397933  12.63278783  22.68159633  32.73040482  42.77921332
  52.82802182  62.87683032  72.92563882  82.97444732  93.02325581
 103.07206431 113.12087281 123.16968131 133.21848981 143.26729831
 153.3161068  163.3649153  173.4137238  183.4625323  193.5113408
 203.5601493  213.6089578  223.65776629 233.70657479 243.75538329
 253.80419179 263.85300029 273.90180879 283.95061728 293.99942578
 304.04823428 314.09704278 324.14585128 334.19465978 344.24346827
 354.29227677 364.34108527 374.38989377 384.43870227 394.48751077
 404.53631927 414.58512776 424.63393626 434.68274476 444.73155326
 454.78036176 464.82917026 474.87797875 484.92678725 494.97559575
 505.02440425 515.07321275 525.12202125 535.17082974 545.21963824
 555.26844674 565.31725524 575.36606374 585.41487224 595.46368073
 605.51248923 615.56129773 625.61010623 635.65891473 645.70772323
 655.75653173 665.80534022 675.85414872 685.90295722 695.95176572
 706.00057422 716.04938272 726.09819121 736.14699971 746.19580821
 756.24461671 766.29342521 776.34223371 786.3910422  796.4398507
 806.4886592  816.5374677  826.5862762  836.6350847  846.6838932
 856.73270169 866.78151019 876.83031869 886.87912719 896.92793569
 906.97674419 917.02555268 927.07436118 937.12316968 947.17197818
 957.22078668 967.26959518 977.31840367 987.36721217 997.41602067]
a_y_fitting=[-7.19298246 -7.13191737 -7.0763341  -7.02607312 -6.98097489 -6.94087991
 -6.90562864 -6.87506156 -6.84901915 -6.82734187 -6.80987021 -6.79644464
 -6.78690564 -6.78109369 -6.77884925 -6.7800128  -6.78442482 -6.79192579
 -6.80235617 -6.81555646 -6.83136711 -6.84962861 -6.87018143 -6.89286605
 -6.91752294 -6.94399258 -6.97211545 -7.00173201 -7.03268275 -7.06480814
 -7.09794866 -7.13194478 -7.16663697 -7.20186572 -7.2374715  -7.27329478
 -7.30917604 -7.34495575 -7.38047439 -7.41557244 -7.45009038 -7.48386866
 -7.51674778 -7.54856821 -7.57917042 -7.60839489 -7.6360821  -7.66207251
 -7.68620661 -7.70832487 -7.72826777 -7.74587577 -7.76098937 -7.77344903
 -7.78309523 -7.78976844 -7.79330914 -7.7935578  -7.79035491 -7.78354093
 -7.77295634 -7.75844162 -7.73983725 -7.71698369 -7.68972142 -7.65789093
 -7.62133267 -7.57988714 -7.53339481 -7.48169614 -7.42463162 -7.36204172
 -7.29376693 -7.2196477  -7.13952452 -7.05324278 -6.96120221 -6.86485827
 -6.76578486 -6.66555587 -6.5657452  -6.46792675 -6.37367442 -6.28456209
 -6.20216367 -6.12805304 -6.06380412 -6.01099079 -5.97118695 -5.94596649
 -5.93690332 -5.94557132 -5.97354439 -6.02239644 -6.09370135 -6.18903303
 -6.30996536 -6.45807224 -6.63492758 -6.84210526]
d_x_fitting=[8.61326443e-01 1.09275355e+01 2.09937445e+01 3.10599535e+01
 4.11261626e+01 5.11923716e+01 6.12585806e+01 7.13247897e+01
 8.13909987e+01 9.14572077e+01 1.01523417e+02 1.11589626e+02
 1.21655835e+02 1.31722044e+02 1.41788253e+02 1.51854462e+02
 1.61920671e+02 1.71986880e+02 1.82053089e+02 1.92119298e+02
 2.02185507e+02 2.12251716e+02 2.22317925e+02 2.32384134e+02
 2.42450343e+02 2.52516552e+02 2.62582761e+02 2.72648970e+02
 2.82715179e+02 2.92781388e+02 3.02847597e+02 3.12913806e+02
 3.22980015e+02 3.33046225e+02 3.43112434e+02 3.53178643e+02
 3.63244852e+02 3.73311061e+02 3.83377270e+02 3.93443479e+02
 4.03509688e+02 4.13575897e+02 4.23642106e+02 4.33708315e+02
 4.43774524e+02 4.53840733e+02 4.63906942e+02 4.73973151e+02
 4.84039360e+02 4.94105569e+02 5.04171778e+02 5.14237987e+02
 5.24304196e+02 5.34370405e+02 5.44436614e+02 5.54502823e+02
 5.64569032e+02 5.74635241e+02 5.84701450e+02 5.94767659e+02
 6.04833868e+02 6.14900077e+02 6.24966286e+02 6.35032495e+02
 6.45098705e+02 6.55164914e+02 6.65231123e+02 6.75297332e+02
 6.85363541e+02 6.95429750e+02 7.05495959e+02 7.15562168e+02
 7.25628377e+02 7.35694586e+02 7.45760795e+02 7.55827004e+02
 7.65893213e+02 7.75959422e+02 7.86025631e+02 7.96091840e+02
 8.06158049e+02 8.16224258e+02 8.26290467e+02 8.36356676e+02
 8.46422885e+02 8.56489094e+02 8.66555303e+02 8.76621512e+02
 8.86687721e+02 8.96753930e+02 9.06820139e+02 9.16886348e+02
 9.26952557e+02 9.37018766e+02 9.47084976e+02 9.57151185e+02
 9.67217394e+02 9.77283603e+02 9.87349812e+02 9.97416021e+02]
d_y_fitting=[1.34502924 1.42267066 1.49412725 1.55957153 1.61917598 1.67311311
 1.72155542 1.76467541 1.80264558 1.83563843 1.86382646 1.88738217
 1.90647806 1.92128663 1.93198039 1.93873182 1.94171344 1.94109774
 1.93705723 1.9297644  1.91939175 1.90611179 1.89009701 1.87151991
 1.850553   1.82736878 1.80213974 1.77503839 1.74623723 1.71590875
 1.68422546 1.65135986 1.61748444 1.58277172 1.54739418 1.51152433
 1.47533467 1.4389977  1.40268592 1.36657184 1.33082794 1.29562673
 1.26114072 1.22754239 1.19500426 1.16369883 1.13379858 1.10547603
 1.07890367 1.05425401 1.03169954 1.01141276 0.99356618 0.9783323
 0.96588361 0.95639261 0.95003182 0.94697372 0.94739081 0.95145561
 0.9593406  0.97121829 0.98726118 1.00764177 1.03253256 1.06210604
 1.09653473 1.13599112 1.1806477  1.23067699 1.28625148 1.34754367
 1.41472607 1.48797116 1.56745146 1.65333946 1.74575329 1.8437237
 1.94527774 2.04840485 2.15109447 2.25133604 2.347119   2.43643279
 2.51726685 2.58761062 2.64545354 2.68878505 2.71559459 2.7238716
 2.71160551 2.67678578 2.61740183 2.53144311 2.41689907 2.27175913
 2.09401273 1.88164933 1.63265835 1.34502924]