
p_x=[1.7226528854435832, 198.96640826873386, 397.0714900947459, 601.2058570198105, 993.1093884582257]
p_y=[2.3529411764705888, 4.0, 2.3529411764705888, 4.705882352941177, 4.117647058823529]
a_x=[0.0, 187.76916451335057, 393.62618432385875, 605.5124892334195, 999.1386735572783]
a_y=[-3.8011695906432745, -3.099415204678362, -4.619883040935672, -3.2163742690058488, -2.9824561403508767]
d_x=[2.5839793281653747, 186.90783807062877, 393.62618432385875, 605.5124892334195, 998.2773471145564]
d_y=[0.1754385964912295, 1.8128654970760234, 0.526315789473685, 3.2163742690058488, 2.6315789473684212]
p_x_fitting=[  1.72265289  11.73666032  21.75066775  31.76467518  41.77868261
  51.79269004  61.80669747  71.8207049   81.83471233  91.84871976
 101.86272719 111.87673462 121.89074205 131.90474948 141.91875691
 151.93276434 161.94677177 171.9607792  181.97478663 191.98879406
 202.00280149 212.01680892 222.03081635 232.04482378 242.05883121
 252.07283864 262.08684607 272.1008535  282.11486093 292.12886836
 302.14287579 312.15688322 322.17089065 332.18489808 342.19890551
 352.21291294 362.22692037 372.2409278  382.25493523 392.26894266
 402.28295009 412.29695752 422.31096495 432.32497238 442.33897981
 452.35298724 462.36699467 472.3810021  482.39500953 492.40901696
 502.42302439 512.43703182 522.45103925 532.46504668 542.47905411
 552.49306154 562.50706897 572.5210764  582.53508383 592.54909126
 602.56309869 612.57710612 622.59111355 632.60512098 642.61912841
 652.63313584 662.64714327 672.6611507  682.67515813 692.68916556
 702.70317299 712.71718042 722.73118785 732.74519528 742.75920271
 752.77321014 762.78721757 772.801225   782.81523243 792.82923986
 802.84324729 812.85725472 822.87126215 832.88526958 842.89927701
 852.91328444 862.92729187 872.9412993  882.95530673 892.96931416
 902.98332159 912.99732902 923.01133645 933.02534388 943.03935131
 953.05335874 963.06736617 973.0813736  983.09538103 993.10938846]
p_y_fitting=[2.35294118 2.66877282 2.95222896 3.20458709 3.42712471 3.6211193
 3.78784836 3.92858939 4.04461986 4.13721728 4.20765914 4.25722293
 4.28718613 4.29882625 4.29342077 4.27224719 4.236583   4.18770569
 4.12689275 4.05542168 3.97456996 3.88561509 3.78983456 3.68850586
 3.58290648 3.47431392 3.36400567 3.25325923 3.14335207 3.03556169
 2.9311656  2.83144127 2.7376662  2.65111788 2.57307381 2.50481147
 2.44760836 2.40274197 2.37148979 2.35512931 2.35488936 2.37097962
 2.40264355 2.44908651 2.50951384 2.5831309  2.66914305 2.76675564
 2.87517403 2.99360358 3.12124963 3.25731754 3.40101268 3.55154038
 3.70810601 3.86991493 4.03617248 4.20608403 4.37885493 4.55369053
 4.72979618 4.90637726 5.08263909 5.25778706 5.4310265  5.60156277
 5.76860123 5.93134724 6.08900615 6.2407833  6.38588407 6.5235138
 6.65287785 6.77318158 6.88363033 6.98342947 7.07178434 7.14790031
 7.21098273 7.26023696 7.29486834 7.31408223 7.317084   7.30307899
 7.27127256 7.22087006 7.15107686 7.0610983  6.95013973 6.81740653
 6.66210403 6.48343759 6.28061258 6.05283434 5.79930823 5.51923961
 5.21183382 4.87629623 4.51183219 4.11764706]
a_x_fitting=[  0.          10.09230983  20.18461967  30.2769295   40.36923934
  50.46154917  60.553859    70.64616884  80.73847867  90.83078851
 100.92309834 111.01540817 121.10771801 131.20002784 141.29233767
 151.38464751 161.47695734 171.56926718 181.66157701 191.75388684
 201.84619668 211.93850651 222.03081635 232.12312618 242.21543601
 252.30774585 262.40005568 272.49236552 282.58467535 292.67698518
 302.76929502 312.86160485 322.95391469 333.04622452 343.13853435
 353.23084419 363.32315402 373.41546385 383.50777369 393.60008352
 403.69239336 413.78470319 423.87701302 433.96932286 444.06163269
 454.15394253 464.24625236 474.33856219 484.43087203 494.52318186
 504.6154917  514.70780153 524.80011136 534.8924212  544.98473103
 555.07704087 565.1693507  575.26166053 585.35397037 595.4462802
 605.53859003 615.63089987 625.7232097  635.81551954 645.90782937
 656.0001392  666.09244904 676.18475887 686.27706871 696.36937854
 706.46168837 716.55399821 726.64630804 736.73861788 746.83092771
 756.92323754 767.01554738 777.10785721 787.20016705 797.29247688
 807.38478671 817.47709655 827.56940638 837.66171621 847.75402605
 857.84633588 867.93864572 878.03095555 888.12326538 898.21557522
 908.30788505 918.40019489 928.49250472 938.58481455 948.67712439
 958.76943422 968.86174406 978.95405389 989.04636372 999.13867356]
a_y_fitting=[-3.80116959 -3.61534841 -3.45118847 -3.30781601 -3.18435728 -3.07993851
 -2.99368595 -2.92472584 -2.87218441 -2.83518791 -2.81286258 -2.80433466
 -2.80873039 -2.82517601 -2.85279776 -2.89072189 -2.93807462 -2.99398221
 -3.05757089 -3.12796691 -3.2042965  -3.28568591 -3.37126137 -3.46014913
 -3.55147543 -3.6443665  -3.7379486  -3.83134795 -3.9236908  -4.0141034
 -4.10171197 -4.18564277 -4.26502203 -4.33897599 -4.4066309  -4.46711299
 -4.5195485  -4.56306368 -4.59678477 -4.61983801 -4.63157727 -4.63227409
 -4.62243119 -4.60255131 -4.57313717 -4.53469151 -4.48771705 -4.43271651
 -4.37019264 -4.30064816 -4.22458579 -4.14250827 -4.05491833 -3.96231869
 -3.86521209 -3.76410125 -3.6594889  -3.55187777 -3.4417706  -3.3296701
 -3.21607901 -3.10150005 -2.98643597 -2.87138948 -2.75686331 -2.64336019
 -2.53138286 -2.42143404 -2.31401646 -2.20963285 -2.10878593 -2.01197845
 -1.91971312 -1.83249267 -1.75081984 -1.67519736 -1.60612794 -1.54411433
 -1.48965925 -1.44326542 -1.40543559 -1.37667247 -1.3574788  -1.34835731
 -1.34981072 -1.36234176 -1.38645316 -1.42264766 -1.47142798 -1.53329685
 -1.60875699 -1.69831115 -1.80246204 -1.9217124  -2.05656495 -2.20752242
 -2.37508755 -2.55976306 -2.76205168 -2.98245614]
d_x_fitting=[  2.58397933  12.64148809  22.69899686  32.75650562  42.81401439
  52.87152316  62.92903192  72.98654069  83.04404945  93.10155822
 103.15906698 113.21657575 123.27408451 133.33159328 143.38910205
 153.44661081 163.50411958 173.56162834 183.61913711 193.67664587
 203.73415464 213.7916634  223.84917217 233.90668094 243.9641897
 254.02169847 264.07920723 274.136716   284.19422476 294.25173353
 304.30924229 314.36675106 324.42425982 334.48176859 344.53927736
 354.59678612 364.65429489 374.71180365 384.76931242 394.82682118
 404.88432995 414.94183871 424.99934748 435.05685625 445.11436501
 455.17187378 465.22938254 475.28689131 485.34440007 495.40190884
 505.4594176  515.51692637 525.57443514 535.6319439  545.68945267
 555.74696143 565.8044702  575.86197896 585.91948773 595.97699649
 606.03450526 616.09201402 626.14952279 636.20703156 646.26454032
 656.32204909 666.37955785 676.43706662 686.49457538 696.55208415
 706.60959291 716.66710168 726.72461045 736.78211921 746.83962798
 756.89713674 766.95464551 777.01215427 787.06966304 797.1271718
 807.18468057 817.24218934 827.2996981  837.35720687 847.41471563
 857.4722244  867.52973316 877.58724193 887.64475069 897.70225946
 907.75976822 917.81727699 927.87478576 937.93229452 947.98980329
 958.04731205 968.10482082 978.16232958 988.21983835 998.27734711]
d_y_fitting=[0.1754386  0.46348945 0.72208732 0.95242966 1.15571394 1.33313763
 1.4858982  1.61519311 1.72221983 1.80817584 1.87425858 1.92166554
 1.95159419 1.96524198 1.96380638 1.94848487 1.9204749  1.88097396
 1.83117949 1.77228898 1.70549989 1.63200968 1.55301583 1.4697158
 1.38330705 1.29498706 1.20595329 1.11740321 1.03053429 0.94654399
 0.86662979 0.79198914 0.72381952 0.66331839 0.61168322 0.57011148
 0.53980064 0.52194815 0.5177515  0.52840759 0.55465722 0.59596036
 0.65155382 0.7206744  0.80255891 0.89644415 1.00156692 1.11716404
 1.24247231 1.37672854 1.51916952 1.66903207 1.82555299 1.98796908
 2.15551715 2.32743401 2.50295646 2.68132131 2.86176536 3.04352541
 3.22583828 3.40794077 3.58906968 3.76846182 3.94535399 4.118983
 4.28858566 4.45339877 4.61265913 4.76560355 4.91146884 5.0494918
 5.17890924 5.29895796 5.40887477 5.50789646 5.59525986 5.67020176
 5.73195897 5.7797683  5.81286654 5.83049051 5.831877   5.81626284
 5.78288481 5.73097973 5.6597844  5.56853563 5.45647022 5.32282498
 5.16683671 4.98774222 4.78477831 4.55718179 4.30418947 4.02503814
 3.71896462 3.38520572 3.02299822 2.63157895]