
p_x=[2.5839793281653747, 298.88027562446166, 403.96210163652023, 660.637381567614, 667.5279931093885, 993.9707149009474]
p_y=[-1.0588235294117645, 1.764705882352942, -0.9411764705882355, 2.0, 1.882352941176471, 1.764705882352942]
a_x=[2.5839793281653747, 297.15762273901805, 407.4074074074074, 661.4987080103359, 993.9707149009474]
a_y=[-4.970760233918128, -3.8011695906432745, -4.502923976608187, -3.450292397660819, -4.619883040935672]
d_x=[1.7226528854435832, 290.26701119724373, 409.130060292851, 667.5279931093885, 996.5546942291128]
d_y=[0.1754385964912295, 1.6959064327485383, 0.29239766081871466, 1.8128654970760234, 1.578947368421053]
p_x_fitting=[  2.58397933  12.59798676  22.61199419  32.62600162  42.64000905
  52.65401648  62.66802391  72.68203134  82.69603877  92.7100462
 102.72405363 112.73806106 122.75206849 132.76607592 142.78008335
 152.79409078 162.80809821 172.82210564 182.83611307 192.8501205
 202.86412793 212.87813536 222.89214279 232.90615022 242.92015765
 252.93416508 262.94817251 272.96217994 282.97618737 292.9901948
 303.00420223 313.01820966 323.03221709 333.04622452 343.06023195
 353.07423938 363.08824681 373.10225424 383.11626167 393.1302691
 403.14427653 413.15828396 423.17229139 433.18629882 443.20030625
 453.21431368 463.22832111 473.24232854 483.25633597 493.2703434
 503.28435083 513.29835826 523.31236569 533.32637312 543.34038055
 553.35438798 563.36839541 573.38240284 583.39641027 593.4104177
 603.42442513 613.43843256 623.45243999 633.46644742 643.48045485
 653.49446228 663.50846971 673.52247714 683.53648457 693.550492
 703.56449943 713.57850686 723.59251429 733.60652172 743.62052915
 753.63453658 763.64854401 773.66255144 783.67655887 793.6905663
 803.70457373 813.71858116 823.73258859 833.74659602 843.76060345
 853.77461088 863.78861831 873.80262574 883.81663317 893.8306406
 903.84464803 913.85865546 923.87266289 933.88667032 943.90067775
 953.91468518 963.92869261 973.94270004 983.95670747 993.9707149 ]
p_y_fitting=[-1.05882353  0.03239472  1.01721572  1.89963388  2.68364359  3.37323927
  3.9724153   4.48516608  4.91548603  5.26736954  5.54481101  5.75180483
  5.89234543  5.97042718  5.9900445   5.95519178  5.86986343  5.73805384
  5.56375742  5.35096856  5.10368168  4.82589116  4.52159141  4.19477684
  3.84944183  3.48958079  3.11918813  2.74225824  2.36278552  1.98476438
  1.61218921  1.24905442  0.89935441  0.56708357  0.25623631 -0.02919297
 -0.28520987 -0.50781999 -0.69302893 -0.83684229 -0.93526567 -0.98535305
 -0.98952128 -0.95189746 -0.87660941 -0.76778494 -0.6295519  -0.4660381
 -0.28137137 -0.07967953  0.13490958  0.35826815  0.58626835  0.81478235
  1.03968232  1.25684044  1.46212889  1.65141984  1.82058547  1.96549794
  2.08202943  2.16605212  2.21343818  2.22005978  2.18178911  2.09449833
  1.95409877  1.75988455  1.51709362  1.23156693  0.90914543  0.55567005
  0.17698174 -0.22107857 -0.63266994 -1.05195141 -1.47308206 -1.89022094
 -2.2975271  -2.68915962 -3.05927754 -3.40203993 -3.71160585 -3.98213435
 -4.2077845  -4.38271534 -4.50108596 -4.55705539 -4.5447827  -4.45842695
 -4.2921472  -4.04010251 -3.69645193 -3.25535453 -2.71096936 -2.05745549
 -1.28897197 -0.39967786  0.61626777  1.76470588]
a_x_fitting=[  2.58397933  12.59798676  22.61199419  32.62600162  42.64000905
  52.65401648  62.66802391  72.68203134  82.69603877  92.7100462
 102.72405363 112.73806106 122.75206849 132.76607592 142.78008335
 152.79409078 162.80809821 172.82210564 182.83611307 192.8501205
 202.86412793 212.87813536 222.89214279 232.90615022 242.92015765
 252.93416508 262.94817251 272.96217994 282.97618737 292.9901948
 303.00420223 313.01820966 323.03221709 333.04622452 343.06023195
 353.07423938 363.08824681 373.10225424 383.11626167 393.1302691
 403.14427653 413.15828396 423.17229139 433.18629882 443.20030625
 453.21431368 463.22832111 473.24232854 483.25633597 493.2703434
 503.28435083 513.29835826 523.31236569 533.32637312 543.34038055
 553.35438798 563.36839541 573.38240284 583.39641027 593.4104177
 603.42442513 613.43843256 623.45243999 633.46644742 643.48045485
 653.49446228 663.50846971 673.52247714 683.53648457 693.550492
 703.56449943 713.57850686 723.59251429 733.60652172 743.62052915
 753.63453658 763.64854401 773.66255144 783.67655887 793.6905663
 803.70457373 813.71858116 823.73258859 833.74659602 843.76060345
 853.77461088 863.78861831 873.80262574 883.81663317 893.8306406
 903.84464803 913.85865546 923.87266289 933.88667032 943.90067775
 953.91468518 963.92869261 973.94270004 983.95670747 993.9707149 ]
a_y_fitting=[-4.97076023 -4.70223774 -4.4574517  -4.23556658 -4.03574688 -3.85715707
 -3.69896162 -3.56032502 -3.44041175 -3.33838629 -3.25341311 -3.1846567
 -3.13128154 -3.0924521  -3.06733287 -3.05508832 -3.05488294 -3.0658812
 -3.08724759 -3.11814658 -3.15774265 -3.20520029 -3.25968397 -3.32035817
 -3.38638737 -3.45693605 -3.5311687  -3.60824978 -3.68734379 -3.7676152
 -3.84822848 -3.92834812 -4.00713861 -4.08376441 -4.15739001 -4.22717988
 -4.29229851 -4.35191038 -4.40517997 -4.45127175 -4.48935021 -4.51861954
 -4.53894316 -4.55072745 -4.55439494 -4.55036819 -4.53906973 -4.52092211
 -4.49634788 -4.46576958 -4.42960974 -4.38829092 -4.34223566 -4.29186651
 -4.237606   -4.17987668 -4.1191011  -4.0557018  -3.99010132 -3.9227222
 -3.853987   -3.78431825 -3.71413851 -3.6438703  -3.57393618 -3.50475869
 -3.43676038 -3.37036378 -3.30599145 -3.24406593 -3.18500975 -3.12924547
 -3.07719562 -3.02928276 -2.98592943 -2.94755816 -2.91459151 -2.88745202
 -2.86656223 -2.85234468 -2.84522192 -2.8456165  -2.85395096 -2.87064783
 -2.89612968 -2.93081903 -2.97513843 -3.02951043 -3.09435758 -3.17010241
 -3.25716746 -3.35597529 -3.46694844 -3.59050945 -3.72708086 -3.87708523
 -4.04094508 -4.21908297 -4.41192144 -4.61988304]
d_x_fitting=[  1.72265289  11.77146138  21.82026988  31.86907838  41.91788688
  51.96669538  62.01550388  72.06431237  82.11312087  92.16192937
 102.21073787 112.25954637 122.30835487 132.35716336 142.40597186
 152.45478036 162.50358886 172.55239736 182.60120586 192.65001436
 202.69882285 212.74763135 222.79643985 232.84524835 242.89405685
 252.94286535 262.99167384 273.04048234 283.08929084 293.13809934
 303.18690784 313.23571634 323.28452483 333.33333333 343.38214183
 353.43095033 363.47975883 373.52856733 383.57737583 393.62618432
 403.67499282 413.72380132 423.77260982 433.82141832 443.87022682
 453.91903531 463.96784381 474.01665231 484.06546081 494.11426931
 504.16307781 514.2118863  524.2606948  534.3095033  544.3583118
 554.4071203  564.4559288  574.5047373  584.55354579 594.60235429
 604.65116279 614.69997129 624.74877979 634.79758829 644.84639678
 654.89520528 664.94401378 674.99282228 685.04163078 695.09043928
 705.13924777 715.18805627 725.23686477 735.28567327 745.33448177
 755.38329027 765.43209877 775.48090726 785.52971576 795.57852426
 805.62733276 815.67614126 825.72494976 835.77375825 845.82256675
 855.87137525 865.92018375 875.96899225 886.01780075 896.06660924
 906.11541774 916.16422624 926.21303474 936.26184324 946.31065174
 956.35946024 966.40826873 976.45707723 986.50588573 996.55469423]
d_y_fitting=[0.1754386  0.58763192 0.9621055  1.3001839  1.60319172 1.87245353
 2.10929392 2.31503747 2.49100877 2.63853239 2.75893292 2.85353494
 2.92366304 2.97064179 2.99579578 3.0004496  2.98592781 2.95355502
 2.90465579 2.84055472 2.76257638 2.67204535 2.57028623 2.45862359
 2.33838201 2.21088608 2.07746039 1.9394295  1.79811801 1.6548505
 1.51095155 1.36774574 1.22655766 1.08871188 0.955533   0.82834559
 0.70847423 0.59724352 0.49597802 0.40600233 0.32864102 0.26518799
 0.21606582 0.18072265 0.15855524 0.14896034 0.1513347  0.16507508
 0.18957821 0.22424086 0.26845978 0.3216317  0.3831534  0.45242161
 0.52883309 0.61178458 0.70067285 0.79489464 0.8938467  0.99692578
 1.10352863 1.21305201 1.32489266 1.43844734 1.55311279 1.66828577
 1.78336303 1.89774132 2.01081739 2.12198799 2.23064988 2.33619979
 2.43803449 2.53555073 2.62814525 2.7152148  2.79615614 2.87036603
 2.9372412  2.99617841 3.04657441 3.08782595 3.11932979 3.14048267
 3.15068134 3.14932256 3.13580307 3.10951963 3.06986899 3.0162479
 2.94805311 2.86468137 2.76552943 2.64999404 2.51747196 2.36735993
 2.1990547  2.01195303 1.80545167 1.57894737]