
p_x=[1.7226528854435832, 421.1886304909561, 662.3600344530577, 793.2816537467701, 999.1386735572783]
p_y=[-2.0, -2.7058823529411757, -0.117647058823529, 2.0, 2.4705882352941178]
a_x=[2.5839793281653747, 417.7433247200689, 661.4987080103359, 791.5590008613265, 998.2773471145564]
a_y=[-2.0467836257309955, -2.163742690058479, -0.6432748538011701, 1.6959064327485383, 2.1637426900584797]
d_x=[0.0, 418.60465116279073, 658.0534022394487, 798.4496124031008, 998.2773471145564]
d_y=[1.578947368421053, 2.6315789473684212, 2.514619883040936, 4.853801169590644, 5.2046783625731]
p_x_fitting=[  1.72265289  11.79756219  21.87247148  31.94738078  42.02229008
  52.09719938  62.17210868  72.24701798  82.32192728  92.39683658
 102.47174588 112.54665518 122.62156448 132.69647378 142.77138308
 152.84629238 162.92120168 172.99611098 183.07102028 193.14592958
 203.22083888 213.29574818 223.37065748 233.44556678 243.52047608
 253.59538538 263.67029468 273.74520398 283.82011328 293.89502258
 303.96993188 314.04484118 324.11975048 334.19465978 344.26956908
 354.34447838 364.41938768 374.49429697 384.56920627 394.64411557
 404.71902487 414.79393417 424.86884347 434.94375277 445.01866207
 455.09357137 465.16848067 475.24338997 485.31829927 495.39320857
 505.46811787 515.54302717 525.61793647 535.69284577 545.76775507
 555.84266437 565.91757367 575.99248297 586.06739227 596.14230157
 606.21721087 616.29212017 626.36702947 636.44193877 646.51684807
 656.59175737 666.66666667 676.74157597 686.81648527 696.89139457
 706.96630387 717.04121317 727.11612246 737.19103176 747.26594106
 757.34085036 767.41575966 777.49066896 787.56557826 797.64048756
 807.71539686 817.79030616 827.86521546 837.94012476 848.01503406
 858.08994336 868.16485266 878.23976196 888.31467126 898.38958056
 908.46448986 918.53939916 928.61430846 938.68921776 948.76412706
 958.83903636 968.91394566 978.98885496 989.06376426 999.13867356]
p_y_fitting=[-2.         -2.08731788 -2.1713884  -2.25219522 -2.32972201 -2.40395243
 -2.47487013 -2.54245878 -2.60670203 -2.66758354 -2.72508699 -2.77919601
 -2.82989429 -2.87716547 -2.92099321 -2.96136118 -2.99825304 -3.03165245
 -3.06154306 -3.08790854 -3.11073254 -3.12999873 -3.14569077 -3.15779232
 -3.16628703 -3.17115858 -3.1723906  -3.16996678 -3.16387077 -3.15408622
 -3.1405968  -3.12338617 -3.10243799 -3.07773591 -3.04926361 -3.01700473
 -2.98094294 -2.9410619  -2.89734527 -2.84977671 -2.79833988 -2.74301844
 -2.68379605 -2.62065637 -2.55358306 -2.48255977 -2.40757018 -2.32859794
 -2.24562671 -2.15864015 -2.06762192 -1.97255568 -1.87342509 -1.77021382
 -1.66290551 -1.55148384 -1.43593245 -1.31623502 -1.1923752  -1.06433666
 -0.93210304 -0.79565802 -0.65498525 -0.51006839 -0.3608911  -0.20743705
 -0.04970076  0.11196173  0.27675747  0.44386737  0.61247235  0.78175333
  0.95089122  1.11906693  1.28546138  1.44925548  1.60963015  1.76576631
  1.91684486  2.06204672  2.20055281  2.33154404  2.45420133  2.56770559
  2.67123773  2.76397868  2.84510934  2.91381063  2.96926347  3.01064876
  3.03714743  3.04794039  3.04220855  3.01913283  2.97789415  2.91767341
  2.83765154  2.73700944  2.61492803  2.47058824]
a_x_fitting=[  2.58397933  12.64148809  22.69899686  32.75650562  42.81401439
  52.87152316  62.92903192  72.98654069  83.04404945  93.10155822
 103.15906698 113.21657575 123.27408451 133.33159328 143.38910205
 153.44661081 163.50411958 173.56162834 183.61913711 193.67664587
 203.73415464 213.7916634  223.84917217 233.90668094 243.9641897
 254.02169847 264.07920723 274.136716   284.19422476 294.25173353
 304.30924229 314.36675106 324.42425982 334.48176859 344.53927736
 354.59678612 364.65429489 374.71180365 384.76931242 394.82682118
 404.88432995 414.94183871 424.99934748 435.05685625 445.11436501
 455.17187378 465.22938254 475.28689131 485.34440007 495.40190884
 505.4594176  515.51692637 525.57443514 535.6319439  545.68945267
 555.74696143 565.8044702  575.86197896 585.91948773 595.97699649
 606.03450526 616.09201402 626.14952279 636.20703156 646.26454032
 656.32204909 666.37955785 676.43706662 686.49457538 696.55208415
 706.60959291 716.66710168 726.72461045 736.78211921 746.83962798
 756.89713674 766.95464551 777.01215427 787.06966304 797.1271718
 807.18468057 817.24218934 827.2996981  837.35720687 847.41471563
 857.4722244  867.52973316 877.58724193 887.64475069 897.70225946
 907.75976822 917.81727699 927.87478576 937.93229452 947.98980329
 958.04731205 968.10482082 978.16232958 988.21983835 998.27734711]
a_y_fitting=[-2.04678363 -1.98109141 -1.92209205 -1.86953425 -1.82316669 -1.78273809
 -1.74799713 -1.71869251 -1.69457293 -1.67538708 -1.66088367 -1.6508114
 -1.64491895 -1.64295502 -1.64466832 -1.64980754 -1.65812138 -1.66935853
 -1.68326769 -1.69959756 -1.71809683 -1.73851421 -1.76059839 -1.78409807
 -1.80876194 -1.83433871 -1.86057706 -1.8872257  -1.91403333 -1.94074863
 -1.96712032 -1.99289708 -2.01782761 -2.04166061 -2.06414478 -2.08502881
 -2.1040614  -2.12099125 -2.13556706 -2.14753752 -2.15665133 -2.16265719
 -2.16530379 -2.16433984 -2.15951402 -2.15057504 -2.1372716  -2.11935238
 -2.09656609 -2.06866143 -2.03538709 -1.99649177 -1.95172417 -1.90083298
 -1.8435669  -1.77967463 -1.70890486 -1.6310063  -1.54572764 -1.45281758
 -1.35202481 -1.24309803 -1.12578594 -0.99983724 -0.86500062 -0.72102478
 -0.56768655 -0.40545684 -0.23552779 -0.05912509  0.12252557  0.30819848
  0.49666795  0.68670828  0.87709376  1.06659872  1.25399743  1.43806422
  1.61757338  1.79129921  1.95801601  2.1164981   2.26551976  2.40385531
  2.53027904  2.64356525  2.74248826  2.82582236  2.89234185  2.94082103
  2.97003422  2.9787557   2.96575979  2.92982079  2.86971299  2.7842107
  2.67208822  2.53211986  2.36307992  2.16374269]
d_x_fitting=[  0.          10.08360957  20.16721913  30.2508287   40.33443827
  50.41804783  60.5016574   70.58526697  80.66887653  90.7524861
 100.83609567 110.91970523 121.0033148  131.08692437 141.17053394
 151.2541435  161.33775307 171.42136264 181.5049722  191.58858177
 201.67219134 211.7558009  221.83941047 231.92302004 242.0066296
 252.09023917 262.17384874 272.2574583  282.34106787 292.42467744
 302.508287   312.59189657 322.67550614 332.7591157  342.84272527
 352.92633484 363.00994441 373.09355397 383.17716354 393.26077311
 403.34438267 413.42799224 423.51160181 433.59521137 443.67882094
 453.76243051 463.84604007 473.92964964 484.01325921 494.09686877
 504.18047834 514.26408791 524.34769747 534.43130704 544.51491661
 554.59852617 564.68213574 574.76574531 584.84935488 594.93296444
 605.01657401 615.10018358 625.18379314 635.26740271 645.35101228
 655.43462184 665.51823141 675.60184098 685.68545054 695.76906011
 705.85266968 715.93627924 726.01988881 736.10349838 746.18710794
 756.27071751 766.35432708 776.43793664 786.52154621 796.60515578
 806.68876535 816.77237491 826.85598448 836.93959405 847.02320361
 857.10681318 867.19042275 877.27403231 887.35764188 897.44125145
 907.52486101 917.60847058 927.69208015 937.77568971 947.85929928
 957.94290885 968.02651841 978.11012798 988.19373755 998.27734711]
d_y_fitting=[1.57894737 1.84476799 2.09198901 2.3211213  2.53267572 2.72716315
 2.90509447 3.06698053 3.21333222 3.34466041 3.46147596 3.56428974
 3.65361264 3.72995552 3.79382925 3.8457447  3.88621274 3.91574426
 3.93485011 3.94404116 3.9438283  3.93472239 3.9172343  3.89187491
 3.85915508 3.81958568 3.7736776  3.72194169 3.66488884 3.60302991
 3.53687577 3.46693729 3.39372536 3.31775083 3.23952457 3.15955747
 3.07836039 2.99644421 2.91431979 2.832498   2.75148972 2.67180582
 2.59395717 2.51845464 2.44580911 2.37653143 2.3111325  2.25012317
 2.19401432 2.14331681 2.09854153 2.06019934 2.02880111 2.00485772
 1.98888004 1.98137893 1.98286527 1.99384993 2.01484379 2.04635771
 2.08890256 2.14298921 2.20912855 2.28783143 2.37960874 2.48497133
 2.60429707 2.73676778 2.88093288 3.03533603 3.19852087 3.36903108
 3.54541032 3.72620224 3.90995051 4.09519879 4.28049074 4.46437002
 4.64538029 4.82206521 4.99296844 5.15663365 5.3116045  5.45642463
 5.58963773 5.70978744 5.81541743 5.90507136 5.97729289 6.03062569
 6.0636134  6.0747997  6.06272824 6.02594268 5.96298669 5.87240393
 5.75273806 5.60253273 5.42033161 5.20467836]