
p_x=[0.8613264427217916, 285.9603789836348, 574.5047372954349, 999.1386735572783]
p_y=[-1.647058823529413, 1.2941176470588225, 4.470588235294118, 3.88235294117647]
a_x=[1.7226528854435832, 281.65374677002586, 575.3660637381568, 993.9707149009474]
a_y=[-4.7368421052631575, -4.152046783625732, -2.280701754385966, -2.8654970760233915]
d_x=[1.7226528854435832, 284.2377260981912, 577.0887166236004, 997.4160206718346]
d_y=[0.4093567251461998, 0.4093567251461998, 1.578947368421053, 1.1111111111111107]
p_x_fitting=[8.61326443e-01 1.09449360e+01 2.10285456e+01 3.11121551e+01
 4.11957647e+01 5.12793743e+01 6.13629838e+01 7.14465934e+01
 8.15302030e+01 9.16138125e+01 1.01697422e+02 1.11781032e+02
 1.21864641e+02 1.31948251e+02 1.42031860e+02 1.52115470e+02
 1.62199080e+02 1.72282689e+02 1.82366299e+02 1.92449908e+02
 2.02533518e+02 2.12617127e+02 2.22700737e+02 2.32784346e+02
 2.42867956e+02 2.52951566e+02 2.63035175e+02 2.73118785e+02
 2.83202394e+02 2.93286004e+02 3.03369613e+02 3.13453223e+02
 3.23536833e+02 3.33620442e+02 3.43704052e+02 3.53787661e+02
 3.63871271e+02 3.73954880e+02 3.84038490e+02 3.94122100e+02
 4.04205709e+02 4.14289319e+02 4.24372928e+02 4.34456538e+02
 4.44540147e+02 4.54623757e+02 4.64707367e+02 4.74790976e+02
 4.84874586e+02 4.94958195e+02 5.05041805e+02 5.15125414e+02
 5.25209024e+02 5.35292633e+02 5.45376243e+02 5.55459853e+02
 5.65543462e+02 5.75627072e+02 5.85710681e+02 5.95794291e+02
 6.05877900e+02 6.15961510e+02 6.26045120e+02 6.36128729e+02
 6.46212339e+02 6.56295948e+02 6.66379558e+02 6.76463167e+02
 6.86546777e+02 6.96630387e+02 7.06713996e+02 7.16797606e+02
 7.26881215e+02 7.36964825e+02 7.47048434e+02 7.57132044e+02
 7.67215654e+02 7.77299263e+02 7.87382873e+02 7.97466482e+02
 8.07550092e+02 8.17633701e+02 8.27717311e+02 8.37800920e+02
 8.47884530e+02 8.57968140e+02 8.68051749e+02 8.78135359e+02
 8.88218968e+02 8.98302578e+02 9.08386187e+02 9.18469797e+02
 9.28553407e+02 9.38637016e+02 9.48720626e+02 9.58804235e+02
 9.68887845e+02 9.78971454e+02 9.89055064e+02 9.99138674e+02]
p_y_fitting=[-1.64705882 -1.57547527 -1.50050966 -1.42227652 -1.34089038 -1.25646577
 -1.16911721 -1.07895923 -0.98610637 -0.89067315 -0.79277411 -0.69252376
 -0.59003664 -0.48542729 -0.37881021 -0.27029995 -0.16001104 -0.048058
  0.06544464  0.18038235  0.2966406   0.41410486  0.5326606   0.6521933
  0.77258842  0.89373144  1.01550783  1.13780306  1.2605026   1.38349191
  1.50665649  1.62988178  1.75305327  1.87605643  1.99877672  2.12109962
  2.2429106   2.36409514  2.48453869  2.60412674  2.72274475  2.8402782
  2.95661256  3.07163329  3.18522587  3.29727577  3.40766847  3.51628943
  3.62302412  3.72775802  3.83037659  3.93076531  4.02880965  4.12439508
  4.21740707  4.30773109  4.39525262  4.47985712  4.56143007  4.63985694
  4.71502319  4.7868143   4.85511575  4.91981299  4.98079151  5.03793677
  5.09113425  5.14026942  5.18522774  5.2258947   5.26215575  5.29389637
  5.32100204  5.34335822  5.36085039  5.37336401  5.38078456  5.38299751
  5.37988833  5.37134249  5.35724546  5.33748271  5.31193972  5.28050196
  5.24305489  5.19948399  5.14967473  5.09351259  5.03088302  4.9616715
  4.88576351  4.80304452  4.71339999  4.6167154   4.51287622  4.40176792
  4.28327597  4.15728584  4.02368301  3.88235294]
a_x_fitting=[  1.72265289  11.74536058  21.76806828  31.79077598  41.81348367
  51.83619137  61.85889907  71.88160677  81.90431446  91.92702216
 101.94972986 111.97243755 121.99514525 132.01785295 142.04056065
 152.06326834 162.08597604 172.10868374 182.13139143 192.15409913
 202.17680683 212.19951453 222.22222222 232.24492992 242.26763762
 252.29034531 262.31305301 272.33576071 282.3584684  292.3811761
 302.4038838  312.4265915  322.44929919 332.47200689 342.49471459
 352.51742228 362.54012998 372.56283768 382.58554538 392.60825307
 402.63096077 412.65366847 422.67637616 432.69908386 442.72179156
 452.74449926 462.76720695 472.78991465 482.81262235 492.83533004
 502.85803774 512.88074544 522.90345314 532.92616083 542.94886853
 552.97157623 562.99428392 573.01699162 583.03969932 593.06240702
 603.08511471 613.10782241 623.13053011 633.1532378  643.1759455
 653.1986532  663.2213609  673.24406859 683.26677629 693.28948399
 703.31219168 713.33489938 723.35760708 733.38031478 743.40302247
 753.42573017 763.44843787 773.47114556 783.49385326 793.51656096
 803.53926866 813.56197635 823.58468405 833.60739175 843.63009944
 853.65280714 863.67551484 873.69822254 883.72093023 893.74363793
 903.76634563 913.78905332 923.81176102 933.83446872 943.85717642
 953.87988411 963.90259181 973.92529951 983.9480072  993.9707149 ]
a_y_fitting=[-4.73684211 -4.76432766 -4.78725022 -4.80572161 -4.81985369 -4.8297583
 -4.83554729 -4.8373325  -4.83522577 -4.82933895 -4.81978388 -4.80667241
 -4.79011638 -4.77022764 -4.74711803 -4.7208994  -4.69168359 -4.65958244
 -4.62470781 -4.58717153 -4.54708545 -4.50456141 -4.45971126 -4.41264685
 -4.36348001 -4.3123226  -4.25928645 -4.20448341 -4.14802533 -4.09002405
 -4.03059142 -3.96983928 -3.90787947 -3.84482384 -3.78078423 -3.7158725
 -3.65020047 -3.58388001 -3.51702294 -3.44974113 -3.3821464  -3.31435061
 -3.24646561 -3.17860322 -3.11087531 -3.04339371 -2.97627027 -2.90961684
 -2.84354525 -2.77816736 -2.713595   -2.64994003 -2.58731428 -2.52582961
 -2.46559785 -2.40673085 -2.34934045 -2.29353851 -2.23943686 -2.18714735
 -2.13678182 -2.08845213 -2.0422701  -1.99834759 -1.95679645 -1.91772851
 -1.88125562 -1.84748963 -1.81654238 -1.78852571 -1.76355148 -1.74173151
 -1.72317767 -1.70800179 -1.69631572 -1.6882313  -1.68386038 -1.6833148
 -1.68670641 -1.69414705 -1.70574856 -1.7216228  -1.7418816  -1.76663681
 -1.79600027 -1.83008384 -1.86899934 -1.91285864 -1.96177356 -2.01585597
 -2.07521769 -2.13997059 -2.21022649 -2.28609725 -2.36769471 -2.45513072
 -2.54851711 -2.64796574 -2.75358845 -2.86549708]
d_x_fitting=[  1.72265289  11.78016165  21.83767042  31.89517918  41.95268795
  52.01019671  62.06770548  72.12521424  82.18272301  92.24023178
 102.29774054 112.35524931 122.41275807 132.47026684 142.5277756
 152.58528437 162.64279313 172.7003019  182.75781066 192.81531943
 202.8728282  212.93033696 222.98784573 233.04535449 243.10286326
 253.16037202 263.21788079 273.27538955 283.33289832 293.39040709
 303.44791585 313.50542462 323.56293338 333.62044215 343.67795091
 353.73545968 363.79296844 373.85047721 383.90798598 393.96549474
 404.02300351 414.08051227 424.13802104 434.1955298  444.25303857
 454.31054733 464.3680561  474.42556486 484.48307363 494.5405824
 504.59809116 514.65559993 524.71310869 534.77061746 544.82812622
 554.88563499 564.94314375 575.00065252 585.05816129 595.11567005
 605.17317882 615.23068758 625.28819635 635.34570511 645.40321388
 655.46072264 665.51823141 675.57574018 685.63324894 695.69075771
 705.74826647 715.80577524 725.863284   735.92079277 745.97830153
 756.0358103  766.09331906 776.15082783 786.2083366  796.26584536
 806.32335413 816.38086289 826.43837166 836.49588042 846.55338919
 856.61089795 866.66840672 876.72591549 886.78342425 896.84093302
 906.89844178 916.95595055 927.01345931 937.07096808 947.12847684
 957.18598561 967.24349438 977.30100314 987.35851191 997.41602067]
d_y_fitting=[0.40935673 0.3683961  0.33121137 0.29771607 0.26782377 0.241448
 0.21850231 0.19890025 0.18255536 0.1693812  0.15929132 0.15219925
 0.14801855 0.14666276 0.14804543 0.15208011 0.15868035 0.1677597
 0.17923169 0.19300988 0.20900782 0.22713905 0.24731713 0.26945559
 0.29346799 0.31926787 0.34676878 0.37588427 0.40652789 0.43861318
 0.47205369 0.50676297 0.54265456 0.57964202 0.61763889 0.65655871
 0.69631504 0.73682143 0.77799141 0.81973854 0.86197637 0.90461844
 0.94757829 0.99076949 1.03410557 1.07750009 1.12086658 1.1641186
 1.2071697  1.24993341 1.2923233  1.3342529  1.37563577 1.41638545
 1.45641549 1.49563944 1.53397084 1.57132324 1.6076102  1.64274524
 1.67664194 1.70921382 1.74037444 1.77003735 1.7981161  1.82452422
 1.84917528 1.87198281 1.89286036 1.91172148 1.92847973 1.94304864
 1.95534176 1.96527264 1.97275483 1.97770188 1.98002733 1.97964473
 1.97646763 1.97040958 1.96138411 1.94930479 1.93408516 1.91563876
 1.89387914 1.86871986 1.84007445 1.80785647 1.77197946 1.73235697
 1.68890255 1.64152974 1.59015209 1.53468316 1.47503648 1.41112561
 1.34286409 1.27016547 1.19294329 1.11111111]