
p_x=[0.0, 126.61498708010335, 169.68130921619291, 240.31007751937986, 303.1869078380706, 438.4151593453919, 503.8759689922481, 765.7192075796727, 993.9707149009474]
p_y=[3.88235294117647, 5.411764705882353, 2.9411764705882346, 4.823529411764706, 5.176470588235294, 6.235294117647059, 4.23529411764706, 2.3529411764705888, 2.7058823529411766]
a_x=[3.4453057708871664, 126.61498708010335, 170.54263565891472, 242.89405684754522, 307.49354005167953, 431.5245478036176, 491.817398794143, 760.551248923342, 997.4160206718346]
a_y=[-2.9824561403508767, -2.397660818713449, -4.152046783625732, -2.6315789473684212, -2.8654970760233915, -2.163742690058479, -3.333333333333332, -5.204678362573098, -5.087719298245615]
d_x=[0.0, 135.22825150732126, 169.68130921619291, 242.03273040482344, 316.9681309216193, 428.9405684754522, 496.9853574504737, 789.8363479758829, 997.4160206718346]
d_y=[0.29239766081871466, 1.578947368421053, 0.526315789473685, 0.4093567251461998, -0.058479532163742576, 1.6959064327485383, 0.29239766081871466, 0.29239766081871466, 0.1754385964912295]
p_x_fitting=[  0.          10.04010823  20.08021646  30.12032469  40.16043293
  50.20054116  60.24064939  70.28075762  80.32086585  90.36097408
 100.40108231 110.44119054 120.48129878 130.52140701 140.56151524
 150.60162347 160.6417317  170.68183993 180.72194816 190.7620564
 200.80216463 210.84227286 220.88238109 230.92248932 240.96259755
 251.00270578 261.04281401 271.08292225 281.12303048 291.16313871
 301.20324694 311.24335517 321.2834634  331.32357163 341.36367986
 351.4037881  361.44389633 371.48400456 381.52411279 391.56422102
 401.60432925 411.64443748 421.68454572 431.72465395 441.76476218
 451.80487041 461.84497864 471.88508687 481.9251951  491.96530333
 502.00541157 512.0455198  522.08562803 532.12573626 542.16584449
 552.20595272 562.24606095 572.28616919 582.32627742 592.36638565
 602.40649388 612.44660211 622.48671034 632.52681857 642.5669268
 652.60703504 662.64714327 672.6872515  682.72735973 692.76746796
 702.80757619 712.84768442 722.88779266 732.92790089 742.96800912
 753.00811735 763.04822558 773.08833381 783.12844204 793.16855027
 803.20865851 813.24876674 823.28887497 833.3289832  843.36909143
 853.40919966 863.44930789 873.48941613 883.52952436 893.56963259
 903.60974082 913.64984905 923.68995728 933.73006551 943.77017374
 953.81028198 963.85039021 973.89049844 983.93060667 993.9707149 ]
p_y_fitting=[3.88235294 5.94618003 7.50716709 8.61287809 9.31087702 9.64872786
 9.67399461 9.43424124 8.97703175 8.34993012 7.60050033 6.77630637
 5.92491222 5.09388188 4.33077932 3.68316853 3.1986135  2.92466145
 2.88641171 3.04219496 3.33798435 3.71975302 4.13347411 4.52512075
 4.84066985 5.04265778 5.14817058 5.18551059 5.18298016 5.16888165
 5.17151739 5.21592026 5.30314709 5.42358144 5.56755807 5.72541173
 5.8874772  6.04408922 6.18558257 6.30229199 6.38455226 6.42269813
 6.40706435 6.3279857  6.17595936 5.95120809 5.66901765 5.3459682
 4.99863987 4.64361282 4.2974672  3.97520466 3.68066031 3.41285338
 3.17078417 2.95345297 2.75986006 2.58900573 2.43989027 2.31151397
 2.20287711 2.11297999 2.0408229  1.98540611 1.94572993 1.92079463
 1.90960051 1.91114786 1.92443696 1.9484681  1.98224157 2.02475766
 2.07501666 2.13201886 2.19476454 2.26225399 2.3334875  2.40746536
 2.48318786 2.55965528 2.63586792 2.71082606 2.78352999 2.85298001
 2.91817639 2.97811942 3.03180941 3.07824662 3.11643136 3.1453639
 3.16404455 3.17147358 3.16665128 3.14857795 3.11625387 3.06867934
 3.00485463 2.92378003 2.82445585 2.70588235]
a_x_fitting=[  3.44530577  13.485414    23.52552223  33.56563046  43.6057387
  53.64584693  63.68595516  73.72606339  83.76617162  93.80627985
 103.84638808 113.88649632 123.92660455 133.96671278 144.00682101
 154.04692924 164.08703747 174.1271457  184.16725393 194.20736217
 204.2474704  214.28757863 224.32768686 234.36779509 244.40790332
 254.44801155 264.48811979 274.52822802 284.56833625 294.60844448
 304.64855271 314.68866094 324.72876917 334.7688774  344.80898564
 354.84909387 364.8892021  374.92931033 384.96941856 395.00952679
 405.04963502 415.08974326 425.12985149 435.16995972 445.21006795
 455.25017618 465.29028441 475.33039264 485.37050087 495.41060911
 505.45071734 515.49082557 525.5309338  535.57104203 545.61115026
 555.65125849 565.69136672 575.73147496 585.77158319 595.81169142
 605.85179965 615.89190788 625.93201611 635.97212434 646.01223258
 656.05234081 666.09244904 676.13255727 686.1726655  696.21277373
 706.25288196 716.29299019 726.33309843 736.37320666 746.41331489
 756.45342312 766.49353135 776.53363958 786.57374781 796.61385605
 806.65396428 816.69407251 826.73418074 836.77428897 846.8143972
 856.85450543 866.89461366 876.9347219  886.97483013 897.01493836
 907.05504659 917.09515482 927.13526305 937.17537128 947.21547952
 957.25558775 967.29569598 977.33580421 987.37591244 997.41602067]
a_y_fitting=[-2.98245614 -1.61670853 -0.60309197  0.09292163  0.50586038  0.67025234
  0.62062563  0.39150834  0.01742854 -0.46708566 -1.02750617 -1.62930491
 -2.23795377 -2.81892467 -3.33768952 -3.75972022 -4.05048869 -4.17604984
 -4.1321424  -3.95770292 -3.69507362 -3.38659672 -3.07461443 -2.80146897
 -2.60946305 -2.52348959 -2.52378476 -2.5835248  -2.67588591 -2.77404432
 -2.85117624 -2.88268849 -2.86572457 -2.80968702 -2.7241163  -2.61855285
 -2.50253712 -2.38560955 -2.2773106  -2.18718072 -2.12476034 -2.09958992
 -2.12120991 -2.19898028 -2.33343381 -2.51246244 -2.72298393 -2.95191602
 -3.18617648 -3.41278691 -3.62402654 -3.81980818 -4.00064453 -4.16704831
 -4.31953221 -4.45860893 -4.58479119 -4.69859168 -4.8005231  -4.89109817
 -4.97082958 -5.04023003 -5.09981224 -5.15008889 -5.19157271 -5.22477638
 -5.25021262 -5.26839412 -5.27983359 -5.28504373 -5.28453725 -5.27882685
 -5.26842524 -5.25384511 -5.23559916 -5.21420011 -5.19016066 -5.16399351
 -5.13621135 -5.10732691 -5.07785287 -5.04830195 -5.01918684 -4.99102025
 -4.96431488 -4.93958344 -4.91733863 -4.89809315 -4.8823597  -4.870651
 -4.86347973 -4.86135861 -4.86480034 -4.87431763 -4.89042316 -4.91362966
 -4.94444982 -4.98339634 -5.03098193 -5.0877193 ]
d_x_fitting=[  0.          10.0749093   20.1498186   30.2247279   40.2996372
  50.3745465   60.4494558   70.5243651   80.5992744   90.6741837
 100.749093   110.8240023  120.8989116  130.9738209  141.0487302
 151.1236395  161.1985488  171.2734581  181.34836739 191.42327669
 201.49818599 211.57309529 221.64800459 231.72291389 241.79782319
 251.87273249 261.94764179 272.02255109 282.09746039 292.17236969
 302.24727899 312.32218829 322.39709759 332.47200689 342.54691619
 352.62182549 362.69673479 372.77164409 382.84655339 392.92146269
 402.99637199 413.07128129 423.14619059 433.22109989 443.29600919
 453.37091849 463.44582779 473.52073709 483.59564639 493.67055569
 503.74546499 513.82037429 523.89528359 533.97019288 544.04510218
 554.12001148 564.19492078 574.26983008 584.34473938 594.41964868
 604.49455798 614.56946728 624.64437658 634.71928588 644.79419518
 654.86910448 664.94401378 675.01892308 685.09383238 695.16874168
 705.24365098 715.31856028 725.39346958 735.46837888 745.54328818
 755.61819748 765.69310678 775.76801608 785.84292538 795.91783468
 805.99274398 816.06765328 826.14256258 836.21747188 846.29238118
 856.36729048 866.44219978 876.51710908 886.59201837 896.66692767
 906.74183697 916.81674627 926.89165557 936.96656487 947.04147417
 957.11638347 967.19129277 977.26620207 987.34111137 997.41602067]
d_y_fitting=[ 0.29239766  1.38628276  2.23819017  2.86947112  3.30147686  3.55555864
  3.6530677   3.61535528  3.46377264  3.219671    2.90440162  2.53931574
  2.14576461  1.74509946  1.35867155  1.00783211  0.7139324   0.49829605
  0.37149706  0.31710198  0.31450332  0.34309356  0.38226521  0.41141075
  0.40992268  0.36299237  0.28068774  0.1797462   0.0769052  -0.0110978
 -0.06752531 -0.07563989 -0.01952047  0.10100561  0.27188147  0.47853856
  0.70640834  0.94092227  1.16751181  1.37160843  1.53864358  1.65404872
  1.70325531  1.67210103  1.5601207   1.38351724  1.15950114  0.90528292
  0.6380731   0.37508217  0.13260172 -0.08359358 -0.27443634 -0.44096748
 -0.58422795 -0.70525867 -0.80510058 -0.88479463 -0.94538173 -0.98790283
 -1.01339887 -1.02291077 -1.01747948 -0.99814592 -0.96595104 -0.92193577
 -0.86714105 -0.8026078  -0.72937697 -0.64848948 -0.56098629 -0.46790831
 -0.37029649 -0.26919176 -0.16563505 -0.06066731  0.04467054  0.14933755
  0.2522928   0.35249535  0.44890426  0.54047859  0.62617742  0.70495981
  0.77578481  0.83761151  0.88939895  0.93010621  0.95869236  0.97411644
  0.97533754  0.96131472  0.93100703  0.88337355  0.81737334  0.73196546
  0.62610899  0.49876297  0.34888649  0.1754386 ]