
p_x=[1.7226528854435832, 274.76313522825154, 753.6606373815677, 1000.0]
p_y=[1.2941176470588225, 2.235294117647059, 2.235294117647059, 1.882352941176471]
a_x=[3.4453057708871664, 270.4565030146425, 755.3832902670113, 993.9707149009474]
a_y=[-4.7368421052631575, -4.7368421052631575, -3.6842105263157894, -4.152046783625732]
d_x=[0.0, 282.51507321274767, 765.7192075796727, 998.2773471145564]
d_y=[-0.5263157894736832, 0.29239766081871466, -0.2923976608187129, -0.1754385964912295]
p_x_fitting=[   1.72265289   11.80626245   21.88987202   31.97348159   42.05709115
   52.14070072   62.22431029   72.30791985   82.39152942   92.47513899
  102.55874855  112.64235812  122.72596769  132.80957725  142.89318682
  152.97679639  163.06040595  173.14401552  183.22762509  193.31123465
  203.39484422  213.47845379  223.56206336  233.64567292  243.72928249
  253.81289206  263.89650162  273.98011119  284.06372076  294.14733032
  304.23093989  314.31454946  324.39815902  334.48176859  344.56537816
  354.64898772  364.73259729  374.81620686  384.89981642  394.98342599
  405.06703556  415.15064512  425.23425469  435.31786426  445.40147383
  455.48508339  465.56869296  475.65230253  485.73591209  495.81952166
  505.90313123  515.98674079  526.07035036  536.15395993  546.23756949
  556.32117906  566.40478863  576.48839819  586.57200776  596.65561733
  606.73922689  616.82283646  626.90644603  636.99005559  647.07366516
  657.15727473  667.2408843   677.32449386  687.40810343  697.491713
  707.57532256  717.65893213  727.7425417   737.82615126  747.90976083
  757.9933704   768.07697996  778.16058953  788.2441991   798.32780866
  808.41141823  818.4950278   828.57863736  838.66224693  848.7458565
  858.82946606  868.91307563  878.9966852   889.08029477  899.16390433
  909.2475139   919.33112347  929.41473303  939.4983426   949.58195217
  959.66556173  969.7491713   979.83278087  989.91639043 1000.        ]
p_y_fitting=[1.29411765 1.34617149 1.39676449 1.44591274 1.49363231 1.53993927
 1.58484971 1.62837968 1.67054527 1.71136256 1.75084762 1.78901653
 1.82588536 1.86147018 1.89578707 1.92885211 1.96068138 1.99129094
 2.02069687 2.04891526 2.07596216 2.10185367 2.12660585 2.15023478
 2.17275654 2.19418719 2.21454283 2.23383951 2.25209332 2.26932034
 2.28553663 2.30075827 2.31500134 2.32828192 2.34061607 2.35201988
 2.36250942 2.37210076 2.38080998 2.38865316 2.39564637 2.40180569
 2.40714719 2.41168694 2.41544103 2.41842553 2.4206565  2.42215004
 2.42292221 2.42298909 2.42236676 2.42107128 2.41911875 2.41652522
 2.41330677 2.40947949 2.40505945 2.40006272 2.39450537 2.38840349
 2.38177315 2.37463042 2.36699138 2.3588721  2.35028867 2.34125714
 2.33179361 2.32191415 2.31163482 2.30097172 2.2899409  2.27855845
 2.26684045 2.25480296 2.24246206 2.22983384 2.21693435 2.20377969
 2.19038592 2.17676913 2.16294537 2.14893074 2.13474131 2.12039314
 2.10590233 2.09128493 2.07655703 2.06173471 2.04683403 2.03187108
 2.01686193 2.00182265 1.98676932 1.97171802 1.95668481 1.94168579
 1.92673701 1.91185456 1.89705451 1.88235294]
a_x_fitting=[  3.44530577  13.45061293  23.4559201   33.46122726  43.46653442
  53.47184159  63.47714875  73.48245591  83.48776307  93.49307024
 103.4983774  113.50368456 123.50899173 133.51429889 143.51960605
 153.52491321 163.53022038 173.53552754 183.5408347  193.54614187
 203.55144903 213.55675619 223.56206336 233.56737052 243.57267768
 253.57798484 263.58329201 273.58859917 283.59390633 293.5992135
 303.60452066 313.60982782 323.61513498 333.62044215 343.62574931
 353.63105647 363.63636364 373.6416708  383.64697796 393.65228513
 403.65759229 413.66289945 423.66820661 433.67351378 443.67882094
 453.6841281  463.68943527 473.69474243 483.70004959 493.70535675
 503.71066392 513.71597108 523.72127824 533.72658541 543.73189257
 553.73719973 563.74250689 573.74781406 583.75312122 593.75842838
 603.76373555 613.76904271 623.77434987 633.77965704 643.7849642
 653.79027136 663.79557852 673.80088569 683.80619285 693.81150001
 703.81680718 713.82211434 723.8274215  733.83272866 743.83803583
 753.84334299 763.84865015 773.85395732 783.85926448 793.86457164
 803.86987881 813.87518597 823.88049313 833.88580029 843.89110746
 853.89641462 863.90172178 873.90702895 883.91233611 893.91764327
 903.92295043 913.9282576  923.93356476 933.93887192 943.94417909
 953.94948625 963.95479341 973.96010058 983.96540774 993.9707149 ]
a_y_fitting=[-4.73684211 -4.76082417 -4.78250976 -4.80195102 -4.81920013 -4.83430925
 -4.84733052 -4.85831612 -4.86731819 -4.87438891 -4.87958042 -4.8829449
 -4.88453449 -4.88440137 -4.88259768 -4.87917559 -4.87418726 -4.86768485
 -4.85972051 -4.85034642 -4.83961471 -4.82757757 -4.81428714 -4.79979559
 -4.78415507 -4.76741775 -4.74963578 -4.73086132 -4.71114654 -4.6905436
 -4.66910464 -4.64688185 -4.62392736 -4.60029334 -4.57603196 -4.55119537
 -4.52583573 -4.5000052  -4.47375595 -4.44714012 -4.42020988 -4.3930174
 -4.36561482 -4.33805431 -4.31038803 -4.28266814 -4.25494679 -4.22727616
 -4.19970839 -4.17229565 -4.1450901  -4.11814389 -4.09150919 -4.06523815
 -4.03938294 -4.01399571 -3.98912863 -3.96483386 -3.94116354 -3.91816986
 -3.89590495 -3.87442099 -3.85377013 -3.83400453 -3.81517636 -3.79733777
 -3.78054091 -3.76483796 -3.75028107 -3.7369224  -3.72481412 -3.71400837
 -3.70455732 -3.69651313 -3.68992795 -3.68485396 -3.6813433  -3.67944815
 -3.67922065 -3.68071296 -3.68397726 -3.68906569 -3.69603041 -3.7049236
 -3.71579739 -3.72870397 -3.74369547 -3.76082408 -3.78014193 -3.8017012
 -3.82555404 -3.85175262 -3.88034909 -3.91139561 -3.94494434 -3.98104745
 -4.01975709 -4.06112542 -4.10520459 -4.15204678]
d_x_fitting=[  0.          10.08360957  20.16721913  30.2508287   40.33443827
  50.41804783  60.5016574   70.58526697  80.66887653  90.7524861
 100.83609567 110.91970523 121.0033148  131.08692437 141.17053394
 151.2541435  161.33775307 171.42136264 181.5049722  191.58858177
 201.67219134 211.7558009  221.83941047 231.92302004 242.0066296
 252.09023917 262.17384874 272.2574583  282.34106787 292.42467744
 302.508287   312.59189657 322.67550614 332.7591157  342.84272527
 352.92633484 363.00994441 373.09355397 383.17716354 393.26077311
 403.34438267 413.42799224 423.51160181 433.59521137 443.67882094
 453.76243051 463.84604007 473.92964964 484.01325921 494.09686877
 504.18047834 514.26408791 524.34769747 534.43130704 544.51491661
 554.59852617 564.68213574 574.76574531 584.84935488 594.93296444
 605.01657401 615.10018358 625.18379314 635.26740271 645.35101228
 655.43462184 665.51823141 675.60184098 685.68545054 695.76906011
 705.85266968 715.93627924 726.01988881 736.10349838 746.18710794
 756.27071751 766.35432708 776.43793664 786.52154621 796.60515578
 806.68876535 816.77237491 826.85598448 836.93959405 847.02320361
 857.10681318 867.19042275 877.27403231 887.35764188 897.44125145
 907.52486101 917.60847058 927.69208015 937.77568971 947.85929928
 957.94290885 968.02651841 978.11012798 988.19373755 998.27734711]
d_y_fitting=[-0.52631579 -0.46622234 -0.40882886 -0.35408754 -0.30195057 -0.25237014
 -0.20529844 -0.16068766 -0.11848998 -0.07865759 -0.04114268 -0.00589744
  0.02712594  0.05797527  0.08669837  0.11334304  0.1379571   0.16058836
  0.18128464  0.20009374  0.21706347  0.23224164  0.24567608  0.25741459
  0.26750497  0.27599505  0.28293263  0.28836553  0.29234155  0.29490852
  0.29611423  0.29600651  0.29463316  0.29204199  0.28828082  0.28339746
  0.27743972  0.27045542  0.26249235  0.25359834  0.24382119  0.23320873
  0.22180875  0.20966907  0.19683751  0.18336186  0.16928996  0.1546696
  0.1395486   0.12397477  0.10799593  0.09165987  0.07501442  0.05810739
  0.04098659  0.02369983  0.00629491 -0.01118034 -0.02867811 -0.0461506
 -0.06354999 -0.08082847 -0.09793823 -0.11483146 -0.13146034 -0.14777707
 -0.16373383 -0.17928282 -0.19437621 -0.2089662  -0.22300498 -0.23644473
 -0.24923764 -0.26133591 -0.27269172 -0.28325725 -0.29298471 -0.30182626
 -0.30973412 -0.31666045 -0.32255746 -0.32737732 -0.33107223 -0.33359438
 -0.33489595 -0.33492914 -0.33364612 -0.3309991  -0.32694026 -0.32142178
 -0.31439585 -0.30581467 -0.29563042 -0.28379529 -0.27026147 -0.25498115
 -0.23790651 -0.21898975 -0.19818305 -0.1754386 ]