
p_x=[5.167958656330749, 136.08957795004306, 290.26701119724373, 459.9483204134367, 635.6589147286821, 709.7329888027563, 876.8303186907838, 998.2773471145564]
p_y=[-1.4117647058823515, -1.647058823529413, 1.0588235294117645, -1.2941176470588225, -1.1764705882352935, 1.1764705882352935, 1.2941176470588225, 1.5294117647058822]
a_x=[0.0, 144.70284237726096, 279.93109388458225, 448.7510766580534, 639.9655469422911, 708.0103359173127, 863.910422049957, 993.9707149009474]
a_y=[-2.0467836257309955, -2.6315789473684212, -1.2280701754385959, -2.7485380116959064, -3.099415204678362, -1.8128654970760234, -1.6959064327485365, -1.4619883040935662]
d_x=[0.0, 132.6442721791559, 285.9603789836348, 446.167097329888, 637.3815676141257, 701.1197243755383, 884.58225667528, 997.4160206718346]
d_y=[-4.385964912280702, -2.280701754385966, 1.3450292397660828, -1.578947368421053, -1.8128654970760234, 1.461988304093568, 2.397660818713451, 2.397660818713451]
p_x_fitting=[  5.16795866  15.19936662  25.23077458  35.26218255  45.29359051
  55.32499848  65.35640644  75.38781441  85.41922237  95.45063033
 105.4820383  115.51344626 125.54485423 135.57626219 145.60767016
 155.63907812 165.67048608 175.70189405 185.73330201 195.76470998
 205.79611794 215.82752591 225.85893387 235.89034183 245.9217498
 255.95315776 265.98456573 276.01597369 286.04738165 296.07878962
 306.11019758 316.14160555 326.17301351 336.20442148 346.23582944
 356.2672374  366.29864537 376.33005333 386.3614613  396.39286926
 406.42427723 416.45568519 426.48709315 436.51850112 446.54990908
 456.58131705 466.61272501 476.64413297 486.67554094 496.7069489
 506.73835687 516.76976483 526.8011728  536.83258076 546.86398872
 556.89539669 566.92680465 576.95821262 586.98962058 597.02102855
 607.05243651 617.08384447 627.11525244 637.1466604  647.17806837
 657.20947633 667.2408843  677.27229226 687.30370022 697.33510819
 707.36651615 717.39792412 727.42933208 737.46074004 747.49214801
 757.52355597 767.55496394 777.5863719  787.61777987 797.64918783
 807.68059579 817.71200376 827.74341172 837.77481969 847.80622765
 857.83763562 867.86904358 877.90045154 887.93185951 897.96326747
 907.99467544 918.0260834  928.05749136 938.08889933 948.12030729
 958.15171526 968.18312322 978.21453119 988.24593915 998.27734711]
p_y_fitting=[-1.41176471 -1.69987243 -1.93059823 -2.10735166 -2.23354229 -2.31257966
 -2.34787333 -2.34283287 -2.30086782 -2.22538775 -2.11980221 -1.98752076
 -1.83195296 -1.65650836 -1.46459652 -1.259627   -1.04500935 -0.82415313
 -0.60046791 -0.37736322 -0.15824864  0.05346628  0.25437198  0.44105891
  0.61011751  0.75813822  0.88171148  0.97742775  1.04187745  1.07185229
  1.06741586  1.03129085  0.96627695  0.87517388  0.76078133  0.62589901
  0.47332661  0.30586385  0.12631043 -0.06253396 -0.25786961 -0.45689682
 -0.65681588 -0.85482709 -1.04813075 -1.23392715 -1.40947151 -1.57266273
 -1.72181757 -1.8552599  -1.97131357 -2.06830242 -2.14455032 -2.1983811
 -2.22811864 -2.23208677 -2.20860934 -2.15601023 -2.07261326 -1.95674231
 -1.80672121 -1.62087382 -1.397524   -1.13500297 -0.83503215 -0.50809085
 -0.16605362  0.17920499  0.51581041  0.83188811  1.11556351  1.35608036
  1.55197129  1.70636963  1.82244161  1.90335347  1.95227143  1.97236174
  1.96679063  1.93872434  1.8913291   1.82777114  1.7512167   1.66483202
  1.57178333  1.47523687  1.37835886  1.28431556  1.19627318  1.11739797
  1.05085617  0.999814    0.9674377   0.95689351  0.97134766  1.01396638
  1.08791592  1.19636251  1.34247238  1.52941176]
a_x_fitting=[  0.          10.04010823  20.08021646  30.12032469  40.16043293
  50.20054116  60.24064939  70.28075762  80.32086585  90.36097408
 100.40108231 110.44119054 120.48129878 130.52140701 140.56151524
 150.60162347 160.6417317  170.68183993 180.72194816 190.7620564
 200.80216463 210.84227286 220.88238109 230.92248932 240.96259755
 251.00270578 261.04281401 271.08292225 281.12303048 291.16313871
 301.20324694 311.24335517 321.2834634  331.32357163 341.36367986
 351.4037881  361.44389633 371.48400456 381.52411279 391.56422102
 401.60432925 411.64443748 421.68454572 431.72465395 441.76476218
 451.80487041 461.84497864 471.88508687 481.9251951  491.96530333
 502.00541157 512.0455198  522.08562803 532.12573626 542.16584449
 552.20595272 562.24606095 572.28616919 582.32627742 592.36638565
 602.40649388 612.44660211 622.48671034 632.52681857 642.5669268
 652.60703504 662.64714327 672.6872515  682.72735973 692.76746796
 702.80757619 712.84768442 722.88779266 732.92790089 742.96800912
 753.00811735 763.04822558 773.08833381 783.12844204 793.16855027
 803.20865851 813.24876674 823.28887497 833.3289832  843.36909143
 853.40919966 863.44930789 873.48941613 883.52952436 893.56963259
 903.60974082 913.64984905 923.68995728 933.73006551 943.77017374
 953.81028198 963.85039021 973.89049844 983.93060667 993.9707149 ]
a_y_fitting=[-2.04678363 -2.30088102 -2.51323281 -2.68623328 -2.82227672 -2.9237574
 -2.99306961 -3.03260764 -3.04476578 -3.03193829 -2.99651947 -2.9409036
 -2.86748497 -2.77865786 -2.67681655 -2.56435532 -2.44366847 -2.31715027
 -2.18719501 -2.05619697 -1.92655043 -1.80064969 -1.68088902 -1.56966271
 -1.46936504 -1.38239029 -1.31113275 -1.25798671 -1.22534533 -1.21467403
 -1.22482799 -1.25420663 -1.3012094  -1.36423575 -1.44168511 -1.53195693
 -1.63345065 -1.74456572 -1.86370158 -1.98925767 -2.11963343 -2.2532283
 -2.38844173 -2.52367317 -2.65732205 -2.78778986 -2.91363121 -3.03365736
 -3.14670406 -3.25160706 -3.34720214 -3.43232503 -3.50581151 -3.56649732
 -3.61321823 -3.64480998 -3.66010835 -3.65794907 -3.63716792 -3.59660065
 -3.53508301 -3.45145076 -3.34453966 -3.21318547 -3.05625122 -2.87562123
 -2.67890308 -2.47434215 -2.27018384 -2.07467352 -1.89605659 -1.74238642
 -1.61689865 -1.51777688 -1.44296584 -1.39041024 -1.35805482 -1.34384428
 -1.34572336 -1.36163678 -1.38952926 -1.42734551 -1.47303028 -1.52452826
 -1.5797842  -1.63674281 -1.69334881 -1.74754693 -1.79728188 -1.8404984
 -1.8751412  -1.899155   -1.91048453 -1.90707452 -1.88686967 -1.84781472
 -1.78785438 -1.70493339 -1.59699645 -1.4619883 ]
d_x_fitting=[  0.          10.0749093   20.1498186   30.2247279   40.2996372
  50.3745465   60.4494558   70.5243651   80.5992744   90.6741837
 100.749093   110.8240023  120.8989116  130.9738209  141.0487302
 151.1236395  161.1985488  171.2734581  181.34836739 191.42327669
 201.49818599 211.57309529 221.64800459 231.72291389 241.79782319
 251.87273249 261.94764179 272.02255109 282.09746039 292.17236969
 302.24727899 312.32218829 322.39709759 332.47200689 342.54691619
 352.62182549 362.69673479 372.77164409 382.84655339 392.92146269
 402.99637199 413.07128129 423.14619059 433.22109989 443.29600919
 453.37091849 463.44582779 473.52073709 483.59564639 493.67055569
 503.74546499 513.82037429 523.89528359 533.97019288 544.04510218
 554.12001148 564.19492078 574.26983008 584.34473938 594.41964868
 604.49455798 614.56946728 624.64437658 634.71928588 644.79419518
 654.86910448 664.94401378 675.01892308 685.09383238 695.16874168
 705.24365098 715.31856028 725.39346958 735.46837888 745.54328818
 755.61819748 765.69310678 775.76801608 785.84292538 795.91783468
 805.99274398 816.06765328 826.14256258 836.21747188 846.29238118
 856.36729048 866.44219978 876.51710908 886.59201837 896.66692767
 906.74183697 916.81674627 926.89165557 936.96656487 947.04147417
 957.11638347 967.19129277 977.26620207 987.34111137 997.41602067]
d_y_fitting=[-4.38596491 -4.44943054 -4.46345336 -4.43145147 -4.35684296 -4.24304592
 -4.09347846 -3.91155866 -3.70070462 -3.46433443 -3.2058662  -2.92871801
 -2.63630797 -2.33205416 -2.01937467 -1.70168762 -1.38241108 -1.06496317
 -0.75276196 -0.44922555 -0.15777205  0.11818046  0.37521388  0.60991011
  0.81885106  0.99861864  1.14579474  1.25696129  1.32870017  1.35785012
  1.34485123  1.29279744  1.20484442  1.08414785  0.93386342  0.7571468
  0.55715368  0.33703973  0.09996063 -0.15092792 -0.41247026 -0.6815107
 -0.95489355 -1.22946315 -1.50206381 -1.76952967 -2.02859508 -2.27593788
 -2.50823528 -2.72216446 -2.91440263 -3.08162698 -3.2205147  -3.32774299
 -3.39998905 -3.43393007 -3.42624324 -3.37360577 -3.27269485 -3.12018768
 -2.91276145 -2.64709335 -2.31986059 -1.92774035 -1.46907041 -0.95734982
 -0.41419475  0.13870167  0.67964634  1.18694614  1.63920248  2.02585965
  2.35010603  2.61601501  2.82765999  2.98911436  3.10445152  3.17774486
  3.21306777  3.21449365  3.1860959   3.13194789  3.05612304  2.96269473
  2.85573635  2.7393213   2.61752298  2.49441478  2.37407008  2.2605623
  2.15796481  2.07035101  2.0017943   1.95636807  1.93814571  1.95120062
  1.9996062   2.08743582  2.2187629   2.39766082]