
p_x=[1.7226528854435832, 82.68733850129199, 186.04651162790697, 618.4323858742463, 995.693367786391]
p_y=[1.764705882352942, 3.0588235294117645, 1.2941176470588225, 2.235294117647059, 2.4705882352941178]
a_x=[4.3066322136089585, 89.57795004306632, 605.5124892334195, 993.9707149009474]
a_y=[-5.087719298245615, -4.502923976608187, -5.321637426900585, -5.087719298245615]
d_x=[0.8613264427217916, 93.02325581395348, 186.04651162790697, 630.4909560723514, 999.1386735572783]
d_y=[1.3450292397660828, 2.7485380116959064, 2.0467836257309946, 1.461988304093568, 1.6959064327485383]
p_x_fitting=[  1.72265289  11.76276112  21.80286935  31.84297758  41.88308581
  51.92319404  61.96330227  72.0034105   82.04351874  92.08362697
 102.1237352  112.16384343 122.20395166 132.24405989 142.28416812
 152.32427636 162.36438459 172.40449282 182.44460105 192.48470928
 202.52481751 212.56492574 222.60503397 232.64514221 242.68525044
 252.72535867 262.7654669  272.80557513 282.84568336 292.88579159
 302.92589983 312.96600806 323.00611629 333.04622452 343.08633275
 353.12644098 363.16654921 373.20665744 383.24676568 393.28687391
 403.32698214 413.36709037 423.4071986  433.44730683 443.48741506
 453.52752329 463.56763153 473.60773976 483.64784799 493.68795622
 503.72806445 513.76817268 523.80828091 533.84838915 543.88849738
 553.92860561 563.96871384 574.00882207 584.0489303  594.08903853
 604.12914676 614.169255   624.20936323 634.24947146 644.28957969
 654.32968792 664.36979615 674.40990438 684.45001262 694.49012085
 704.53022908 714.57033731 724.61044554 734.65055377 744.690662
 754.73077023 764.77087847 774.8109867  784.85109493 794.89120316
 804.93131139 814.97141962 825.01152785 835.05163609 845.09174432
 855.13185255 865.17196078 875.21206901 885.25217724 895.29228547
 905.3323937  915.37250194 925.41261017 935.4527184  945.49282663
 955.53293486 965.57304309 975.61315132 985.65325956 995.69336779]
p_y_fitting=[ 1.76470588e+00  2.16273077e+00  2.48263773e+00  2.72980113e+00
  2.90959532e+00  3.02739465e+00  3.08857347e+00  3.09850615e+00
  3.06256703e+00  2.98613047e+00  2.87457082e+00  2.73326245e+00
  2.56757969e+00  2.38289692e+00  2.18458848e+00  1.97802872e+00
  1.76859200e+00  1.56165268e+00  1.36258511e+00  1.17651088e+00
  1.00532456e+00  8.48693066e-01  7.06239022e-01  5.77585067e-01
  4.62353837e-01  3.60167968e-01  2.70650096e-01  1.93422856e-01
  1.28108884e-01  7.43308169e-02  3.17112895e-02 -1.27062126e-04
 -2.15616022e-02 -3.29696948e-02 -3.47287042e-02 -2.72159945e-02
 -1.08089300e-02  1.41151252e-02  4.71788070e-02  8.80047511e-02
  1.36215593e-01  1.91433970e-01  2.53282516e-01  3.21383867e-01
  3.95360660e-01  4.74835531e-01  5.59431114e-01  6.48770047e-01
  7.42474964e-01  8.40168502e-01  9.41473296e-01  1.04601198e+00
  1.15340720e+00  1.26328157e+00  1.37525775e+00  1.48895837e+00
  1.60400605e+00  1.72002344e+00  1.83663318e+00  1.95345789e+00
  2.07012022e+00  2.18624280e+00  2.30144826e+00  2.41535925e+00
  2.52759839e+00  2.63778833e+00  2.74555170e+00  2.85051113e+00
  2.95228926e+00  3.05050874e+00  3.14479218e+00  3.23476223e+00
  3.32004153e+00  3.40025271e+00  3.47501840e+00  3.54396125e+00
  3.60670388e+00  3.66286893e+00  3.71207905e+00  3.75395686e+00
  3.78812500e+00  3.81420611e+00  3.83182282e+00  3.84059777e+00
  3.84015360e+00  3.83011293e+00  3.81009841e+00  3.77973267e+00
  3.73863835e+00  3.68643809e+00  3.62275451e+00  3.54721026e+00
  3.45942797e+00  3.35903027e+00  3.24563981e+00  3.11887921e+00
  2.97837112e+00  2.82373817e+00  2.65460300e+00  2.47058824e+00]
a_x_fitting=[  4.30663221  14.30323911  24.29984601  34.2964529   44.2930598
  54.28966669  64.28627359  74.28288048  84.27948738  94.27609428
 104.27270117 114.26930807 124.26591496 134.26252186 144.25912876
 154.25573565 164.25234255 174.24894944 184.24555634 194.24216323
 204.23877013 214.23537703 224.23198392 234.22859082 244.22519771
 254.22180461 264.21841151 274.2150184  284.2116253  294.20823219
 304.20483909 314.20144598 324.19805288 334.19465978 344.19126667
 354.18787357 364.18448046 374.18108736 384.17769426 394.17430115
 404.17090805 414.16751494 424.16412184 434.16072873 444.15733563
 454.15394253 464.15054942 474.14715632 484.14376321 494.14037011
 504.13697701 514.1335839  524.1301908  534.12679769 544.12340459
 554.12001148 564.11661838 574.11322528 584.10983217 594.10643907
 604.10304596 614.09965286 624.09625976 634.09286665 644.08947355
 654.08608044 664.08268734 674.07929423 684.07590113 694.07250803
 704.06911492 714.06572182 724.06232871 734.05893561 744.05554251
 754.0521494  764.0487563  774.04536319 784.04197009 794.03857698
 804.03518388 814.03179078 824.02839767 834.02500457 844.02161146
 854.01821836 864.01482526 874.01143215 884.00803905 894.00464594
 904.00125284 913.99785973 923.99446663 933.99107353 943.98768042
 953.98428732 963.98089421 973.97750111 983.97410801 993.9707149 ]
a_y_fitting=[-5.0877193  -5.00118969 -4.91965067 -4.84300253 -4.77114551 -4.7039799
 -4.64140596 -4.58332395 -4.52963414 -4.48023681 -4.43503221 -4.39392062
 -4.3568023  -4.32357751 -4.29414654 -4.26840964 -4.24626708 -4.22761914
 -4.21236606 -4.20040814 -4.19164562 -4.18597878 -4.18330789 -4.18353321
 -4.18655502 -4.19227357 -4.20058914 -4.21140199 -4.22461239 -4.2401206
 -4.25782691 -4.27763156 -4.29943484 -4.323137   -4.34863832 -4.37583906
 -4.40463949 -4.43493988 -4.46664049 -4.49964159 -4.53384345 -4.56914633
 -4.60545051 -4.64265626 -4.68066383 -4.71937349 -4.75868552 -4.79850018
 -4.83871774 -4.87923846 -4.91996261 -4.96079047 -5.00162229 -5.04235835
 -5.08289891 -5.12314424 -5.1629946  -5.20235027 -5.24111151 -5.27917859
 -5.31645178 -5.35283134 -5.38821754 -5.42251066 -5.45561094 -5.48741867
 -5.51783411 -5.54675753 -5.57408919 -5.59972937 -5.62357833 -5.64553633
 -5.66550365 -5.68338055 -5.6990673  -5.71246417 -5.72347143 -5.73198933
 -5.73791815 -5.74115816 -5.74160963 -5.73917281 -5.73374799 -5.72523542
 -5.71353537 -5.69854812 -5.68017392 -5.65831305 -5.63286577 -5.60373235
 -5.57081306 -5.53400816 -5.49321793 -5.44834262 -5.39928252 -5.34593787
 -5.28820896 -5.22599605 -5.15919941 -5.0877193 ]
d_x_fitting=[8.61326443e-01 1.09449360e+01 2.10285456e+01 3.11121551e+01
 4.11957647e+01 5.12793743e+01 6.13629838e+01 7.14465934e+01
 8.15302030e+01 9.16138125e+01 1.01697422e+02 1.11781032e+02
 1.21864641e+02 1.31948251e+02 1.42031860e+02 1.52115470e+02
 1.62199080e+02 1.72282689e+02 1.82366299e+02 1.92449908e+02
 2.02533518e+02 2.12617127e+02 2.22700737e+02 2.32784346e+02
 2.42867956e+02 2.52951566e+02 2.63035175e+02 2.73118785e+02
 2.83202394e+02 2.93286004e+02 3.03369613e+02 3.13453223e+02
 3.23536833e+02 3.33620442e+02 3.43704052e+02 3.53787661e+02
 3.63871271e+02 3.73954880e+02 3.84038490e+02 3.94122100e+02
 4.04205709e+02 4.14289319e+02 4.24372928e+02 4.34456538e+02
 4.44540147e+02 4.54623757e+02 4.64707367e+02 4.74790976e+02
 4.84874586e+02 4.94958195e+02 5.05041805e+02 5.15125414e+02
 5.25209024e+02 5.35292633e+02 5.45376243e+02 5.55459853e+02
 5.65543462e+02 5.75627072e+02 5.85710681e+02 5.95794291e+02
 6.05877900e+02 6.15961510e+02 6.26045120e+02 6.36128729e+02
 6.46212339e+02 6.56295948e+02 6.66379558e+02 6.76463167e+02
 6.86546777e+02 6.96630387e+02 7.06713996e+02 7.16797606e+02
 7.26881215e+02 7.36964825e+02 7.47048434e+02 7.57132044e+02
 7.67215654e+02 7.77299263e+02 7.87382873e+02 7.97466482e+02
 8.07550092e+02 8.17633701e+02 8.27717311e+02 8.37800920e+02
 8.47884530e+02 8.57968140e+02 8.68051749e+02 8.78135359e+02
 8.88218968e+02 8.98302578e+02 9.08386187e+02 9.18469797e+02
 9.28553407e+02 9.38637016e+02 9.48720626e+02 9.58804235e+02
 9.68887845e+02 9.78971454e+02 9.89055064e+02 9.99138674e+02]
d_y_fitting=[1.34502924 1.67885522 1.96045945 2.19317367 2.38032959 2.52525894
 2.63129345 2.70176485 2.74000486 2.74934521 2.73311762 2.69465383
 2.63728555 2.56434451 2.47916245 2.38507109 2.28540214 2.18348735
 2.08265844 1.98609964 1.89506782 1.80946719 1.72917397 1.65406436
 1.58401459 1.51890087 1.45859941 1.40298642 1.35193813 1.30533074
 1.26304048 1.22494355 1.19091617 1.16083456 1.13457493 1.11201349
 1.09302646 1.07749006 1.06528049 1.05627397 1.05034673 1.04737496
 1.04723489 1.04980273 1.0549547  1.06256701 1.07251588 1.08467751
 1.09892813 1.11514395 1.13320118 1.15297603 1.17434474 1.19718349
 1.22136853 1.24677604 1.27328226 1.3007634  1.32909566 1.35815527
 1.38781844 1.41796139 1.44846032 1.47919146 1.51003101 1.5408552
 1.57154023 1.60196233 1.63199771 1.66152257 1.69041314 1.71854563
 1.74579626 1.77204124 1.79715678 1.82101909 1.84350441 1.86448893
 1.88384887 1.90146045 1.91719989 1.93094339 1.94256717 1.95194744
 1.95896043 1.96348234 1.9653894  1.9645578  1.96086378 1.95418354
 1.94439329 1.93136926 1.91498766 1.8951247  1.87165659 1.84445956
 1.81340981 1.77838357 1.73925703 1.69590643]