
p_x=[2.5839793281653747, 131.78294573643413, 254.9526270456503, 531.4384151593454, 593.4539190353145, 684.7545219638242, 875.1076658053403, 995.693367786391]
p_y=[1.5294117647058822, 1.6470588235294112, 2.9411764705882346, 2.235294117647059, 0.8235294117647065, 3.4117647058823533, 3.647058823529412, 2.7058823529411766]
a_x=[1.7226528854435832, 134.36692506459949, 253.2299741602067, 529.7157622739019, 608.9577950043066, 680.4478897502153, 997.4160206718346]
a_y=[-4.269005847953215, -3.9181286549707615, -3.2163742690058488, -3.450292397660819, -3.6842105263157894, -3.6842105263157894, -3.2163742690058488]
d_x=[0.0, 136.08957795004306, 246.3393626184324, 388.458225667528, 530.5770887166236, 602.928509905254, 682.1705426356589, 868.2170542635658, 996.5546942291128]
d_y=[-0.1754385964912295, 0.7602339181286553, 3.450292397660819, 4.502923976608187, 4.502923976608187, 1.9298245614035086, 4.853801169590644, 4.619883040935672, 4.853801169590644]
p_x_fitting=[  2.58397933  12.61538729  22.64679526  32.67820322  42.70961119
  52.74101915  62.77242711  72.80383508  82.83524304  92.86665101
 102.89805897 112.92946693 122.9608749  132.99228286 143.02369083
 153.05509879 163.08650676 173.11791472 183.14932268 193.18073065
 203.21213861 213.24354658 223.27495454 233.30636251 243.33777047
 253.36917843 263.4005864  273.43199436 283.46340233 293.49481029
 303.52621825 313.55762622 323.58903418 333.62044215 343.65185011
 353.68325808 363.71466604 373.746074   383.77748197 393.80888993
 403.8402979  413.87170586 423.90311383 433.93452179 443.96592975
 453.99733772 464.02874568 474.06015365 484.09156161 494.12296958
 504.15437754 514.1857855  524.21719347 534.24860143 544.2800094
 554.31141736 564.34282532 574.37423329 584.40564125 594.43704922
 604.46845718 614.49986515 624.53127311 634.56268107 644.59408904
 654.625497   664.65690497 674.68831293 684.7197209  694.75112886
 704.78253682 714.81394479 724.84535275 734.87676072 744.90816868
 754.93957665 764.97098461 775.00239257 785.03380054 795.0652085
 805.09661647 815.12802443 825.15943239 835.19084036 845.22224832
 855.25365629 865.28506425 875.31647222 885.34788018 895.37928814
 905.41069611 915.44210407 925.47351204 935.50492    945.53632797
 955.56773593 965.59914389 975.63055186 985.66195982 995.69336779]
p_y_fitting=[1.52941176 1.45949415 1.40543291 1.3665256  1.34206982 1.33136314
 1.33370316 1.34838744 1.37471358 1.41197915 1.45948174 1.51651893
 1.5823883  1.65638743 1.73781391 1.82596531 1.92013922 2.01963322
 2.12374489 2.23177182 2.34301159 2.45676177 2.57231995 2.68898371
 2.80605064 2.92281832 3.03855479 3.15233713 3.26316644 3.37004364
 3.47196964 3.56794533 3.65697163 3.73804945 3.8101797  3.87236328
 3.92360111 3.96289408 3.98924312 4.00164913 3.99911302 3.9806357
 3.94521807 3.89186104 3.81956553 3.72733244 3.61416268 3.47905716
 3.32101678 3.13904247 2.93213511 2.69929564 2.43952494 2.15191625
 1.84400305 1.53841578 1.25935142 1.03100691 0.87757921 0.82325855
 0.88281129 1.04283804 1.28470017 1.58975909 1.93937617 2.31491281
 2.6977304  3.06919032 3.41065397 3.70698123 3.95717229 4.16379945
 4.32943499 4.45665119 4.54802033 4.6061147  4.63350658 4.63276825
 4.606472   4.5571901  4.48749484 4.39995851 4.29715338 4.18165174
 4.05602586 3.92284804 3.78469056 3.64412569 3.50372572 3.36606294
 3.23370962 3.10923805 2.99522051 2.89422929 2.80883666 2.74161491
 2.69513632 2.67197318 2.67469776 2.70588235]
a_x_fitting=[  1.72265289  11.78016165  21.83767042  31.89517918  41.95268795
  52.01019671  62.06770548  72.12521424  82.18272301  92.24023178
 102.29774054 112.35524931 122.41275807 132.47026684 142.5277756
 152.58528437 162.64279313 172.7003019  182.75781066 192.81531943
 202.8728282  212.93033696 222.98784573 233.04535449 243.10286326
 253.16037202 263.21788079 273.27538955 283.33289832 293.39040709
 303.44791585 313.50542462 323.56293338 333.62044215 343.67795091
 353.73545968 363.79296844 373.85047721 383.90798598 393.96549474
 404.02300351 414.08051227 424.13802104 434.1955298  444.25303857
 454.31054733 464.3680561  474.42556486 484.48307363 494.5405824
 504.59809116 514.65559993 524.71310869 534.77061746 544.82812622
 554.88563499 564.94314375 575.00065252 585.05816129 595.11567005
 605.17317882 615.23068758 625.28819635 635.34570511 645.40321388
 655.46072264 665.51823141 675.57574018 685.63324894 695.69075771
 705.74826647 715.80577524 725.863284   735.92079277 745.97830153
 756.0358103  766.09331906 776.15082783 786.2083366  796.26584536
 806.32335413 816.38086289 826.43837166 836.49588042 846.55338919
 856.61089795 866.66840672 876.72591549 886.78342425 896.84093302
 906.89844178 916.95595055 927.01345931 937.07096808 947.12847684
 957.18598561 967.24349438 977.30100314 987.35851191 997.41602067]
a_y_fitting=[-4.26900585 -4.29038443 -4.30144167 -4.30283394 -4.29521756 -4.2792489
 -4.25558429 -4.22488009 -4.18779264 -4.14497829 -4.09709337 -4.04479425
 -3.98873727 -3.92957877 -3.86797511 -3.80458262 -3.74005765 -3.67505656
 -3.61023568 -3.54625137 -3.48375997 -3.42341783 -3.36588129 -3.31180671
 -3.26185042 -3.21666878 -3.17678033 -3.14214081 -3.11256236 -3.08785706
 -3.06783703 -3.05231438 -3.04110122 -3.03400965 -3.03085179 -3.03143974
 -3.03558561 -3.04310151 -3.05379956 -3.06749185 -3.08399049 -3.10310761
 -3.12465529 -3.14844566 -3.17429083 -3.20200289 -3.23139396 -3.26227615
 -3.29446157 -3.32776232 -3.36199052 -3.39695827 -3.43247768 -3.46834997
 -3.50412907 -3.53912322 -3.57263014 -3.60394755 -3.63237315 -3.65720466
 -3.6777398  -3.69331658 -3.70382317 -3.70954553 -3.71077848 -3.70781684
 -3.70095544 -3.6904891  -3.67671264 -3.65992088 -3.64040865 -3.61847076
 -3.59440205 -3.56849733 -3.54105142 -3.51235915 -3.48271534 -3.45241482
 -3.4217524  -3.3910229  -3.36052116 -3.33054199 -3.30138021 -3.27333065
 -3.24668813 -3.22174747 -3.19880349 -3.17815103 -3.16008489 -3.1448999
 -3.13289088 -3.12435267 -3.11958007 -3.11886791 -3.12251101 -3.1308042
 -3.1440423  -3.16252013 -3.18653251 -3.21637427]
d_x_fitting=[  0.          10.06620903  20.13241807  30.1986271   40.26483613
  50.33104516  60.3972542   70.46346323  80.52967226  90.59588129
 100.66209033 110.72829936 120.79450839 130.86071742 140.92692646
 150.99313549 161.05934452 171.12555355 181.19176259 191.25797162
 201.32418065 211.39038968 221.45659872 231.52280775 241.58901678
 251.65522582 261.72143485 271.78764388 281.85385291 291.92006195
 301.98627098 312.05248001 322.11868904 332.18489808 342.25110711
 352.31731614 362.38352517 372.44973421 382.51594324 392.58215227
 402.6483613  412.71457034 422.78077937 432.8469884  442.91319744
 452.97940647 463.0456155  473.11182453 483.17803357 493.2442426
 503.31045163 513.37666066 523.4428697  533.50907873 543.57528776
 553.64149679 563.70770583 573.77391486 583.84012389 593.90633292
 603.97254196 614.03875099 624.10496002 634.17116905 644.23737809
 654.30358712 664.36979615 674.43600519 684.50221422 694.56842325
 704.63463228 714.70084132 724.76705035 734.83325938 744.89946841
 754.96567745 765.03188648 775.09809551 785.16430454 795.23051358
 805.29672261 815.36293164 825.42914067 835.49534971 845.56155874
 855.62776777 865.69397681 875.76018584 885.82639487 895.8926039
 905.95881294 916.02502197 926.091231   936.15744003 946.22364907
 956.2898581  966.35606713 976.42227616 986.4884852  996.55469423]
d_y_fitting=[-0.1754386  -0.37656919 -0.52039273 -0.61058645 -0.65082755 -0.64479326
 -0.5961608  -0.50860738 -0.38581022 -0.23144655 -0.04919358  0.15727148
  0.38427139  0.62812895  0.88516694  1.15170813  1.42407531  1.69859126
  1.97157876  2.23936059  2.49825953  2.74459837  2.97469988  3.18488685
  3.37148206  3.53098648  3.66350552  3.77249431  3.86153514  3.93421027
  3.99410199  4.04479259  4.08986433  4.13289951  4.1774804   4.22718929
  4.28560845  4.35632016  4.44290671  4.54881959  4.67270544  4.80712602
  4.94425184  5.07625343  5.19530128  5.29356592  5.36321786  5.3964276
  5.38536568  5.32220258  5.19910884  5.00825496  4.74181145  4.39213877
  3.96738674  3.50310801  3.03759153  2.60912627  2.25600117  2.0165052
  1.92891401  2.0155296   2.25170353  2.60420487  3.03980271  3.52526614
  4.02736424  4.51286609  4.94861929  5.31295829  5.60768522  5.83746756
  6.00697278  6.12086835  6.18382174  6.20050042  6.17557187  6.11370355
  6.01956293  5.89781749  5.7531347   5.59018202  5.41362694  5.22813692
  5.03837942  4.84902193  4.66473192  4.49017685  4.33002419  4.18894143
  4.07159602  3.98265544  3.92678716  3.90865865  3.93293738  4.00429083
  4.12738646  4.30689174  4.54747416  4.85380117]