
p_x=[2.5839793281653747, 66.32213608957795, 142.1188630490956, 156.76141257536608, 199.82773471145566, 237.72609819121445, 277.34711455641684, 296.2962962962963, 388.458225667528, 461.6709732988803, 469.4229112833764, 520.2411714039621, 558.1395348837209, 627.0456503014643, 683.8931955211025, 689.922480620155, 704.5650301464254, 788.975021533161, 871.6623600344531, 944.0137812230836, 1000.0]
p_y=[-2.117647058823529, -2.117647058823529, -2.3529411764705888, 0.9411764705882355, 3.0588235294117645, 3.4117647058823533, 1.2941176470588225, -2.2352941176470598, -1.4117647058823515, -1.647058823529413, 2.11764705882353, 2.5882352941176467, 2.8235294117647056, 1.4117647058823533, -0.35294117647058876, -1.1764705882352935, 1.5294117647058822, 2.4705882352941178, 2.235294117647059, 1.6470588235294112, 2.11764705882353]
a_x=[1.7226528854435832, 75.79672695951766, 139.53488372093022, 151.5934539190353, 186.90783807062877, 235.1421188630491, 292.85099052540914, 392.76485788113695, 468.56158484065463, 484.9267872523686, 522.8251507321274, 559.0008613264428, 622.7390180878552, 689.0611541774333, 727.8208440999139, 875.1076658053403, 998.2773471145564]
a_y=[-2.280701754385966, -2.514619883040936, -3.099415204678362, -0.6432748538011701, 0.7602339181286553, 0.7602339181286553, -2.9824561403508767, -2.397660818713449, -3.2163742690058488, 0.6432748538011701, 0.7602339181286553, 1.1111111111111107, 1.8128654970760234, 2.1637426900584797, 1.3450292397660828, 1.2280701754385976, 1.3450292397660828]
d_x=[1.7226528854435832, 68.04478897502153, 146.42549526270457, 160.2067183462532, 193.79844961240312, 233.4194659776055, 303.1869078380706, 397.0714900947459, 435.83118001722653, 481.48148148148147, 489.2334194659776, 542.6356589147287, 571.9207579672697, 624.4616709732989, 683.8931955211025, 689.0611541774333, 707.1490094745909, 711.4556416881999, 745.9086993970715, 783.8070628768303, 871.6623600344531, 946.5977605512489, 995.693367786391]
d_y=[-0.1754385964912295, 0.9941520467836256, 0.29239766081871466, 2.9824561403508776, 3.9181286549707606, 4.619883040935672, 0.4093567251461998, 0.29239766081871466, -0.1754385964912295, -0.6432748538011701, 3.2163742690058488, 4.385964912280702, 4.385964912280702, 2.8654970760233924, 1.9298245614035086, 0.29239766081871466, 2.0467836257309946, 4.035087719298246, 5.087719298245615, 4.853801169590644, 5.321637426900585, 6.257309941520468, 5.672514619883041]
p_x_fitting=[   2.58397933   12.65888863   22.73379793   32.80870723   42.88361653
   52.95852583   63.03343513   73.10834443   83.18325373   93.25816303
  103.33307233  113.40798163  123.48289092  133.55780022  143.63270952
  153.70761882  163.78252812  173.85743742  183.93234672  194.00725602
  204.08216532  214.15707462  224.23198392  234.30689322  244.38180252
  254.45671182  264.53162112  274.60653042  284.68143972  294.75634902
  304.83125832  314.90616762  324.98107692  335.05598622  345.13089552
  355.20580482  365.28071412  375.35562342  385.43053272  395.50544202
  405.58035132  415.65526062  425.73016992  435.80507922  445.87998852
  455.95489782  466.02980712  476.10471641  486.17962571  496.25453501
  506.32944431  516.40435361  526.47926291  536.55417221  546.62908151
  556.70399081  566.77890011  576.85380941  586.92871871  597.00362801
  607.07853731  617.15344661  627.22835591  637.30326521  647.37817451
  657.45308381  667.52799311  677.60290241  687.67781171  697.75272101
  707.82763031  717.90253961  727.97744891  738.05235821  748.12726751
  758.20217681  768.27708611  778.35199541  788.42690471  798.50181401
  808.57672331  818.65163261  828.7265419   838.8014512   848.8763605
  858.9512698   869.0261791   879.1010884   889.1759977   899.250907
  909.3258163   919.4007256   929.4756349   939.5505442   949.6254535
  959.7003628   969.7752721   979.8501814   989.9250907  1000.        ]
p_y_fitting=[-2.11764706 -0.69010676  0.02245711  0.14413394 -0.20098686 -0.88881588
 -1.79526372 -2.79624097 -3.76765824 -4.58542611 -5.12545519 -5.26365607
 -4.87593934 -3.8382156  -2.02723537  0.30681337  2.04784672  2.90282625
  3.1587257   3.11020519  3.04743382  3.10695104  3.23706968  3.37460258
  3.45037135  3.32399955  2.80842948  1.71579117 -0.06975346 -1.98882157
 -3.2265406  -3.68851457 -3.56437387 -3.04441712 -2.31894293 -1.5782499
 -1.01263666 -0.81240179 -1.16784392 -2.23368006 -3.79663012 -5.42601178
 -6.68832102 -7.15005386 -6.37770629 -3.9377743   0.5029897   4.41681976
  5.86647343  5.58810137  4.36738903  2.99002188  2.19741571  2.11638003
  2.42391285  2.78671153  2.91553871  2.79278449  2.50424481  2.13591781
  1.77380161  1.50389434  1.41219382  1.53393543  1.71205221  1.74394775
  1.42702562  0.55868942 -0.97170181 -0.26194638  2.32778297  4.16764527
  5.18133656  5.52225433  5.34379605  4.79935921  4.0423413   3.22613979
  2.50415216  2.00227287  1.71684433  1.60609827  1.62826119  1.7415596
  1.90421999  2.07446887  2.21053273  2.27458256  2.26448946  2.19710307
  2.08944855  1.95855109  1.82143586  1.69512806  1.59665285  1.54303542
  1.55130095  1.63847461  1.82158159  2.11764706]
a_x_fitting=[  1.72265289  11.78886192  21.85507095  31.92127998  41.98748902
  52.05369805  62.11990708  72.18611611  82.25232515  92.31853418
 102.38474321 112.45095224 122.51716128 132.58337031 142.64957934
 152.71578837 162.78199741 172.84820644 182.91441547 192.98062451
 203.04683354 213.11304257 223.1792516  233.24546064 243.31166967
 253.3778787  263.44408773 273.51029677 283.5765058  293.64271483
 303.70892386 313.7751329  323.84134193 333.90755096 343.97375999
 354.03996903 364.10617806 374.17238709 384.23859612 394.30480516
 404.37101419 414.43722322 424.50343226 434.56964129 444.63585032
 454.70205935 464.76826839 474.83447742 484.90068645 494.96689548
 505.03310452 515.09931355 525.16552258 535.23173161 545.29794065
 555.36414968 565.43035871 575.49656774 585.56277678 595.62898581
 605.69519484 615.76140388 625.82761291 635.89382194 645.96003097
 656.02624001 666.09244904 676.15865807 686.2248671  696.29107614
 706.35728517 716.4234942  726.48970323 736.55591227 746.6221213
 756.68833033 766.75453936 776.8207484  786.88695743 796.95316646
 807.01937549 817.08558453 827.15179356 837.21800259 847.28421163
 857.35042066 867.41662969 877.48283872 887.54904776 897.61525679
 907.68146582 917.74767485 927.81388389 937.88009292 947.94630195
 958.01251098 968.07872002 978.14492905 988.21113808 998.27734711]
a_y_fitting=[-2.28070175 -0.37948097  0.66075802  0.98164982  0.72482903  0.03193025
 -0.95541191 -2.09556286 -3.24688798 -4.26775268 -5.01652235 -5.35156239
 -5.1312382  -4.21391517 -2.46766937 -0.45714771  0.61194926  0.89407325
  0.80573053  0.74414543  0.82174733  0.93361688  0.96935166  0.81854928
  0.3903491  -0.26693597 -1.04461256 -1.83374279 -2.52538878 -3.01062686
 -3.21719202 -3.1887978  -2.99203891 -2.69351006 -2.35980596 -2.05752132
 -1.85325084 -1.81358924 -2.00513123 -2.49431619 -3.281714   -4.19999828
 -5.05548103 -5.65447425 -5.80328994 -5.30824009 -3.97563671 -1.68752538
  0.6386333   1.70632045  1.6969714   1.16861486  0.67778515  0.56437477
  0.72673336  1.00945257  1.26472632  1.44272794  1.56172357  1.64135508
  1.70126437  1.76109332  1.84029567  1.94454027  2.05655575  2.15690124
  2.22613586  2.24481874  2.19350902  2.05618691  1.84998766  1.6106643
  1.37417643  1.17223487  1.01117863  0.88796896  0.79955205  0.74287411
  0.71488133  0.71251992  0.73273608  0.77247601  0.82868591  0.89831199
  0.97830044  1.06559747  1.15714927  1.24990206  1.34080202  1.42679537
  1.50482831  1.57184703  1.62479773  1.66062663  1.67627991  1.66870379
  1.63484446  1.57164812  1.47606098  1.34502924]
d_x_fitting=[  1.72265289  11.76276112  21.80286935  31.84297758  41.88308581
  51.92319404  61.96330227  72.0034105   82.04351874  92.08362697
 102.1237352  112.16384343 122.20395166 132.24405989 142.28416812
 152.32427636 162.36438459 172.40449282 182.44460105 192.48470928
 202.52481751 212.56492574 222.60503397 232.64514221 242.68525044
 252.72535867 262.7654669  272.80557513 282.84568336 292.88579159
 302.92589983 312.96600806 323.00611629 333.04622452 343.08633275
 353.12644098 363.16654921 373.20665744 383.24676568 393.28687391
 403.32698214 413.36709037 423.4071986  433.44730683 443.48741506
 453.52752329 463.56763153 473.60773976 483.64784799 493.68795622
 503.72806445 513.76817268 523.80828091 533.84838915 543.88849738
 553.92860561 563.96871384 574.00882207 584.0489303  594.08903853
 604.12914676 614.169255   624.20936323 634.24947146 644.28957969
 654.32968792 664.36979615 674.40990438 684.45001262 694.49012085
 704.53022908 714.57033731 724.61044554 734.65055377 744.690662
 754.73077023 764.77087847 774.8109867  784.85109493 794.89120316
 804.93131139 814.97141962 825.01152785 835.05163609 845.09174432
 855.13185255 865.17196078 875.21206901 885.25217724 895.29228547
 905.3323937  915.37250194 925.41261017 935.4527184  945.49282663
 955.53293486 965.57304309 975.61315132 985.65325956 995.69336779]
d_y_fitting=[-0.1754386   1.52632446  2.51002748  2.88905849  2.77680554  2.28665668
  1.53199994  0.62622336 -0.31728501 -1.18513712 -1.86394494 -2.24032043
 -2.20087554 -1.63222223 -0.42097245  1.49044446  3.28505562  4.04167863
  4.09134125  3.92903645  3.97676968  4.22256425  4.49467994  4.62112751
  4.46176896  4.03716566  3.4184443   2.67675019  1.88322864  1.10902494
  0.42528442 -0.10956039 -0.4920542  -0.73359996 -0.84560086 -0.83946012
 -0.72658093 -0.51836647 -0.22621996  0.13845541  0.55416342  0.86135815
  0.80048946  0.10977208 -1.38078691 -3.07487639 -3.99503646 -3.16103641
  0.39160705  5.00690254  7.21527346  7.50137835  6.61311741  5.29839085
  4.30469398  4.08458676  4.2752827   4.37535888  4.09057593  3.57874942
  3.05731086  2.74369176  2.85532364  3.51024178  4.39775204  5.0915914
  5.16549512  4.19319846  1.74878353 -0.52299055  1.02306286  5.19711447
  6.86000034  6.40623085  5.2158592   4.48518862  4.34958447  4.56447586
  4.88485789  5.12484414  5.27217498  5.34630332  5.36668204  5.35276405
  5.32400224  5.29984952  5.29975877  5.34293287  5.435544    5.56462599
  5.71568415  5.87422381  6.0257503   6.15576895  6.24978509  6.29330405
  6.27183115  6.17087173  5.97593111  5.67251462]