
p_x=[0.0, 95.60723514211885, 175.71059431524546, 280.79242032730406, 381.56761412575366, 481.48148148148147, 583.9793281653747, 631.3522825150733, 671.8346253229975, 701.9810508182601, 711.4556416881999, 720.9302325581394, 742.4633936261843, 764.8578811369508, 786.3910422049956, 807.9242032730405, 855.2971576227391, 1000.0]
p_y=[-1.4117647058823515, -0.35294117647058876, 2.4705882352941178, 3.0588235294117645, 2.235294117647059, 3.647058823529412, 4.117647058823529, 1.5294117647058822, 1.764705882352942, 1.0588235294117645, 4.588235294117648, 5.176470588235294, 5.176470588235294, 4.823529411764706, 4.352941176470589, 4.588235294117648, 5.411764705882353, 6.0]
a_x=[0.0, 99.05254091300603, 170.54263565891472, 279.93109388458225, 385.0129198966408, 483.2041343669251, 581.3953488372093, 631.3522825150733, 699.3970714900947, 711.4556416881999, 804.4788975021532, 863.0490956072352, 995.693367786391]
a_y=[-2.514619883040936, -1.578947368421053, -1.2280701754385959, -0.7602339181286553, -0.7602339181286553, -0.5263157894736832, -0.4093567251461998, 0.8771929824561404, 0.29239766081871466, 0.8771929824561404, 1.578947368421053, 2.397660818713451, 1.461988304093568]
d_x=[0.0, 97.32988802756245, 171.40396210163652, 283.3763996554694, 381.56761412575366, 476.3135228251507, 584.8406546080964, 636.5202411714039, 678.7252368647717, 711.4556416881999, 751.937984496124, 799.3109388458226, 857.8811369509044, 995.693367786391]
d_y=[1.461988304093568, 2.0467836257309946, 3.8011695906432754, 4.736842105263158, 2.9824561403508776, 5.087719298245615, 4.970760233918129, 2.9824561403508776, 2.397660818713451, 5.672514619883041, 6.140350877192983, 6.491228070175438, 6.374269005847953, 6.608187134502924]
p_x_fitting=[   0.           10.1010101    20.2020202    30.3030303    40.4040404
   50.50505051   60.60606061   70.70707071   80.80808081   90.90909091
  101.01010101  111.11111111  121.21212121  131.31313131  141.41414141
  151.51515152  161.61616162  171.71717172  181.81818182  191.91919192
  202.02020202  212.12121212  222.22222222  232.32323232  242.42424242
  252.52525253  262.62626263  272.72727273  282.82828283  292.92929293
  303.03030303  313.13131313  323.23232323  333.33333333  343.43434343
  353.53535354  363.63636364  373.73737374  383.83838384  393.93939394
  404.04040404  414.14141414  424.24242424  434.34343434  444.44444444
  454.54545455  464.64646465  474.74747475  484.84848485  494.94949495
  505.05050505  515.15151515  525.25252525  535.35353535  545.45454545
  555.55555556  565.65656566  575.75757576  585.85858586  595.95959596
  606.06060606  616.16161616  626.26262626  636.36363636  646.46464646
  656.56565657  666.66666667  676.76767677  686.86868687  696.96969697
  707.07070707  717.17171717  727.27272727  737.37373737  747.47474747
  757.57575758  767.67676768  777.77777778  787.87878788  797.97979798
  808.08080808  818.18181818  828.28282828  838.38383838  848.48484848
  858.58585859  868.68686869  878.78787879  888.88888889  898.98989899
  909.09090909  919.19191919  929.29292929  939.39393939  949.49494949
  959.5959596   969.6969697   979.7979798   989.8989899  1000.        ]
p_y_fitting=[-1.41176471 -1.63215199 -1.75108036 -1.77777654 -1.72146728 -1.59137929
 -1.39673932 -1.14677409 -0.85071034 -0.51777479 -0.15719418  0.22180475
  0.60999529  0.99815069  1.37704423  1.73744917  2.07013879  2.36588634
  2.61592851  2.81830973  2.97625132  3.09310411  3.17221895  3.21694667
  3.23063812  3.21664414  3.17831556  3.11900324  3.0420595   2.95114753
  2.85062099  2.74492653  2.6385108   2.53582043  2.44130209  2.35940241
  2.29456803  2.2512456   2.23387415  2.24569139  2.28743387  2.35952585
  2.46239157  2.5964553   2.76214129  2.95987381  3.1900771   3.45317542
  3.74943714  4.06977741  4.3906139   4.68711717  4.93445778  5.10780631
  5.18233332  5.13320937  4.93560504  4.56469089  3.99583848  3.25568994
  2.48985597  1.86077861  1.53089992  1.65055584  2.08650804  2.41906211
  2.21584112  1.08824173 -0.28836892 -0.14188328  3.07428143  5.22346629
  5.10910178  5.15588825  5.15581554  5.00065042  4.74643459  4.48275197
  4.34619432  4.41314002  4.59124263  4.78184067  4.96512453  5.14010156
  5.30577911  5.46116451  5.60526513  5.7370883   5.85564137  5.9599317
  6.04896662  6.12175348  6.17729964  6.21461243  6.23269921  6.23056731
  6.2072241   6.16167691  6.0929331   6.        ]
a_x_fitting=[  0.          10.05750877  20.11501753  30.1725263   40.23003506
  50.28754383  60.34505259  70.40256136  80.46007012  90.51757889
 100.57508766 110.63259642 120.69010519 130.74761395 140.80512272
 150.86263148 160.92014025 170.97764901 181.03515778 191.09266654
 201.15017531 211.20768408 221.26519284 231.32270161 241.38021037
 251.43771914 261.4952279  271.55273667 281.61024543 291.6677542
 301.72526297 311.78277173 321.8402805  331.89778926 341.95529803
 352.01280679 362.07031556 372.12782432 382.18533309 392.24284186
 402.30035062 412.35785939 422.41536815 432.47287692 442.53038568
 452.58789445 462.64540321 472.70291198 482.76042074 492.81792951
 502.87543828 512.93294704 522.99045581 533.04796457 543.10547334
 553.1629821  563.22049087 573.27799963 583.3355084  593.39301717
 603.45052593 613.5080347  623.56554346 633.62305223 643.68056099
 653.73806976 663.79557852 673.85308729 683.91059606 693.96810482
 704.02561359 714.08312235 724.14063112 734.19813988 744.25564865
 754.31315741 764.37066618 774.42817494 784.48568371 794.54319248
 804.60070124 814.65821001 824.71571877 834.77322754 844.8307363
 854.88824507 864.94575383 875.0032626  885.06077137 895.11828013
 905.1757889  915.23329766 925.29080643 935.34831519 945.40582396
 955.46333272 965.52084149 975.57835026 985.63585902 995.69336779]
a_y_fitting=[-2.51461988 -2.37170219 -2.24229247 -2.12536685 -2.01990145 -1.92487241
 -1.83925585 -1.7620279  -1.69216469 -1.62864235 -1.57043701 -1.5165248
 -1.46588184 -1.41748426 -1.3703082  -1.32332978 -1.27552513 -1.22587041
 -1.17375783 -1.1200417  -1.0658973  -1.01249994 -0.9610249  -0.9126475
 -0.86854301 -0.82988675 -0.797854   -0.77362005 -0.7583576  -0.75235711
 -0.75374824 -0.76033593 -0.76992508 -0.78032063 -0.78932749 -0.79475059
 -0.79439486 -0.78606522 -0.76756659 -0.73710203 -0.69672484 -0.65064674
 -0.60310325 -0.55832991 -0.52056226 -0.49403581 -0.48298611 -0.49164868
 -0.52425906 -0.58262454 -0.65746333 -0.73632993 -0.80677861 -0.85636363
 -0.87263927 -0.84315978 -0.75547945 -0.59715253 -0.35581836 -0.03889354
  0.30119211  0.60577823  0.81620442  0.87406775  0.7611291   0.5425458
  0.29385496  0.09059367  0.00829904  0.12250819  0.50107179  0.9983097
  1.36638485  1.60142505  1.72792342  1.77037304  1.75326701  1.70109843
  1.6383604   1.589546    1.57914833  1.62565684  1.72440312  1.86513592
  2.03760395  2.23155595  2.43674065  2.64290676  2.83980303  3.01717818
  3.16478094  3.27236003  3.32966419  3.32644214  3.25244261  3.09741434
  2.85110604  2.50326645  2.04364429  1.4619883 ]
d_x_fitting=[  0.          10.05750877  20.11501753  30.1725263   40.23003506
  50.28754383  60.34505259  70.40256136  80.46007012  90.51757889
 100.57508766 110.63259642 120.69010519 130.74761395 140.80512272
 150.86263148 160.92014025 170.97764901 181.03515778 191.09266654
 201.15017531 211.20768408 221.26519284 231.32270161 241.38021037
 251.43771914 261.4952279  271.55273667 281.61024543 291.6677542
 301.72526297 311.78277173 321.8402805  331.89778926 341.95529803
 352.01280679 362.07031556 372.12782432 382.18533309 392.24284186
 402.30035062 412.35785939 422.41536815 432.47287692 442.53038568
 452.58789445 462.64540321 472.70291198 482.76042074 492.81792951
 502.87543828 512.93294704 522.99045581 533.04796457 543.10547334
 553.1629821  563.22049087 573.27799963 583.3355084  593.39301717
 603.45052593 613.5080347  623.56554346 633.62305223 643.68056099
 653.73806976 663.79557852 673.85308729 683.91059606 693.96810482
 704.02561359 714.08312235 724.14063112 734.19813988 744.25564865
 754.31315741 764.37066618 774.42817494 784.48568371 794.54319248
 804.60070124 814.65821001 824.71571877 834.77322754 844.8307363
 854.88824507 864.94575383 875.0032626  885.06077137 895.11828013
 905.1757889  915.23329766 925.29080643 935.34831519 945.40582396
 955.46333272 965.52084149 975.57835026 985.63585902 995.69336779]
d_y_fitting=[1.4619883  1.33829047 1.26735682 1.24515253 1.2676428  1.33079283
 1.43056779 1.56293289 1.72385331 1.90929425 2.1152209  2.33759844
 2.57239207 2.81556699 3.06308838 3.31092143 3.55503133 3.79138329
 4.01596634 4.22487794 4.41424632 4.5801997  4.7188663  4.82637434
 4.89885205 4.93242766 4.92322938 4.86738544 4.76102406 4.60199665
 4.39993777 4.1694124  3.92500214 3.68128861 3.45285342 3.25427819
 3.10014453 3.00503407 2.98352731 3.04457511 3.17838558 3.37127123
 3.60954458 3.87951813 4.16750438 4.45981586 4.74276505 5.00266448
 5.22639162 5.40804312 5.54670254 5.64155262 5.69177615 5.6965559
 5.65507464 5.56651513 5.43006015 5.24489247 5.01019486 4.72546662
 4.39220218 4.0126713  3.58914546 3.12389611 2.62804729 2.200398
 1.98982829 2.14580462 2.80651537 3.86877831 4.99764921 5.85033441
 6.24747035 6.31746588 6.22278263 6.12544521 6.12655297 6.20428204
 6.32202196 6.44316228 6.53213633 6.57469374 6.5765048  6.54400406
 6.48362609 6.40180544 6.30497666 6.19957433 6.09203298 5.98878719
 5.89627151 5.82092049 5.76916869 5.74745067 5.76220099 5.8198542
 5.92684486 6.08960754 6.31457677 6.60818713]