
p_x=[0.0, 110.24978466838932, 166.23600344530576, 204.9956933677864, 232.5581395348837, 285.099052540913, 320.4134366925064, 355.72782084409994, 391.04220499569334, 396.2101636520241, 425.495262704565, 459.9483204134367, 518.5185185185185, 583.1180017226529, 621.8776916451335, 826.0120585701981, 995.693367786391]
p_y=[0.5882352941176467, 3.5294117647058822, 3.647058823529412, 5.411764705882353, 5.411764705882353, 5.882352941176471, 1.5294117647058822, 1.4117647058823533, 2.0, 6.117647058823529, 5.294117647058823, 4.0, 0.9411764705882355, 3.1764705882352935, 5.176470588235294, 5.647058823529411, 5.764705882352941]
a_x=[2.5839793281653747, 107.66580534022395, 173.1266149870801, 210.16365202411714, 286.8217054263566, 318.69078380706287, 388.458225667528, 527.1317829457365, 588.2859603789836, 624.4616709732989, 831.1800172265289, 993.1093884582257, 996.5546942291128]
a_y=[-2.0467836257309955, -0.8771929824561404, -1.4619883040935662, 0.1754385964912295, 0.058479532163742576, -0.9941520467836256, -0.6432748538011701, -2.280701754385966, -1.1111111111111107, -1.6959064327485365, -1.2280701754385959, -0.9941520467836256, -0.5263157894736832]
d_x=[2.5839793281653747, 106.80447889750215, 177.43324720068907, 214.4702842377261, 262.70456503014645, 313.52282515073216, 331.61068044788976, 389.3195521102498, 416.0206718346253, 536.6063738156761, 590.869939707149, 625.3229974160207, 831.1800172265289, 994.8320413436692]
d_y=[-2.163742690058479, 2.9824561403508776, 0.526315789473685, 3.5672514619883042, 4.736842105263158, 4.385964912280702, -2.6315789473684212, -2.0467836257309955, 3.450292397660819, 0.8771929824561404, 6.608187134502924, 4.502923976608187, 4.269005847953217, 4.035087719298246]
p_x_fitting=[  0.          10.05750877  20.11501753  30.1725263   40.23003506
  50.28754383  60.34505259  70.40256136  80.46007012  90.51757889
 100.57508766 110.63259642 120.69010519 130.74761395 140.80512272
 150.86263148 160.92014025 170.97764901 181.03515778 191.09266654
 201.15017531 211.20768408 221.26519284 231.32270161 241.38021037
 251.43771914 261.4952279  271.55273667 281.61024543 291.6677542
 301.72526297 311.78277173 321.8402805  331.89778926 341.95529803
 352.01280679 362.07031556 372.12782432 382.18533309 392.24284186
 402.30035062 412.35785939 422.41536815 432.47287692 442.53038568
 452.58789445 462.64540321 472.70291198 482.76042074 492.81792951
 502.87543828 512.93294704 522.99045581 533.04796457 543.10547334
 553.1629821  563.22049087 573.27799963 583.3355084  593.39301717
 603.45052593 613.5080347  623.56554346 633.62305223 643.68056099
 653.73806976 663.79557852 673.85308729 683.91059606 693.96810482
 704.02561359 714.08312235 724.14063112 734.19813988 744.25564865
 754.31315741 764.37066618 774.42817494 784.48568371 794.54319248
 804.60070124 814.65821001 824.71571877 834.77322754 844.8307363
 854.88824507 864.94575383 875.0032626  885.06077137 895.11828013
 905.1757889  915.23329766 925.29080643 935.34831519 945.40582396
 955.46333272 965.52084149 975.57835026 985.63585902 995.69336779]
p_y_fitting=[ 0.58823529  1.81434145  2.75444063  3.439904    3.90210272  4.17240793
  4.2821908   4.26282248  4.14567413  3.9621169   3.74352195  3.52126044
  3.32670353  3.19122236  3.1461881   3.22297189  3.45294491  3.86447065
  4.40650014  4.94243085  5.33142223  5.44820021  5.38487815  5.39331008
  5.67511157  6.11904889  6.5013577   6.59812556  6.18544004  5.07676756
  3.54219155  2.15722582  1.50226422  1.78495503  2.23207251  1.91096092
  0.0391448  -2.17021503 -2.08697078  2.93962041  8.98647863  8.93124919
  6.13019904  4.04640978  3.50759402  3.760419    4.03306505  3.85813901
  3.33081088  2.60705523  1.84284663  1.19415964  0.81375041  0.75686568
  0.96607774  1.37768755  1.92799609  2.55330432  3.18991334  3.7850948
  4.32724757  4.81440626  5.24460937  5.61720136  5.9347175   6.20017124
  6.41657607  6.58694547  6.71429292  6.80163189  6.85197586  6.8683383
  6.8537327   6.81117253  6.74367127  6.65424239  6.54589938  6.4216557
  6.28452485  6.13752029  5.9836555   5.82594396  5.66739914  5.51103453
  5.3598636   5.21689983  5.08515669  4.96764767  4.86738623  4.78738587
  4.73066005  4.70022224  4.69908594  4.73026462  4.79677174  4.9016208
  5.04782527  5.23839862  5.47635433  5.76470588]
a_x_fitting=[  2.58397933  12.62408756  22.66419579  32.70430402  42.74441225
  52.78452048  62.82462872  72.86473695  82.90484518  92.94495341
 102.98506164 113.02516987 123.0652781  133.10538634 143.14549457
 153.1856028  163.22571103 173.26581926 183.30592749 193.34603572
 203.38614395 213.42625219 223.46636042 233.50646865 243.54657688
 253.58668511 263.62679334 273.66690157 283.70700981 293.74711804
 303.78722627 313.8273345  323.86744273 333.90755096 343.94765919
 353.98776742 364.02787566 374.06798389 384.10809212 394.14820035
 404.18830858 414.22841681 424.26852504 434.30863328 444.34874151
 454.38884974 464.42895797 474.4690662  484.50917443 494.54928266
 504.58939089 514.62949913 524.66960736 534.70971559 544.74982382
 554.78993205 564.83004028 574.87014851 584.91025674 594.95036498
 604.99047321 615.03058144 625.07068967 635.1107979  645.15090613
 655.19101436 665.2311226  675.27123083 685.31133906 695.35144729
 705.39155552 715.43166375 725.47177198 735.51188021 745.55198845
 755.59209668 765.63220491 775.67231314 785.71242137 795.7525296
 805.79263783 815.83274607 825.8728543  835.91296253 845.95307076
 855.99317899 866.03328722 876.07339545 886.11350368 896.15361192
 906.19372015 916.23382838 926.27393661 936.31404484 946.35415307
 956.3942613  966.43436954 976.47447777 986.514586   996.55469423]
a_y_fitting=[-2.04678363 -1.17711096 -0.53981517 -0.10929645  0.140045    0.23380899
  0.19759532  0.05700381 -0.16236575 -0.43491353 -0.73503975 -1.03714459
 -1.31562824 -1.5448909  -1.69933276 -1.75335401 -1.68135485 -1.45773553
 -1.07572911 -0.6008316  -0.11586865  0.29685575  0.58831101  0.7622086
  0.82693627  0.79088178  0.6624329   0.44997738  0.16190299 -0.19013202
 -0.55946991 -0.87822854 -1.0805569  -1.15043528 -1.11968816 -1.02207107
 -0.89133954 -0.76124909 -0.66555527 -0.63659021 -0.68230609 -0.79017459
 -0.9470313  -1.13971184 -1.35505181 -1.57988682 -1.80105247 -2.00538436
 -2.17971812 -2.31088933 -2.38573361 -2.39108656 -2.31378379 -2.14457749
 -1.90777195 -1.6447224  -1.39691836 -1.2058494  -1.11300505 -1.15483497
 -1.30858156 -1.51299323 -1.70616605 -1.8399621  -1.9121779  -1.93017923
 -1.90133188 -1.83300162 -1.73255423 -1.6073555  -1.46477121 -1.31216714
 -1.15690906 -1.00636276 -0.86789402 -0.74886863 -0.65665236 -0.59861099
 -0.5821103  -0.61451609 -0.70319411 -0.85551017 -1.07883004 -1.37999557
 -1.75201193 -2.17297562 -2.62024445 -3.07117624 -3.50312882 -3.89346001
 -4.21952763 -4.45868949 -4.58830342 -4.58572724 -4.42831877 -4.09343583
 -3.55843625 -2.80067783 -1.7975184  -0.52631579]
d_x_fitting=[  2.58397933  12.60668703  22.62939472  32.65210242  42.67481012
  52.69751781  62.72022551  72.74293321  82.76564091  92.7883486
 102.8110563  112.833764   122.85647169 132.87917939 142.90188709
 152.92459479 162.94730248 172.97001018 182.99271788 193.01542557
 203.03813327 213.06084097 223.08354866 233.10625636 243.12896406
 253.15167176 263.17437945 273.19708715 283.21979485 293.24250254
 303.26521024 313.28791794 323.31062564 333.33333333 343.35604103
 353.37874873 363.40145642 373.42416412 383.44687182 393.46957952
 403.49228721 413.51499491 423.53770261 433.5604103  443.583118
 453.6058257  463.6285334  473.65124109 483.67394879 493.69665649
 503.71936418 513.74207188 523.76477958 533.78748728 543.81019497
 553.83290267 563.85561037 573.87831806 583.90102576 593.92373346
 603.94644116 613.96914885 623.99185655 634.01456425 644.03727194
 654.05997964 664.08268734 674.10539504 684.12810273 694.15081043
 704.17351813 714.19622582 724.21893352 734.24164122 744.26434892
 754.28705661 764.30976431 774.33247201 784.3551797  794.3778874
 804.4005951  814.4233028  824.44601049 834.46871819 844.49142589
 854.51413358 864.53684128 874.55954898 884.58225668 894.60496437
 904.62767207 914.65037977 924.67308746 934.69579516 944.71850286
 954.74121056 964.76391825 974.78662595 984.80933365 994.83204134]
d_y_fitting=[-2.16374269  0.39548195  2.34045638  3.73367774  4.63764317  5.11484979
  5.22779474  5.03897516  4.61088818  4.00603092  3.28690053  2.51599414
  1.75580889  1.0688419   0.51759031  0.16455125  0.07222186  0.30309927
  0.9112487   1.79880629  2.73619493  3.48947458  3.87153768  3.98229783
  4.03035122  4.22449922  4.77353066  5.7462397   6.72474137  7.18546104
  6.60482409  4.45925588  0.63780495 -3.20175267 -5.56277323 -6.48486835
 -6.2349758  -5.08003334 -3.28697872 -1.12376693  1.10520033  3.04989371
  4.38989615  5.08761596  5.25108639  4.98954419  4.41222613  3.62836899
  2.74720951  1.87798447  1.12993062  0.61228474  0.43428359  0.70516393
  1.51184061  2.72527992  4.09535353  5.37059569  6.29954062  6.63315261
  6.30347241  5.54562359  4.62360935  3.77197137  3.04900755  2.4477656
  1.96118742  1.58221487  1.30378984  1.11885421  1.02034987  1.00121869
  1.05440256  1.17284335  1.34948295  1.57726324  1.84912609  2.1580134
  2.49686704  2.85862889  3.23624084  3.62264477  4.01078254  4.39359606
  4.7640272   5.11501784  5.43950985  5.73044513  5.98076556  6.18341301
  6.33132936  6.41745651  6.43473632  6.37611068  6.23452147  6.00291057
  5.67421986  5.24139123  4.69736656  4.03508772]