
p_x=[2.5839793281653747, 62.87683031869079, 156.76141257536608, 245.4780361757106, 330.74935400516796, 365.2024117140396, 405.68475452196384, 488.3720930232558, 677.0025839793282, 823.4280792420327, 943.1524547803618, 991.3867355727821]
p_y=[1.2941176470588225, 3.647058823529412, 5.529411764705882, 5.882352941176471, 5.294117647058823, 1.4117647058823533, 2.5882352941176467, 4.470588235294118, 4.352941176470589, 5.647058823529411, 4.470588235294118, 4.352941176470589]
a_x=[3.4453057708871664, 56.84754521963824, 158.48406546080966, 256.6752799310939, 329.88802756244615, 364.3410852713178, 406.54608096468564, 496.1240310077519, 668.3893195521102, 815.6761412575366, 999.1386735572783]
a_y=[-2.8654970760233915, -1.6959064327485365, 0.1754385964912295, -0.058479532163742576, 0.526315789473685, -2.6315789473684212, -1.9298245614035086, 1.3450292397660828, 1.578947368421053, 2.9824561403508776, 3.450292397660819]
d_x=[0.8613264427217916, 48.23428079242033, 156.76141257536608, 248.06201550387595, 329.88802756244615, 364.3410852713178, 372.95434969853574, 396.2101636520241, 447.0284237726098, 489.2334194659776, 676.1412575366064, 807.9242032730405, 999.1386735572783]
d_y=[0.7602339181286553, 3.9181286549707606, 6.374269005847953, 6.608187134502924, 6.374269005847953, 3.2163742690058488, 2.8654970760233924, 4.853801169590644, 6.140350877192983, 6.374269005847953, 7.192982456140351, 7.894736842105264, 8.128654970760234]
p_x_fitting=[  2.58397933  12.57188596  22.55979259  32.54769921  42.53560584
  52.52351247  62.5114191   72.49932573  82.48723236  92.47513899
 102.46304562 112.45095224 122.43885887 132.4267655  142.41467213
 152.40257876 162.39048539 172.37839202 182.36629865 192.35420527
 202.3421119  212.33001853 222.31792516 232.30583179 242.29373842
 252.28164505 262.26955168 272.2574583  282.24536493 292.23327156
 302.22117819 312.20908482 322.19699145 332.18489808 342.17280471
 352.16071133 362.14861796 372.13652459 382.12443122 392.11233785
 402.10024448 412.08815111 422.07605773 432.06396436 442.05187099
 452.03977762 462.02768425 472.01559088 482.00349751 491.99140414
 501.97931076 511.96721739 521.95512402 531.94303065 541.93093728
 551.91884391 561.90675054 571.89465717 581.88256379 591.87047042
 601.85837705 611.84628368 621.83419031 631.82209694 641.81000357
 651.7979102  661.78581682 671.77372345 681.76163008 691.74953671
 701.73744334 711.72534997 721.7132566  731.70116323 741.68906985
 751.67697648 761.66488311 771.65278974 781.64069637 791.628603
 801.61650963 811.60441626 821.59232288 831.58022951 841.56813614
 851.55604277 861.5439494  871.53185603 881.51976266 891.50766929
 901.49557591 911.48348254 921.47138917 931.4592958  941.44720243
 951.43510906 961.42301569 971.41092232 981.39882894 991.38673557]
p_y_fitting=[1.29411765 1.71982232 2.13413885 2.53492883 2.92005387 3.28737555
 3.63475546 3.96005521 4.26113639 4.5358606  4.78208942 4.99768445
 5.18050729 5.32841953 5.43928276 5.51095859 5.54181323 5.5389702
 5.51697027 5.49058854 5.47460008 5.48377996 5.53290328 5.6367451
 5.8100805  6.06391686 6.36769158 6.66504487 6.89923066 7.01350288
 6.95111547 6.65532236 6.06937748 5.13671865 3.89270815 2.61331645
 1.61339693 1.17903129 1.29322158 1.75737683 2.37044842 2.94080589
 3.39711583 3.7511185  4.01620619 4.20577119 4.3332058  4.41190232
 4.45525303 4.47655759 4.48456232 4.48148073 4.46902148 4.44889323
 4.42280466 4.39246442 4.3595812  4.32586366 4.29302047 4.26276029
 4.2367918  4.21682365 4.20456453 4.2017231  4.21000802 4.23112796
 4.2667916  4.3187076  4.38849333 4.47541477 4.57623773 4.68760691
 4.806167   4.92856272 5.05143876 5.17143982 5.28521062 5.38939584
 5.48064019 5.55558837 5.61088509 5.64317504 5.64910292 5.62598667
 5.57586882 5.50281514 5.4108991  5.30419416 5.18677379 5.06271143
 4.93608057 4.81095466 4.69140716 4.58151154 4.48534126 4.40696979
 4.35047058 4.3199171  4.31938281 4.35294118]
a_x_fitting=[  3.44530577  13.50281454  23.5603233   33.61783207  43.67534083
  53.7328496   63.79035836  73.84786713  83.9053759   93.96288466
 104.02039343 114.07790219 124.13541096 134.19291972 144.25042849
 154.30793725 164.36544602 174.42295478 184.48046355 194.53797232
 204.59548108 214.65298985 224.71049861 234.76800738 244.82551614
 254.88302491 264.94053367 274.99804244 285.05555121 295.11305997
 305.17056874 315.2280775  325.28558627 335.34309503 345.4006038
 355.45811256 365.51562133 375.5731301  385.63063886 395.68814763
 405.74565639 415.80316516 425.86067392 435.91818269 445.97569145
 456.03320022 466.09070898 476.14821775 486.20572652 496.26323528
 506.32074405 516.37825281 526.43576158 536.49327034 546.55077911
 556.60828787 566.66579664 576.72330541 586.78081417 596.83832294
 606.8958317  616.95334047 627.01084923 637.068358   647.12586676
 657.18337553 667.2408843  677.29839306 687.35590183 697.41341059
 707.47091936 717.52842812 727.58593689 737.64344565 747.70095442
 757.75846318 767.81597195 777.87348072 787.93098948 797.98849825
 808.04600701 818.10351578 828.16102454 838.21853331 848.27604207
 858.33355084 868.39105961 878.44856837 888.50607714 898.5635859
 908.62109467 918.67860343 928.7361122  938.79362096 948.85112973
 958.9086385  968.96614726 979.02365603 989.08116479 999.13867356]
a_y_fitting=[-2.86549708 -2.70726717 -2.5125878  -2.28839882 -2.04164007 -1.77925139
 -1.50817262 -1.2353436  -0.96770418 -0.71219419 -0.47575349 -0.2653219
 -0.08783928  0.04975454  0.14051972  0.17751641  0.15467481  0.07976222
 -0.02836747 -0.15054886 -0.26761655 -0.36040516 -0.4097493  -0.39648357
 -0.30144259 -0.10546096  0.20211092  0.5732112   0.93503045  1.21467241
  1.33924081  1.23583941  0.83157194  0.06272998 -0.95986325 -1.96913213
 -2.69259027 -2.95105084 -2.82931129 -2.45853181 -1.96987259 -1.47773454
 -1.01132964 -0.57286904 -0.16455305  0.21141802  0.55284388  0.85752419
  1.12325866  1.34784698  1.53011299  1.67281054  1.77963601  1.85428579
  1.90045627  1.92184384  1.92214487  1.90505576  1.87427289  1.83349265
  1.78641142  1.73672559  1.68813156  1.64432569  1.60900439  1.58586403
  1.578601    1.59030607  1.62064899  1.66809954  1.73112619  1.80819741
  1.89778168  1.99834746  2.10836325  2.2262975   2.3506187   2.47979531
  2.61229581  2.74658868  2.88114238  3.0144254   3.14490621  3.27105327
  3.39133507  3.50422008  3.60817676  3.70167361  3.78317908  3.85116166
  3.90408982  3.94043202  3.95865675  3.95723249  3.93462769  3.88931084
  3.81975041  3.72441488  3.60177272  3.4502924 ]
d_x_fitting=[8.61326443e-01 1.09449360e+01 2.10285456e+01 3.11121551e+01
 4.11957647e+01 5.12793743e+01 6.13629838e+01 7.14465934e+01
 8.15302030e+01 9.16138125e+01 1.01697422e+02 1.11781032e+02
 1.21864641e+02 1.31948251e+02 1.42031860e+02 1.52115470e+02
 1.62199080e+02 1.72282689e+02 1.82366299e+02 1.92449908e+02
 2.02533518e+02 2.12617127e+02 2.22700737e+02 2.32784346e+02
 2.42867956e+02 2.52951566e+02 2.63035175e+02 2.73118785e+02
 2.83202394e+02 2.93286004e+02 3.03369613e+02 3.13453223e+02
 3.23536833e+02 3.33620442e+02 3.43704052e+02 3.53787661e+02
 3.63871271e+02 3.73954880e+02 3.84038490e+02 3.94122100e+02
 4.04205709e+02 4.14289319e+02 4.24372928e+02 4.34456538e+02
 4.44540147e+02 4.54623757e+02 4.64707367e+02 4.74790976e+02
 4.84874586e+02 4.94958195e+02 5.05041805e+02 5.15125414e+02
 5.25209024e+02 5.35292633e+02 5.45376243e+02 5.55459853e+02
 5.65543462e+02 5.75627072e+02 5.85710681e+02 5.95794291e+02
 6.05877900e+02 6.15961510e+02 6.26045120e+02 6.36128729e+02
 6.46212339e+02 6.56295948e+02 6.66379558e+02 6.76463167e+02
 6.86546777e+02 6.96630387e+02 7.06713996e+02 7.16797606e+02
 7.26881215e+02 7.36964825e+02 7.47048434e+02 7.57132044e+02
 7.67215654e+02 7.77299263e+02 7.87382873e+02 7.97466482e+02
 8.07550092e+02 8.17633701e+02 8.27717311e+02 8.37800920e+02
 8.47884530e+02 8.57968140e+02 8.68051749e+02 8.78135359e+02
 8.88218968e+02 8.98302578e+02 9.08386187e+02 9.18469797e+02
 9.28553407e+02 9.38637016e+02 9.48720626e+02 9.58804235e+02
 9.68887845e+02 9.78971454e+02 9.89055064e+02 9.99138674e+02]
d_y_fitting=[0.76023392 1.56693658 2.29802414 2.95667575 3.54607056 4.06938771
 4.52980635 4.93050562 5.27466469 5.56546268 5.80607875 5.99969204
 6.1494817  6.25862689 6.33030673 6.36770039 6.37419604 6.35720697
 6.32777966 6.29709093 6.27631761 6.27663654 6.30922454 6.38525844
 6.51591508 6.71126508 6.95403737 7.19852064 7.39767756 7.50447082
 7.47186308 7.25281702 6.80029532 6.06929394 5.10980455 4.10533528
 3.24941265 2.87390341 3.52008309 4.63635805 5.50918654 5.98867982
 6.18263292 6.20016866 6.15040985 6.1333746  6.17068586 6.24395879
 6.33448839 6.42416253 6.50498067 6.57741422 6.64219627 6.70005994
 6.75173831 6.79796448 6.83947155 6.87699261 6.91126076 6.94300909
 6.97297071 7.00187871 7.03046619 7.05946624 7.08961196 7.12163644
 7.15627279 7.19425409 7.23609834 7.28154166 7.33014258 7.38145961
 7.43505126 7.49047606 7.54729251 7.60505914 7.66333447 7.721677
 7.77964526 7.83679777 7.89269303 7.94688957 7.99894591 8.04842056
 8.09487203 8.13785885 8.17693953 8.21167259 8.24161655 8.26632992
 8.28537121 8.29829896 8.30467166 8.30404785 8.29598603 8.28004472
 8.25578245 8.22275772 8.18052905 8.12865497]