
p_x=[2.5839793281653747, 438.4151593453919, 541.7743324720069, 999.1386735572783]
p_y=[1.0588235294117645, 1.6470588235294112, 4.0, 3.2941176470588243]
a_x=[0.0, 439.2764857881137, 545.2196382428941, 992.2480620155038]
a_y=[-3.099415204678362, -2.9824561403508767, -1.3450292397660828, -2.163742690058479]
d_x=[0.8613264427217916, 429.801894918174, 545.2196382428941, 991.3867355727821]
d_y=[2.0467836257309946, 2.397660818713451, 4.502923976608187, 4.152046783625732]
p_x_fitting=[  2.58397933  12.65018836  22.71639739  32.78260643  42.84881546
  52.91502449  62.98123352  73.04744256  83.11365159  93.17986062
 103.24606965 113.31227869 123.37848772 133.44469675 143.51090578
 153.57711482 163.64332385 173.70953288 183.77574192 193.84195095
 203.90815998 213.97436901 224.04057805 234.10678708 244.17299611
 254.23920514 264.30541418 274.37162321 284.43783224 294.50404127
 304.57025031 314.63645934 324.70266837 334.7688774  344.83508644
 354.90129547 364.9675045  375.03371354 385.09992257 395.1661316
 405.23234063 415.29854967 425.3647587  435.43096773 445.49717676
 455.5633858  465.62959483 475.69580386 485.76201289 495.82822193
 505.89443096 515.96063999 526.02684902 536.09305806 546.15926709
 556.22547612 566.29168515 576.35789419 586.42410322 596.49031225
 606.55652129 616.62273032 626.68893935 636.75514838 646.82135742
 656.88756645 666.95377548 677.01998451 687.08619355 697.15240258
 707.21861161 717.28482064 727.35102968 737.41723871 747.48344774
 757.54965677 767.61586581 777.68207484 787.74828387 797.8144929
 807.88070194 817.94691097 828.01312    838.07932904 848.14553807
 858.2117471  868.27795613 878.34416517 888.4103742  898.47658323
 908.54279226 918.6090013  928.67521033 938.74141936 948.80762839
 958.87383743 968.94004646 979.00625549 989.07246452 999.13867356]
p_y_fitting=[ 1.05882353  0.71316054  0.39150697  0.0933527  -0.18181242 -0.4344985
 -0.6652157  -0.87447413 -1.06278394 -1.23065525 -1.37859819 -1.50712291
 -1.61673952 -1.70795817 -1.78128899 -1.83724211 -1.87632766 -1.89905577
 -1.90593658 -1.89748022 -1.87419682 -1.83659652 -1.78518945 -1.72048573
 -1.64299551 -1.55322891 -1.45169608 -1.33890713 -1.2153722  -1.08160143
 -0.93810495 -0.78539289 -0.62397539 -0.45436257 -0.27706457 -0.09259152
  0.09854645  0.2958392   0.4987766   0.70684852  0.91954482  1.13635538
  1.35677006  1.58027873  1.80637125  2.03453749  2.26426733  2.49505062
  2.72637724  2.95773705  3.18861992  3.41851572  3.64691431  3.87330556
  4.09717934  4.31802552  4.53533397  4.74859455  4.95729712  5.16093156
  5.35898774  5.55095552  5.73632476  5.91458534  6.08522713  6.24773999
  6.40161378  6.54633838  6.68140366  6.80629947  6.92051569  7.02354219
  7.11486883  7.19398548  7.26038201  7.31354829  7.35297417  7.37814954
  7.38856425  7.38370818  7.36307119  7.32614315  7.27241393  7.20137339
  7.1125114   7.00531784  6.87928256  6.73389543  6.56864632  6.3830251
  6.17652164  5.94862581  5.69882746  5.42661647  5.13148271  4.81291604
  4.47040633  4.10344345  3.71151727  3.29411765]
a_x_fitting=[  0.          10.0227077   20.04541539  30.06812309  40.09083079
  50.11353849  60.13624618  70.15895388  80.18166158  90.20436927
 100.22707697 110.24978467 120.27249237 130.29520006 140.31790776
 150.34061546 160.36332315 170.38603085 180.40873855 190.43144625
 200.45415394 210.47686164 220.49956934 230.52227703 240.54498473
 250.56769243 260.59040013 270.61310782 280.63581552 290.65852322
 300.68123091 310.70393861 320.72664631 330.74935401 340.7720617
 350.7947694  360.8174771  370.84018479 380.86289249 390.88560019
 400.90830789 410.93101558 420.95372328 430.97643098 440.99913867
 451.02184637 461.04455407 471.06726176 481.08996946 491.11267716
 501.13538486 511.15809255 521.18080025 531.20350795 541.22621564
 551.24892334 561.27163104 571.29433874 581.31704643 591.33975413
 601.36246183 611.38516952 621.40787722 631.43058492 641.45329262
 651.47600031 661.49870801 671.52141571 681.5441234  691.5668311
 701.5895388  711.6122465  721.63495419 731.65766189 741.68036959
 751.70307728 761.72578498 771.74849268 781.77120038 791.79390807
 801.81661577 811.83932347 821.86203116 831.88473886 841.90744656
 851.93015426 861.95286195 871.97556965 881.99827735 892.02098504
 902.04369274 912.06640044 922.08910814 932.11181583 942.13452353
 952.15723123 962.17993892 972.20264662 982.22535432 992.24806202]
a_y_fitting=[-3.0994152  -3.3538007  -3.59116363 -3.81186396 -4.01626162 -4.20471655
 -4.37758869 -4.53523799 -4.6780244  -4.80630784 -4.92044827 -5.02080563
 -5.10773985 -5.18161089 -5.24277867 -5.29160316 -5.32844428 -5.35366197
 -5.36761619 -5.37066688 -5.36317397 -5.34549741 -5.31799713 -5.28103309
 -5.23496523 -5.18015348 -5.11695779 -5.0457381  -4.96685436 -4.8806665
 -4.78753447 -4.6878182  -4.58187765 -4.47007276 -4.35276346 -4.23030969
 -4.10307141 -3.97140856 -3.83568106 -3.69624888 -3.55347194 -3.40771019
 -3.25932358 -3.10867204 -2.95611553 -2.80201397 -2.64672731 -2.4906155
 -2.33403848 -2.17735618 -2.02092856 -1.86511555 -1.71027709 -1.55677313
 -1.40496361 -1.25520848 -1.10786766 -0.96330112 -0.82186878 -0.68393059
 -0.54984649 -0.41997643 -0.29468035 -0.17431819 -0.05924989  0.05016461
  0.15356537  0.25059243  0.34088587  0.42408573  0.49983208  0.56776497
  0.62752446  0.67875061  0.72108348  0.75416312  0.7776296   0.79112296
  0.79428328  0.7867506   0.76816498  0.73816649  0.69639517  0.6424911
  0.57609431  0.49684488  0.40438286  0.29834831  0.17838129  0.04412185
 -0.10478995 -0.26871405 -0.44801038 -0.64303891 -0.85415956 -1.08173228
 -1.32611701 -1.58767369 -1.86676227 -2.16374269]
d_x_fitting=[8.61326443e-01 1.08666336e+01 2.08719408e+01 3.08772479e+01
 4.08825551e+01 5.08878623e+01 6.08931694e+01 7.08984766e+01
 8.09037837e+01 9.09090909e+01 1.00914398e+02 1.10919705e+02
 1.20925012e+02 1.30930320e+02 1.40935627e+02 1.50940934e+02
 1.60946241e+02 1.70951548e+02 1.80956855e+02 1.90962163e+02
 2.00967470e+02 2.10972777e+02 2.20978084e+02 2.30983391e+02
 2.40988698e+02 2.50994006e+02 2.60999313e+02 2.71004620e+02
 2.81009927e+02 2.91015234e+02 3.01020541e+02 3.11025848e+02
 3.21031156e+02 3.31036463e+02 3.41041770e+02 3.51047077e+02
 3.61052384e+02 3.71057691e+02 3.81062999e+02 3.91068306e+02
 4.01073613e+02 4.11078920e+02 4.21084227e+02 4.31089534e+02
 4.41094842e+02 4.51100149e+02 4.61105456e+02 4.71110763e+02
 4.81116070e+02 4.91121377e+02 5.01126685e+02 5.11131992e+02
 5.21137299e+02 5.31142606e+02 5.41147913e+02 5.51153220e+02
 5.61158528e+02 5.71163835e+02 5.81169142e+02 5.91174449e+02
 6.01179756e+02 6.11185063e+02 6.21190371e+02 6.31195678e+02
 6.41200985e+02 6.51206292e+02 6.61211599e+02 6.71216906e+02
 6.81222214e+02 6.91227521e+02 7.01232828e+02 7.11238135e+02
 7.21243442e+02 7.31248749e+02 7.41254056e+02 7.51259364e+02
 7.61264671e+02 7.71269978e+02 7.81275285e+02 7.91280592e+02
 8.01285899e+02 8.11291207e+02 8.21296514e+02 8.31301821e+02
 8.41307128e+02 8.51312435e+02 8.61317742e+02 8.71323050e+02
 8.81328357e+02 8.91333664e+02 9.01338971e+02 9.11344278e+02
 9.21349585e+02 9.31354893e+02 9.41360200e+02 9.51365507e+02
 9.61370814e+02 9.71376121e+02 9.81381428e+02 9.91386736e+02]
d_y_fitting=[ 2.04678363e+00  1.77183378e+00  1.51585382e+00  1.27844402e+00
  1.05920463e+00  8.57735934e-01  6.73638192e-01  5.06511673e-01
  3.55956645e-01  2.21573376e-01  1.02962134e-01 -2.76814886e-04
 -8.85432017e-02 -1.62236759e-01 -2.21757219e-01 -2.67504315e-01
 -2.99877778e-01 -3.19277341e-01 -3.26102736e-01 -3.20753695e-01
 -3.03629951e-01 -2.75131236e-01 -2.35657283e-01 -1.85607823e-01
 -1.25382590e-01 -5.53813146e-02  2.39962699e-02  1.12350431e-01
  2.09281438e-01  3.14389556e-01  4.27275055e-01  5.47538202e-01
  6.74779263e-01  8.08598508e-01  9.48596204e-01  1.09437262e+00
  1.24552802e+00  1.40166267e+00  1.56237685e+00  1.72727081e+00
  1.89594484e+00  2.06799918e+00  2.24303412e+00  2.42064992e+00
  2.60044685e+00  2.78202517e+00  2.96498515e+00  3.14892707e+00
  3.33345118e+00  3.51815776e+00  3.70264708e+00  3.88651939e+00
  4.06937497e+00  4.25081410e+00  4.43043702e+00  4.60784402e+00
  4.78263536e+00  4.95441130e+00  5.12277212e+00  5.28731808e+00
  5.44764946e+00  5.60336651e+00  5.75406951e+00  5.89935872e+00
  6.03883441e+00  6.17209685e+00  6.29874631e+00  6.41838305e+00
  6.53060735e+00  6.63501946e+00  6.73121966e+00  6.81880822e+00
  6.89738540e+00  6.96655147e+00  7.02590670e+00  7.07505135e+00
  7.11358570e+00  7.14111001e+00  7.15722455e+00  7.16152958e+00
  7.15362538e+00  7.13311221e+00  7.09959034e+00  7.05266004e+00
  6.99192157e+00  6.91697521e+00  6.82742121e+00  6.72285986e+00
  6.60289141e+00  6.46711613e+00  6.31513429e+00  6.14654617e+00
  5.96095201e+00  5.75795211e+00  5.53714671e+00  5.29813610e+00
  5.04052053e+00  4.76390028e+00  4.46787560e+00  4.15204678e+00]