
p_x=[2.5839793281653747, 104.22049956933678, 163.6520241171404, 230.83548664944016, 321.2747631352282, 354.00516795865633, 436.69250645994833, 528.85443583118, 552.9715762273901, 677.8639104220499, 832.0413436692506, 888.8888888888888, 999.1386735572783]
p_y=[2.3529411764705888, 2.8235294117647056, 6.235294117647059, 5.764705882352941, 5.764705882352941, 3.5294117647058822, 4.470588235294118, 2.7058823529411766, 3.4117647058823533, 5.647058823529411, 5.882352941176471, 4.0, 4.0]
a_x=[5.167958656330749, 100.7751937984496, 162.79069767441862, 317.82945736434107, 354.00516795865633, 439.2764857881137, 523.6864771748493, 554.6942291128337, 563.3074935400517, 659.7760551248923, 831.1800172265289, 885.4435831180017, 1000.0]
a_y=[-2.0467836257309955, -3.099415204678362, 0.4093567251461998, 0.7602339181286553, -1.2280701754385959, -0.9941520467836256, -1.1111111111111107, -0.1754385964912295, 0.058479532163742576, 1.3450292397660828, 1.9298245614035086, -0.7602339181286553, -0.6432748538011701]
d_x=[0.0, 102.4978466838932, 167.09732988802756, 316.1068044788975, 346.2532299741602, 439.2764857881137, 515.9345391903531, 558.1395348837209, 596.8992248062015, 662.3600344530577, 817.3987941429803, 887.1662360034453, 889.7502153316107, 953.4883720930233, 1000.0]
d_y=[1.461988304093568, 2.1637426900584797, 5.7894736842105265, 6.140350877192983, 4.152046783625732, 3.0994152046783627, 2.514619883040936, 4.269005847953217, 5.087719298245615, 6.7251461988304095, 6.023391812865498, 8.596491228070175, 8.47953216374269, 7.426900584795321, 6.374269005847953]
p_x_fitting=[  2.58397933  12.65018836  22.71639739  32.78260643  42.84881546
  52.91502449  62.98123352  73.04744256  83.11365159  93.17986062
 103.24606965 113.31227869 123.37848772 133.44469675 143.51090578
 153.57711482 163.64332385 173.70953288 183.77574192 193.84195095
 203.90815998 213.97436901 224.04057805 234.10678708 244.17299611
 254.23920514 264.30541418 274.37162321 284.43783224 294.50404127
 304.57025031 314.63645934 324.70266837 334.7688774  344.83508644
 354.90129547 364.9675045  375.03371354 385.09992257 395.1661316
 405.23234063 415.29854967 425.3647587  435.43096773 445.49717676
 455.5633858  465.62959483 475.69580386 485.76201289 495.82822193
 505.89443096 515.96063999 526.02684902 536.09305806 546.15926709
 556.22547612 566.29168515 576.35789419 586.42410322 596.49031225
 606.55652129 616.62273032 626.68893935 636.75514838 646.82135742
 656.88756645 666.95377548 677.01998451 687.08619355 697.15240258
 707.21861161 717.28482064 727.35102968 737.41723871 747.48344774
 757.54965677 767.61586581 777.68207484 787.74828387 797.8144929
 807.88070194 817.94691097 828.01312    838.07932904 848.14553807
 858.2117471  868.27795613 878.34416517 888.4103742  898.47658323
 908.54279226 918.6090013  928.67521033 938.74141936 948.80762839
 958.87383743 968.94004646 979.00625549 989.07246452 999.13867356]
p_y_fitting=[ 2.35294118e+00  1.29069990e+00  5.67991847e-01  1.49342089e-01
 -7.24300153e-04  8.23177500e-02  3.62993312e-01  8.05827458e-01
  1.37534526e+00  2.03607179e+00  2.75253212e+00  3.48925132e+00
  4.21075446e+00  4.88156663e+00  5.46621288e+00  5.92921828e+00
  6.23510793e+00  6.36229649e+00  6.34490138e+00  6.23100184e+00
  6.06867712e+00  5.90600644e+00  5.79106906e+00  5.77142394e+00
  5.86145055e+00  6.02293815e+00  6.21301354e+00  6.38880351e+00
  6.50743487e+00  6.52603441e+00  6.40172892e+00  6.09164521e+00
  5.55434124e+00  4.82995483e+00  4.08266562e+00  3.48701951e+00
  3.16723923e+00  3.09312701e+00  3.20496423e+00  3.44303233e+00
  3.74761271e+00  4.05898678e+00  4.31743594e+00  4.46324163e+00
  4.44800011e+00  4.28944859e+00  4.02928694e+00  3.70924830e+00
  3.37106582e+00  3.05647263e+00  2.80720189e+00  2.66498673e+00
  2.67156030e+00  2.85974084e+00  3.17620502e+00  3.51996828e+00
  3.82808929e+00  4.09905207e+00  4.33682025e+00  4.54535749e+00
  4.72862745e+00  4.89059378e+00  5.03522014e+00  5.16647018e+00
  5.28830754e+00  5.40469590e+00  5.51959889e+00  5.63698018e+00
  5.75978074e+00  5.88567563e+00  6.01064982e+00  6.13068750e+00
  6.24177285e+00  6.33989005e+00  6.42102330e+00  6.48115678e+00
  6.51627467e+00  6.52236116e+00  6.49540045e+00  6.43137670e+00
  6.32627411e+00  6.17607687e+00  5.97676916e+00  5.72493987e+00
  5.42623226e+00  5.09326285e+00  4.73882770e+00  4.37572289e+00
  4.01674447e+00  3.67468853e+00  3.36235112e+00  3.09252832e+00
  2.87801619e+00  2.73161081e+00  2.66610824e+00  2.69430456e+00
  2.82899582e+00  3.08297810e+00  3.46904747e+00  4.00000000e+00]
a_x_fitting=[   5.16795866   15.21676715   25.26557565   35.31438415   45.36319265
   55.41200115   65.46080965   75.50961815   85.55842664   95.60723514
  105.65604364  115.70485214  125.75366064  135.80246914  145.85127763
  155.90008613  165.94889463  175.99770313  186.04651163  196.09532013
  206.14412862  216.19293712  226.24174562  236.29055412  246.33936262
  256.38817112  266.43697962  276.48578811  286.53459661  296.58340511
  306.63221361  316.68102211  326.72983061  336.7786391   346.8274476
  356.8762561   366.9250646   376.9738731   387.0226816   397.07149009
  407.12029859  417.16910709  427.21791559  437.26672409  447.31553259
  457.36434109  467.41314958  477.46195808  487.51076658  497.55957508
  507.60838358  517.65719208  527.70600057  537.75480907  547.80361757
  557.85242607  567.90123457  577.95004307  587.99885156  598.04766006
  608.09646856  618.14527706  628.19408556  638.24289406  648.29170256
  658.34051105  668.38931955  678.43812805  688.48693655  698.53574505
  708.58455355  718.63336204  728.68217054  738.73097904  748.77978754
  758.82859604  768.87740454  778.92621303  788.97502153  799.02383003
  809.07263853  819.12144703  829.17025553  839.21906403  849.26787252
  859.31668102  869.36548952  879.41429802  889.46310652  899.51191502
  909.56072351  919.60953201  929.65834051  939.70714901  949.75595751
  959.80476601  969.8535745   979.902383    989.9511915  1000.        ]
a_y_fitting=[-2.04678363 -2.92904621 -3.58162214 -4.02384751 -4.27505841 -4.35459094
 -4.28178119 -4.07596525 -3.75647923 -3.34265921 -2.85384129 -2.30936157
 -1.72855613 -1.13076107 -0.53531249  0.03845352  0.57129018  1.05012429
  1.47195263  1.83469949  2.13628915  2.37464591  2.54769406  2.65335788
  2.68956167  2.65422972  2.54528632  2.36065576  2.09826232  1.75603031
  1.33188402  0.82374772  0.23856327 -0.36577439 -0.91349232 -1.32921709
 -1.57407287 -1.67348652 -1.65943039 -1.56387684 -1.41879822 -1.25616687
 -1.10795514 -1.00613539 -0.97784438 -1.01448088 -1.09142578 -1.18398442
 -1.26746213 -1.31716426 -1.30839613 -1.21646308 -1.01758553 -0.72355769
 -0.39238537 -0.0847398   0.16773783  0.37515838  0.54538146  0.6859162
  0.80427172  0.90795714  1.00448159  1.1013542   1.20608408  1.32618038
  1.46770697  1.62780883  1.80023197  1.97871569  2.15699932  2.32882215
  2.48792352  2.62804272  2.74291908  2.82629191  2.87190052  2.87348422
  2.82478233  2.71953416  2.55147903  2.31435625  2.00190513  1.61005247
  1.15089198  0.64376343  0.10804076 -0.43690208 -0.97169117 -1.47695254
 -1.93331227 -2.32139639 -2.62183099 -2.8152421  -2.88225578 -2.8034981
 -2.55959511 -2.13117287 -1.49885743 -0.64327485]
d_x_fitting=[   0.           10.1010101    20.2020202    30.3030303    40.4040404
   50.50505051   60.60606061   70.70707071   80.80808081   90.90909091
  101.01010101  111.11111111  121.21212121  131.31313131  141.41414141
  151.51515152  161.61616162  171.71717172  181.81818182  191.91919192
  202.02020202  212.12121212  222.22222222  232.32323232  242.42424242
  252.52525253  262.62626263  272.72727273  282.82828283  292.92929293
  303.03030303  313.13131313  323.23232323  333.33333333  343.43434343
  353.53535354  363.63636364  373.73737374  383.83838384  393.93939394
  404.04040404  414.14141414  424.24242424  434.34343434  444.44444444
  454.54545455  464.64646465  474.74747475  484.84848485  494.94949495
  505.05050505  515.15151515  525.25252525  535.35353535  545.45454545
  555.55555556  565.65656566  575.75757576  585.85858586  595.95959596
  606.06060606  616.16161616  626.26262626  636.36363636  646.46464646
  656.56565657  666.66666667  676.76767677  686.86868687  696.96969697
  707.07070707  717.17171717  727.27272727  737.37373737  747.47474747
  757.57575758  767.67676768  777.77777778  787.87878788  797.97979798
  808.08080808  818.18181818  828.28282828  838.38383838  848.48484848
  858.58585859  868.68686869  878.78787879  888.88888889  898.98989899
  909.09090909  919.19191919  929.29292929  939.39393939  949.49494949
  959.5959596   969.6969697   979.7979798   989.8989899  1000.        ]
d_y_fitting=[1.4619883  0.93326666 0.5722448  0.36530695 0.29883733 0.35922019
 0.53283975 0.80608024 1.16532589 1.59696092 2.08736958 2.62293609
 3.19004467 3.77507956 4.364425   4.9444652  5.5015844  6.02230853
 6.49718137 6.92123744 7.28974794 7.59798407 7.84121702 8.01471799
 8.11375818 8.13360878 8.06954098 7.91682599 7.67073499 7.3265392
 6.87950979 6.32491797 5.66409181 4.95971594 4.31014552 3.80621321
 3.46228391 3.25009587 3.14092543 3.10604892 3.11674267 3.14428302
 3.15994631 3.13500885 3.04215856 2.88484293 2.69635003 2.51119561
 2.3638954  2.28896516 2.32092063 2.49427756 2.82902984 3.2718162
 3.74616651 4.17560203 4.49270061 4.71041352 4.88374119 5.06805192
 5.30838821 5.59511784 5.90058047 6.19710458 6.45701869 6.65265129
 6.75691361 6.76220482 6.68454681 6.54138077 6.35014788 6.12828935
 5.89324636 5.66246009 5.45337175 5.28342251 5.17005357 5.13070613
 5.18282136 5.34384046 5.63120463 6.06234708 6.63336874 7.27265451
 7.89518386 8.41593624 8.74989111 8.81202791 8.51927619 8.11756929
 7.84355974 7.66863524 7.56394551 7.50064029 7.44986933 7.38278235
 7.27052909 7.08425929 6.79512268 6.37426901]