
p_x=[1.7226528854435832, 188.63049095607235, 384.151593453919, 484.0654608096469, 551.2489233419467, 708.0103359173127, 778.6391042204996, 992.2480620155038]
p_y=[1.882352941176471, 4.588235294117648, 4.352941176470589, 3.4117647058823533, 3.647058823529412, 6.352941176470589, 6.117647058823529, 6.235294117647059]
a_x=[4.3066322136089585, 191.2144702842377, 395.3488372093023, 472.0068906115418, 538.3290267011197, 711.4556416881999, 770.0258397932816, 893.1955211024979, 994.8320413436692]
a_y=[-2.397660818713449, -1.2280701754385959, 0.058479532163742576, -2.163742690058479, -2.280701754385966, -2.514619883040936, 1.1111111111111107, 2.1637426900584797, 2.1637426900584797]
d_x=[3.4453057708871664, 185.18518518518516, 388.458225667528, 448.7510766580534, 465.9776055124892, 535.7450473729543, 627.0456503014643, 706.287683031869, 765.7192075796727, 891.4728682170543, 992.2480620155038]
d_y=[1.9298245614035086, 5.321637426900585, 4.853801169590644, 5.087719298245615, 3.450292397660819, 4.269005847953217, 4.502923976608187, 6.374269005847953, 6.140350877192983, 6.374269005847953, 6.608187134502924]
p_x_fitting=[  1.72265289  11.72796005  21.73326721  31.73857437  41.74388154
  51.7491887   61.75449586  71.75980303  81.76511019  91.77041735
 101.77572451 111.78103168 121.78633884 131.791646   141.79695317
 151.80226033 161.80756749 171.81287466 181.81818182 191.82348898
 201.82879614 211.83410331 221.83941047 231.84471763 241.8500248
 251.85533196 261.86063912 271.86594628 281.87125345 291.87656061
 301.88186777 311.88717494 321.8924821  331.89778926 341.90309643
 351.90840359 361.91371075 371.91901791 381.92432508 391.92963224
 401.9349394  411.94024657 421.94555373 431.95086089 441.95616805
 451.96147522 461.96678238 471.97208954 481.97739671 491.98270387
 501.98801103 511.99331819 521.99862536 532.00393252 542.00923968
 552.01454685 562.01985401 572.02516117 582.03046834 592.0357755
 602.04108266 612.04638982 622.05169699 632.05700415 642.06231131
 652.06761848 662.07292564 672.0782328  682.08353996 692.08884713
 702.09415429 712.09946145 722.10476862 732.11007578 742.11538294
 752.12069011 762.12599727 772.13130443 782.13661159 792.14191876
 802.14722592 812.15253308 822.15784025 832.16314741 842.16845457
 852.17376173 862.1790689  872.18437606 882.18968322 892.19499039
 902.20029755 912.20560471 922.21091187 932.21621904 942.2215262
 952.22683336 962.23214053 972.23744769 982.24275485 992.24806202]
p_y_fitting=[1.88235294 2.09475619 2.29977213 2.49735503 2.68745913 2.8700387
 3.04504799 3.21244126 3.37217278 3.52419679 3.66846756 3.80493934
 3.9335664  4.05430298 4.16710336 4.27192178 4.3687125  4.45742979
 4.5380279  4.61046108 4.6746836  4.73064972 4.77831369 4.81762977
 4.84855222 4.87103529 4.88503325 4.89050035 4.88739085 4.87565901
 4.85525909 4.82614534 4.78827202 4.7415934  4.68606372 4.62163725
 4.54826824 4.46591096 4.37451965 4.27428341 4.16725855 4.0563928
 3.94463937 3.83495151 3.73028244 3.6335854  3.5478136  3.47592029
 3.4208587  3.38542623 3.37123608 3.37935755 3.4108571  3.4668012
 3.54825631 3.65628851 3.79091635 3.94882336 4.12603084 4.31856009
 4.52243242 4.73366912 4.94829151 5.16232089 5.37177855 5.5726858
 5.76106395 5.9329343  6.08431815 6.2112368  6.30971156 6.37584509
 6.4087465  6.4113421  6.38680458 6.33830667 6.26902108 6.18212052
 6.0807777  5.96816535 5.84745617 5.72182288 5.59443819 5.46847481
 5.34710546 5.23350286 5.13083971 5.04228874 4.97102264 4.92021415
 4.89303596 4.89266081 4.92226139 4.98501042 5.08408062 5.22264471
 5.40387538 5.63094537 5.90702737 6.23529412]
a_x_fitting=[  4.30663221  14.31193938  24.31724654  34.3225537   44.32786087
  54.33316803  64.33847519  74.34378235  84.34908952  94.35439668
 104.35970384 114.36501101 124.37031817 134.37562533 144.38093249
 154.38623966 164.39154682 174.39685398 184.40216115 194.40746831
 204.41277547 214.41808264 224.4233898  234.42869696 244.43400412
 254.43931129 264.44461845 274.44992561 284.45523278 294.46053994
 304.4658471  314.47115426 324.47646143 334.48176859 344.48707575
 354.49238292 364.49769008 374.50299724 384.5083044  394.51361157
 404.51891873 414.52422589 424.52953306 434.53484022 444.54014738
 454.54545455 464.55076171 474.55606887 484.56137603 494.5666832
 504.57199036 514.57729752 524.58260469 534.58791185 544.59321901
 554.59852617 564.60383334 574.6091405  584.61444766 594.61975483
 604.62506199 614.63036915 624.63567632 634.64098348 644.64629064
 654.6515978  664.65690497 674.66221213 684.66751929 694.67282646
 704.67813362 714.68344078 724.68874794 734.69405511 744.69936227
 754.70466943 764.7099766  774.71528376 784.72059092 794.72589809
 804.73120525 814.73651241 824.74181957 834.74712674 844.7524339
 854.75774106 864.76304823 874.76835539 884.77366255 894.77896971
 904.78427688 914.78958404 924.7948912  934.80019837 944.80550553
 954.81081269 964.81611985 974.82142702 984.82673418 994.83204134]
a_y_fitting=[-2.39766082 -2.61586459 -2.7884007  -2.91776956 -3.0064716  -3.05700724
 -3.0718769  -3.05358102 -3.00462001 -2.92749429 -2.8247043  -2.69875044
 -2.55213316 -2.38735286 -2.20690997 -2.01330493 -1.80903814 -1.59661004
 -1.37852104 -1.15727158 -0.93536207 -0.71529294 -0.49956461 -0.2906775
 -0.09113204  0.09657134  0.26993224  0.42645021  0.56362484  0.6789557
  0.76994238  0.83408444  0.86888147  0.87183304  0.84043872  0.7721981
  0.66461074  0.51517624  0.32139416  0.08076407 -0.20667947 -0.52786336
 -0.86553414 -1.20243648 -1.52131502 -1.80491442 -2.03597931 -2.19735813
 -2.28387994 -2.31333862 -2.30612472 -2.2826288  -2.26324139 -2.26835305
 -2.31712426 -2.4120851  -2.54381484 -2.70263073 -2.87885    -3.06278991
 -3.24476768 -3.41510056 -3.5641058  -3.68210062 -3.75940229 -3.78632803
 -3.75319508 -3.6503207  -3.46802212 -3.19661657 -2.82642131 -2.34801924
 -1.76923688 -1.12540619 -0.45431856  0.20623468  0.81846215  1.34536693
  1.77121878  2.10336425  2.35030712  2.52055114  2.62260011  2.66495778
  2.65612793  2.60461434  2.51892077  2.40755099  2.27900878  2.14179791
  2.00442215  1.87538528  1.76319106  1.67634326  1.62334567  1.61270205
  1.65291616  1.7524918   1.91993271  2.16374269]
d_x_fitting=[  3.44530577  13.4332124   23.42111903  33.40902566  43.39693229
  53.38483891  63.37274554  73.36065217  83.3485588   93.33646543
 103.32437206 113.31227869 123.30018532 133.28809194 143.27599857
 153.2639052  163.25181183 173.23971846 183.22762509 193.21553172
 203.20343835 213.19134497 223.1792516  233.16715823 243.15506486
 253.14297149 263.13087812 273.11878475 283.10669138 293.094598
 303.08250463 313.07041126 323.05831789 333.04622452 343.03413115
 353.02203778 363.00994441 372.99785103 382.98575766 392.97366429
 402.96157092 412.94947755 422.93738418 432.92529081 442.91319744
 452.90110406 462.88901069 472.87691732 482.86482395 492.85273058
 502.84063721 512.82854384 522.81645047 532.80435709 542.79226372
 552.78017035 562.76807698 572.75598361 582.74389024 592.73179687
 602.71970349 612.70761012 622.69551675 632.68342338 642.67133001
 652.65923664 662.64714327 672.6350499  682.62295652 692.61086315
 702.59876978 712.58667641 722.57458304 732.56248967 742.5503963
 752.53830293 762.52620955 772.51411618 782.50202281 792.48992944
 802.47783607 812.4657427  822.45364933 832.44155596 842.42946258
 852.41736921 862.40527584 872.39318247 882.3810891  892.36899573
 902.35690236 912.34480899 922.33271561 932.32062224 942.30852887
 952.2964355  962.28434213 972.27224876 982.26015539 992.24806202]
d_y_fitting=[1.92982456 2.62459673 3.23942501 3.77816548 4.24467418 4.64280718
 4.97642053 5.24937031 5.46551257 5.62870336 5.74279876 5.81165481
 5.83912759 5.82907315 5.78534754 5.71180684 5.61230711 5.49070439
 5.35085476 5.19661427 5.03183898 4.86038495 4.68610826 4.51286494
 4.34451107 4.1849027  4.0378959  3.90734673 3.79711124 3.7110455
 3.65300556 3.62684749 3.63642735 3.6856012  3.77822509 3.9181551
 4.10924727 4.35535767 4.66034236 5.02666014 5.41605867 5.74415094
 5.92406262 5.86891937 5.49184689 4.71346574 3.72074365 2.99829688
 2.68336024 2.69045247 2.93099436 3.31640667 3.75811019 4.16752571
 4.4628273  4.6305649  4.69702384 4.68898016 4.63320987 4.55648899
 4.48559356 4.4472996  4.46838312 4.5740978  4.7633744  5.01289947
 5.29866022 5.59664383 5.8828375  6.13322843 6.32380381 6.43237944
 6.46106655 6.42922535 6.35658333 6.26286799 6.16780683 6.08998371
 6.03532512 6.00188438 5.98759616 5.99039511 6.00821587 6.03899311
 6.08066148 6.13115563 6.18841022 6.25035989 6.31493931 6.38008313
 6.44372601 6.50380259 6.55824753 6.60499548 6.6419811  6.66713905
 6.67840397 6.67371052 6.65099336 6.60818713]