
p_x=[3.4453057708871664, 199.82773471145566, 671.8346253229975, 995.693367786391]
p_y=[2.8235294117647056, 2.7058823529411766, 2.9411764705882346, 2.4705882352941178]
a_x=[0.8613264427217916, 198.96640826873386, 664.0826873385013, 995.693367786391]
a_y=[-2.163742690058479, -2.6315789473684212, -2.514619883040936, -2.0467836257309955]
d_x=[0.0, 205.85701981050818, 674.4186046511628, 995.693367786391]
d_y=[1.8128654970760234, 2.0467836257309946, 2.6315789473684212, 2.1637426900584797]
p_x_fitting=[  3.44530577  13.46801347  23.49072117  33.51342886  43.53613656
  53.55884426  63.58155195  73.60425965  83.62696735  93.64967505
 103.67238274 113.69509044 123.71779814 133.74050583 143.76321353
 153.78592123 163.80862892 173.83133662 183.85404432 193.87675202
 203.89945971 213.92216741 223.94487511 233.9675828  243.9902905
 254.0129982  264.0357059  274.05841359 284.08112129 294.10382899
 304.12653668 314.14924438 324.17195208 334.19465978 344.21736747
 354.24007517 364.26278287 374.28549056 384.30819826 394.33090596
 404.35361366 414.37632135 424.39902905 434.42173675 444.44444444
 454.46715214 464.48985984 474.51256754 484.53527523 494.55798293
 504.58069063 514.60339832 524.62610602 534.64881372 544.67152142
 554.69422911 564.71693681 574.73964451 584.7623522  594.7850599
 604.8077676  614.8304753  624.85318299 634.87589069 644.89859839
 654.92130608 664.94401378 674.96672148 684.98942918 695.01213687
 705.03484457 715.05755227 725.08025996 735.10296766 745.12567536
 755.14838306 765.17109075 775.19379845 785.21650615 795.23921384
 805.26192154 815.28462924 825.30733694 835.33004463 845.35275233
 855.37546003 865.39816772 875.42087542 885.44358312 895.46629082
 905.48899851 915.51170621 925.53441391 935.5571216  945.5798293
 955.602537   965.6252447  975.64795239 985.67066009 995.69336779]
p_y_fitting=[2.82352941 2.80938383 2.79626014 2.7841334  2.77297868 2.76277107
 2.75348564 2.74509746 2.73758159 2.73091313 2.72506714 2.72001869
 2.71574286 2.71221472 2.70940934 2.70730181 2.70586719 2.70508055
 2.70491697 2.70535153 2.70635929 2.70791533 2.70999473 2.71257256
 2.71562388 2.71912379 2.72304734 2.72736961 2.73206568 2.73711062
 2.7424795  2.7481474  2.75408939 2.76028054 2.76669593 2.77331063
 2.78009972 2.78703826 2.79410134 2.80126402 2.80850139 2.8157885
 2.82310045 2.83041229 2.83769911 2.84493597 2.85209796 2.85916014
 2.86609759 2.87288538 2.87949858 2.88591228 2.89210154 2.89804143
 2.90370704 2.90907343 2.91411568 2.91880886 2.92312804 2.9270483
 2.93054471 2.93359235 2.93616629 2.9382416  2.93979336 2.94079664
 2.94122651 2.94105805 2.94026633 2.93882642 2.9367134  2.93390235
 2.93036833 2.92608642 2.92103169 2.91517922 2.90850407 2.90098134
 2.89258608 2.88329337 2.87307828 2.86191589 2.84978128 2.83664951
 2.82249566 2.8072948  2.791022   2.77365235 2.75516091 2.73552276
 2.71471297 2.69270661 2.66947877 2.6450045  2.61925889 2.592217
 2.56385392 2.53414472 2.50306447 2.47058824]
a_x_fitting=[8.61326443e-01 1.09101349e+01 2.09589434e+01 3.10077519e+01
 4.10565604e+01 5.11053689e+01 6.11541774e+01 7.12029859e+01
 8.12517944e+01 9.13006029e+01 1.01349411e+02 1.11398220e+02
 1.21447028e+02 1.31495837e+02 1.41544645e+02 1.51593454e+02
 1.61642262e+02 1.71691071e+02 1.81739879e+02 1.91788688e+02
 2.01837496e+02 2.11886305e+02 2.21935113e+02 2.31983922e+02
 2.42032730e+02 2.52081539e+02 2.62130347e+02 2.72179156e+02
 2.82227964e+02 2.92276773e+02 3.02325581e+02 3.12374390e+02
 3.22423198e+02 3.32472007e+02 3.42520815e+02 3.52569624e+02
 3.62618432e+02 3.72667241e+02 3.82716049e+02 3.92764858e+02
 4.02813666e+02 4.12862475e+02 4.22911283e+02 4.32960092e+02
 4.43008900e+02 4.53057709e+02 4.63106517e+02 4.73155326e+02
 4.83204134e+02 4.93252943e+02 5.03301751e+02 5.13350560e+02
 5.23399368e+02 5.33448177e+02 5.43496985e+02 5.53545794e+02
 5.63594602e+02 5.73643411e+02 5.83692219e+02 5.93741028e+02
 6.03789836e+02 6.13838645e+02 6.23887453e+02 6.33936262e+02
 6.43985070e+02 6.54033879e+02 6.64082687e+02 6.74131496e+02
 6.84180304e+02 6.94229113e+02 7.04277921e+02 7.14326730e+02
 7.24375538e+02 7.34424347e+02 7.44473155e+02 7.54521964e+02
 7.64570772e+02 7.74619581e+02 7.84668389e+02 7.94717198e+02
 8.04766006e+02 8.14814815e+02 8.24863623e+02 8.34912432e+02
 8.44961240e+02 8.55010049e+02 8.65058857e+02 8.75107666e+02
 8.85156474e+02 8.95205283e+02 9.05254091e+02 9.15302900e+02
 9.25351708e+02 9.35400517e+02 9.45449325e+02 9.55498134e+02
 9.65546942e+02 9.75595751e+02 9.85644559e+02 9.95693368e+02]
a_y_fitting=[-2.16374269 -2.19800183 -2.23104601 -2.26289045 -2.29355034 -2.3230409
 -2.35137733 -2.37857485 -2.40464864 -2.42961393 -2.45348591 -2.4762798
 -2.4980108  -2.51869412 -2.53834497 -2.55697854 -2.57461005 -2.59125471
 -2.60692771 -2.62164427 -2.6354196  -2.64826889 -2.66020736 -2.67125022
 -2.68141266 -2.6907099  -2.69915714 -2.70676959 -2.71356246 -2.71955095
 -2.72475027 -2.72917562 -2.73284222 -2.73576526 -2.73795996 -2.73944152
 -2.74022514 -2.74032604 -2.73975943 -2.7385405  -2.73668446 -2.73420652
 -2.73112189 -2.72744578 -2.72319338 -2.71837992 -2.71302058 -2.70713058
 -2.70072513 -2.69381944 -2.6864287  -2.67856813 -2.67025293 -2.66149831
 -2.65231947 -2.64273163 -2.63274998 -2.62238974 -2.61166611 -2.6005943
 -2.58918952 -2.57746696 -2.56544185 -2.55312937 -2.54054475 -2.52770318
 -2.51461988 -2.50131005 -2.4877889  -2.47407163 -2.46017344 -2.44610956
 -2.43189518 -2.41754551 -2.40307575 -2.38850111 -2.37383681 -2.35909804
 -2.34430001 -2.32945793 -2.31458701 -2.29970245 -2.28481945 -2.26995324
 -2.255119   -2.24033195 -2.22560729 -2.21096024 -2.19640599 -2.18195976
 -2.16763674 -2.15345216 -2.13942121 -2.12555909 -2.11188103 -2.09840221
 -2.08513786 -2.07210317 -2.05931336 -2.04678363]
d_x_fitting=[  0.          10.05750877  20.11501753  30.1725263   40.23003506
  50.28754383  60.34505259  70.40256136  80.46007012  90.51757889
 100.57508766 110.63259642 120.69010519 130.74761395 140.80512272
 150.86263148 160.92014025 170.97764901 181.03515778 191.09266654
 201.15017531 211.20768408 221.26519284 231.32270161 241.38021037
 251.43771914 261.4952279  271.55273667 281.61024543 291.6677542
 301.72526297 311.78277173 321.8402805  331.89778926 341.95529803
 352.01280679 362.07031556 372.12782432 382.18533309 392.24284186
 402.30035062 412.35785939 422.41536815 432.47287692 442.53038568
 452.58789445 462.64540321 472.70291198 482.76042074 492.81792951
 502.87543828 512.93294704 522.99045581 533.04796457 543.10547334
 553.1629821  563.22049087 573.27799963 583.3355084  593.39301717
 603.45052593 613.5080347  623.56554346 633.62305223 643.68056099
 653.73806976 663.79557852 673.85308729 683.91059606 693.96810482
 704.02561359 714.08312235 724.14063112 734.19813988 744.25564865
 754.31315741 764.37066618 774.42817494 784.48568371 794.54319248
 804.60070124 814.65821001 824.71571877 834.77322754 844.8307363
 854.88824507 864.94575383 875.0032626  885.06077137 895.11828013
 905.1757889  915.23329766 925.29080643 935.34831519 945.40582396
 955.46333272 965.52084149 975.57835026 985.63585902 995.69336779]
d_y_fitting=[1.8128655  1.81925121 1.82629045 1.83396121 1.84224148 1.85110926
 1.86054254 1.87051931 1.88101757 1.89201532 1.90349055 1.91542125
 1.92778542 1.94056105 1.95372614 1.96725867 1.98113666 1.99533808
 2.00984094 2.02462323 2.03966294 2.05493807 2.07042661 2.08610655
 2.1019559  2.11795264 2.13407478 2.15030029 2.16660719 2.18297346
 2.1993771  2.21579609 2.23220845 2.24859216 2.26492521 2.2811856
 2.29735133 2.31340038 2.32931076 2.34506045 2.36062746 2.37598977
 2.39112539 2.40601229 2.42062849 2.43495198 2.44896074 2.46263277
 2.47594607 2.48887864 2.50140846 2.51351353 2.52517185 2.5363614
 2.54706019 2.55724621 2.56689745 2.57599191 2.58450758 2.59242245
 2.59971453 2.6063618  2.61234227 2.61763391 2.62221473 2.62606273
 2.62915589 2.63147222 2.6329897  2.63368633 2.63354011 2.63252903
 2.63063108 2.62782426 2.62408656 2.61939598 2.61373051 2.60706814
 2.59938688 2.59066471 2.58087963 2.57000964 2.55803272 2.54492687
 2.5306701  2.51524038 2.49861572 2.48077411 2.46169354 2.44135202
 2.41972753 2.39679806 2.37254162 2.34693619 2.31995978 2.29159037
 2.26180597 2.23058455 2.19790413 2.16374269]