
p_x=[1.7226528854435832, 319.5521102497847, 708.0103359173127, 999.1386735572783]
p_y=[0.0, 0.47058823529411775, -0.117647058823529, 0.0]
a_x=[3.4453057708871664, 311.80017226528855, 714.0396210163652, 996.5546942291128]
a_y=[-3.450292397660819, -3.450292397660819, -2.9824561403508767, -3.333333333333332]
d_x=[5.167958656330749, 326.442721791559, 722.652885443583, 992.2480620155038]
d_y=[-0.2923976608187129, 0.4093567251461998, 0.29239766081871466, 0.1754385964912295]
p_x_fitting=[  1.72265289  11.79756219  21.87247148  31.94738078  42.02229008
  52.09719938  62.17210868  72.24701798  82.32192728  92.39683658
 102.47174588 112.54665518 122.62156448 132.69647378 142.77138308
 152.84629238 162.92120168 172.99611098 183.07102028 193.14592958
 203.22083888 213.29574818 223.37065748 233.44556678 243.52047608
 253.59538538 263.67029468 273.74520398 283.82011328 293.89502258
 303.96993188 314.04484118 324.11975048 334.19465978 344.26956908
 354.34447838 364.41938768 374.49429697 384.56920627 394.64411557
 404.71902487 414.79393417 424.86884347 434.94375277 445.01866207
 455.09357137 465.16848067 475.24338997 485.31829927 495.39320857
 505.46811787 515.54302717 525.61793647 535.69284577 545.76775507
 555.84266437 565.91757367 575.99248297 586.06739227 596.14230157
 606.21721087 616.29212017 626.36702947 636.44193877 646.51684807
 656.59175737 666.66666667 676.74157597 686.81648527 696.89139457
 706.96630387 717.04121317 727.11612246 737.19103176 747.26594106
 757.34085036 767.41575966 777.49066896 787.56557826 797.64048756
 807.71539686 817.79030616 827.86521546 837.94012476 848.01503406
 858.08994336 868.16485266 878.23976196 888.31467126 898.38958056
 908.46448986 918.53939916 928.61430846 938.68921776 948.76412706
 958.83903636 968.91394566 978.98885496 989.06376426 999.13867356]
p_y_fitting=[ 0.          0.04335162  0.08441359  0.12322937  0.15984239  0.19429612
  0.22663401  0.2568995   0.28513605  0.3113871   0.33569612  0.35810655
  0.37866184  0.39740544  0.41438081  0.42963139  0.44320065  0.45513202
  0.46546895  0.47425491  0.48153335  0.4873477   0.49174143  0.49475799
  0.49644082  0.49683338  0.49597912  0.49392149  0.49070395  0.48636993
  0.4809629   0.47452631  0.4671036   0.45873823  0.44947365  0.43935331
  0.42842067  0.41671916  0.40429225  0.39118339  0.37743602  0.3630936
  0.34819958  0.3327974   0.31693054  0.30064242  0.28397651  0.26697625
  0.2496851   0.2321465   0.21440392  0.19650079  0.17848058  0.16038673
  0.14226269  0.12415192  0.10609787  0.08814398  0.07033371  0.05271051
  0.03531783  0.01819913  0.00139785 -0.01504256 -0.03107864 -0.04666695
 -0.06176402 -0.07632642 -0.09031068 -0.10367336 -0.11637101 -0.12836017
 -0.1395974  -0.15003924 -0.15964225 -0.16836296 -0.17615793 -0.18298371
 -0.18879685 -0.19355389 -0.19721139 -0.19972589 -0.20105394 -0.20115209
 -0.19997689 -0.19748489 -0.19363264 -0.18837668 -0.18167357 -0.17347985
 -0.16375207 -0.15244678 -0.13952053 -0.12492987 -0.10863135 -0.09058151
 -0.07073691 -0.04905409 -0.02548961  0.        ]
a_x_fitting=[  3.44530577  13.47671374  23.5081217   33.53952966  43.57093763
  53.60234559  63.63375356  73.66516152  83.69656948  93.72797745
 103.75938541 113.79079338 123.82220134 133.85360931 143.88501727
 153.91642523 163.9478332  173.97924116 184.01064913 194.04205709
 204.07346506 214.10487302 224.13628098 234.16768895 244.19909691
 254.23050488 264.26191284 274.2933208  284.32472877 294.35613673
 304.3875447  314.41895266 324.45036063 334.48176859 344.51317655
 354.54458452 364.57599248 374.60740045 384.63880841 394.67021638
 404.70162434 414.7330323  424.76444027 434.79584823 444.8272562
 454.85866416 464.89007213 474.92148009 484.95288805 494.98429602
 505.01570398 515.04711195 525.07851991 535.10992787 545.14133584
 555.1727438  565.20415177 575.23555973 585.2669677  595.29837566
 605.32978362 615.36119159 625.39259955 635.42400752 645.45541548
 655.48682345 665.51823141 675.54963937 685.58104734 695.6124553
 705.64386327 715.67527123 725.7066792  735.73808716 745.76949512
 755.80090309 765.83231105 775.86371902 785.89512698 795.92653494
 805.95794291 815.98935087 826.02075884 836.0521668  846.08357477
 856.11498273 866.14639069 876.17779866 886.20920662 896.24061459
 906.27202255 916.30343052 926.33483848 936.36624644 946.39765441
 956.42906237 966.46047034 976.4918783  986.52328626 996.55469423]
a_y_fitting=[-3.4502924  -3.46606054 -3.48046742 -3.49354444 -3.505323   -3.5158345
 -3.52511035 -3.53318194 -3.54008069 -3.54583799 -3.55048525 -3.55405387
 -3.55657526 -3.55808081 -3.55860192 -3.55817001 -3.55681647 -3.55457271
 -3.55147013 -3.54754013 -3.54281411 -3.53732349 -3.53109965 -3.524174
 -3.51657795 -3.5083429  -3.49950025 -3.49008141 -3.48011777 -3.46964074
 -3.45868173 -3.44727212 -3.43544334 -3.42322678 -3.41065384 -3.39775592
 -3.38456444 -3.37111078 -3.35742636 -3.34354258 -3.32949084 -3.31530254
 -3.30100908 -3.28664188 -3.27223232 -3.25781182 -3.24341177 -3.22906358
 -3.21479866 -3.2006484  -3.1866442  -3.17281748 -3.15919963 -3.14582205
 -3.13271615 -3.11991334 -3.10744501 -3.09534256 -3.0836374  -3.07236094
 -3.06154457 -3.05121969 -3.04141772 -3.03217005 -3.02350809 -3.01546323
 -3.00806689 -3.00135046 -2.99534535 -2.99008295 -2.98559468 -2.98191193
 -2.97906611 -2.97708863 -2.97601087 -2.97586425 -2.97668017 -2.97849003
 -2.98132524 -2.98521719 -2.99019729 -2.99629695 -3.00354756 -3.01198052
 -3.02162725 -3.03251914 -3.0446876  -3.05816403 -3.07297983 -3.0891664
 -3.10675515 -3.12577748 -3.14626479 -3.16824849 -3.19175998 -3.21683066
 -3.24349193 -3.2717752  -3.30171186 -3.33333333]
d_x_fitting=[  5.16795866  15.13846475  25.10897085  35.07947694  45.04998303
  55.02048913  64.99099522  74.96150132  84.93200741  94.90251351
 104.8730196  114.8435257  124.81403179 134.78453789 144.75504398
 154.72555007 164.69605617 174.66656226 184.63706836 194.60757445
 204.57808055 214.54858664 224.51909274 234.48959883 244.46010493
 254.43061102 264.40111711 274.37162321 284.3421293  294.3126354
 304.28314149 314.25364759 324.22415368 334.19465978 344.16516587
 354.13567197 364.10617806 374.07668415 384.04719025 394.01769634
 403.98820244 413.95870853 423.92921463 433.89972072 443.87022682
 453.84073291 463.81123901 473.7817451  483.75225119 493.72275729
 503.69326338 513.66376948 523.63427557 533.60478167 543.57528776
 553.54579386 563.51629995 573.48680604 583.45731214 593.42781823
 603.39832433 613.36883042 623.33933652 633.30984261 643.28034871
 653.2508548  663.2213609  673.19186699 683.16237308 693.13287918
 703.10338527 713.07389137 723.04439746 733.01490356 742.98540965
 752.95591575 762.92642184 772.89692794 782.86743403 792.83794012
 802.80844622 812.77895231 822.74945841 832.7199645  842.6904706
 852.66097669 862.63148279 872.60198888 882.57249498 892.54300107
 902.51350716 912.48401326 922.45451935 932.42502545 942.39553154
 952.36603764 962.33654373 972.30704983 982.27755592 992.24806202]
d_y_fitting=[-0.29239766 -0.25266791 -0.21428517 -0.17722988 -0.14148246 -0.10702336
 -0.07383301 -0.04189184 -0.01118029  0.01832122  0.04663224  0.07377235
  0.09976111  0.12461808  0.14836284  0.17101494  0.19259396  0.21311946
  0.23261101  0.25108818  0.26857052  0.28507761  0.30062901  0.31524429
  0.32894302  0.34174476  0.35366907  0.36473553  0.3749637   0.38437315
  0.39298344  0.40081414  0.40788481  0.41421502  0.41982435  0.42473234
  0.42895858  0.43252263  0.43544404  0.4377424   0.43943726  0.44054819
  0.44109476  0.44109654  0.44057309  0.43954397  0.43802875  0.43604701
  0.4336183   0.43076219  0.42749825  0.42384605  0.41982514  0.41545511
  0.4107555   0.4057459   0.40044586  0.39487495  0.38905274  0.38299879
  0.37673268  0.37027396  0.36364221  0.35685699  0.34993786  0.34290439
  0.33577615  0.32857271  0.32131363  0.31401847  0.30670681  0.29939821
  0.29211223  0.28486845  0.27768642  0.27058572  0.26358591  0.25670656
  0.24996723  0.24338749  0.2369869   0.23078504  0.22480147  0.21905575
  0.21356745  0.20835615  0.20344139  0.19884275  0.1945798   0.19067211
  0.18713923  0.18400073  0.18127619  0.17898517  0.17714723  0.17578194
  0.17490886  0.17454757  0.17471762  0.1754386 ]