
p_x=[6.029285099052541, 24.978466838931958, 86.13264427217916, 238.58742463393625, 258.39793281653743, 307.49354005167953, 356.58914728682174, 494.40137812230836, 630.4909560723514, 731.2661498708011, 746.7700258397932, 807.0628768303187, 876.8303186907838, 993.1093884582257]
p_y=[1.1764705882352935, 2.5882352941176467, 2.5882352941176467, 2.9411764705882346, 4.352941176470589, 5.0588235294117645, 5.176470588235294, 1.6470588235294112, 2.11764705882353, 2.5882352941176467, 5.764705882352941, 6.8235294117647065, 6.0, 5.882352941176471]
a_x=[2.5839793281653747, 91.3006029285099, 228.25150732127477, 354.86649440137813, 492.6787252368648, 627.9069767441861, 730.4048234280792, 754.5219638242894, 888.8888888888888, 1000.0]
a_y=[-2.163742690058479, -1.6959064327485365, -0.7602339181286553, 0.8771929824561404, -1.3450292397660828, -0.8771929824561404, -0.2923976608187129, 1.578947368421053, 3.333333333333334, 2.397660818713451]
d_x=[2.5839793281653747, 96.46856158484066, 230.83548664944016, 259.25925925925924, 362.61843238587426, 428.0792420327304, 482.34280792420327, 498.7080103359173, 621.8776916451335, 729.5434969853575, 758.8285960378984, 900.947459086994, 993.1093884582257]
d_y=[0.9941520467836256, 1.2280701754385976, 2.0467836257309946, 3.8011695906432754, 6.140350877192983, 6.140350877192983, 5.7894736842105265, 1.8128654970760234, 2.397660818713451, 2.397660818713451, 5.2046783625731, 6.023391812865498, 5.43859649122807]
p_x_fitting=[  6.0292851   15.99979119  25.97029729  35.94080338  45.91130948
  55.88181557  65.85232167  75.82282776  85.79333386  95.76383995
 105.73434604 115.70485214 125.67535823 135.64586433 145.61637042
 155.58687652 165.55738261 175.52788871 185.4983948  195.4689009
 205.43940699 215.40991308 225.38041918 235.35092527 245.32143137
 255.29193746 265.26244356 275.23294965 285.20345575 295.17396184
 305.14446794 315.11497403 325.08548012 335.05598622 345.02649231
 354.99699841 364.9675045  374.9380106  384.90851669 394.87902279
 404.84952888 414.82003498 424.79054107 434.76104716 444.73155326
 454.70205935 464.67256545 474.64307154 484.61357764 494.58408373
 504.55458983 514.52509592 524.49560201 534.46610811 544.4366142
 554.4071203  564.37762639 574.34813249 584.31863858 594.28914468
 604.25965077 614.23015687 624.20066296 634.17116905 644.14167515
 654.11218124 664.08268734 674.05319343 684.02369953 693.99420562
 703.96471172 713.93521781 723.90572391 733.87623    743.84673609
 753.81724219 763.78774828 773.75825438 783.72876047 793.69926657
 803.66977266 813.64027876 823.61078485 833.58129095 843.55179704
 853.52230313 863.49280923 873.46331532 883.43382142 893.40432751
 903.37483361 913.3453397  923.3158458  933.28635189 943.25685799
 953.22736408 963.19787017 973.16837627 983.13888236 993.10938846]
p_y_fitting=[ 1.17647059  2.04086108  2.63647569  2.99959151  3.16648565  3.1734352
  3.05671728  2.85260898  2.59738741  2.32340756  2.0456485   1.77427903
  1.51946776  1.29138331  1.10019432  0.9560694   0.86917718  0.84968627
  0.90776529  1.05358288  1.29730765  1.64910823  2.11915323  2.71761128
  3.44304764  4.16332214  4.67945049  4.95819284  5.06795407  5.07857833
  5.05990976  5.07442114  5.12341822  5.17793676  5.20879666  5.18681784
  5.08699576  4.91148345  4.67329448  4.38547111  4.06105557  3.71309011
  3.35461696  2.99867837  2.65831658  2.34657383  2.07649236  1.86111442
  1.71348224  1.64663803  1.66803876  1.76399504  1.91581368  2.10480151
  2.31226537  2.51951208  2.70784848  2.85858138  2.95301762  2.97246404
  2.89822744  2.71161468  2.39393257  1.92730949  1.33251348  0.68476984
  0.06340619 -0.45224987 -0.78287072 -0.84912875 -0.57169634  0.12875412
  1.33155024  3.11291545  5.21388374  6.81107305  7.67579138  7.96411149
  7.83680942  7.45466122  6.97844295  6.5606231   6.25460693  6.04868619
  5.93001213  5.88573601  5.90300907  5.96898257  6.07080774  6.19563585
  6.33061813  6.46290585  6.57965024  6.66800256  6.71511406  6.70813599
  6.63421959  6.48051611  6.23417682  5.88235294]
a_x_fitting=[   2.58397933   12.65888863   22.73379793   32.80870723   42.88361653
   52.95852583   63.03343513   73.10834443   83.18325373   93.25816303
  103.33307233  113.40798163  123.48289092  133.55780022  143.63270952
  153.70761882  163.78252812  173.85743742  183.93234672  194.00725602
  204.08216532  214.15707462  224.23198392  234.30689322  244.38180252
  254.45671182  264.53162112  274.60653042  284.68143972  294.75634902
  304.83125832  314.90616762  324.98107692  335.05598622  345.13089552
  355.20580482  365.28071412  375.35562342  385.43053272  395.50544202
  405.58035132  415.65526062  425.73016992  435.80507922  445.87998852
  455.95489782  466.02980712  476.10471641  486.17962571  496.25453501
  506.32944431  516.40435361  526.47926291  536.55417221  546.62908151
  556.70399081  566.77890011  576.85380941  586.92871871  597.00362801
  607.07853731  617.15344661  627.22835591  637.30326521  647.37817451
  657.45308381  667.52799311  677.60290241  687.67781171  697.75272101
  707.82763031  717.90253961  727.97744891  738.05235821  748.12726751
  758.20217681  768.27708611  778.35199541  788.42690471  798.50181401
  808.57672331  818.65163261  828.7265419   838.8014512   848.8763605
  858.9512698   869.0261791   879.1010884   889.1759977   899.250907
  909.3258163   919.4007256   929.4756349   939.5505442   949.6254535
  959.7003628   969.7752721   979.8501814   989.9250907  1000.        ]
a_y_fitting=[-2.16374269 -2.07408681 -1.99721254 -1.93161119 -1.87577411 -1.82819261
 -1.78735802 -1.75176167 -1.71989488 -1.69024898 -1.66131529 -1.63158515
 -1.59954987 -1.56370078 -1.52252922 -1.47452649 -1.41818394 -1.35199289
 -1.27444466 -1.18403058 -1.07924198 -0.95857018 -0.8205065  -0.6637992
 -0.49102513 -0.30770036 -0.11941612  0.06823637  0.24966587  0.41928117
  0.57149103  0.70070423  0.80132954  0.86777575  0.89445161  0.87576599
  0.80849221  0.69795367  0.55140575  0.37610384  0.17930329 -0.0317405
 -0.24977216 -0.46753631 -0.67777758 -0.87324058 -1.04666995 -1.1908103
 -1.29840626 -1.36231442 -1.38117324 -1.36208226 -1.31281333 -1.24113832
 -1.15482908 -1.06165746 -0.9693953  -0.88581448 -0.81868684 -0.77578423
 -0.76487851 -0.79374153 -0.87014515 -0.99729893 -1.15606482 -1.32047305
 -1.46455213 -1.56233057 -1.58783689 -1.51509959 -1.31814719 -0.9710082
 -0.44771112  0.26535422  1.07740263  1.84646347  2.49008136  3.01109632
  3.41886743  3.72275378  3.93211443  4.05630847  4.10469499  4.08663304
  4.01148173  3.88860012  3.72734729  3.53708232  3.3271643   3.1069523
  2.8858054   2.67308268  2.47814321  2.31034608  2.17905037  2.09361516
  2.06339951  2.09776252  2.20606327  2.39766082]
d_x_fitting=[  2.58397933  12.58928649  22.59459365  32.59990082  42.60520798
  52.61051514  62.61582231  72.62112947  82.62643663  92.63174379
 102.63705096 112.64235812 122.64766528 132.65297245 142.65827961
 152.66358677 162.66889394 172.6742011  182.67950826 192.68481542
 202.69012259 212.69542975 222.70073691 232.70604408 242.71135124
 252.7166584  262.72196556 272.72727273 282.73257989 292.73788705
 302.74319422 312.74850138 322.75380854 332.7591157  342.76442287
 352.76973003 362.77503719 372.78034436 382.78565152 392.79095868
 402.79626585 412.80157301 422.80688017 432.81218733 442.8174945
 452.82280166 462.82810882 472.83341599 482.83872315 492.84403031
 502.84933747 512.85464464 522.8599518  532.86525896 542.87056613
 552.87587329 562.88118045 572.88648762 582.89179478 592.89710194
 602.9024091  612.90771627 622.91302343 632.91833059 642.92363776
 652.92894492 662.93425208 672.93955924 682.94486641 692.95017357
 702.95548073 712.9607879  722.96609506 732.97140222 742.97670938
 752.98201655 762.98732371 772.99263087 782.99793804 793.0032452
 803.00855236 813.01385953 823.01916669 833.02447385 843.02978101
 853.03508818 863.04039534 873.0457025  883.05100967 893.05631683
 903.06162399 913.06693115 923.07223832 933.07754548 943.08285264
 953.08815981 963.09346697 973.09877413 983.1040813  993.10938846]
d_y_fitting=[ 0.99415205  1.28240646  1.48550745  1.61252931  1.67254631  1.67463276
  1.62786294  1.54131114  1.42405166  1.28515877  1.13370678  0.97876997
  0.82942262  0.69473904  0.58379351  0.50566032  0.46941375  0.48412811
  0.55887768  0.70273674  0.92477959  1.23408052  1.63971382  2.1506725
  2.75547539  3.3952546   4.00491212  4.54427909  5.01053499  5.40392567
  5.72469698  5.97309477  6.1493649   6.2537532   6.28650555  6.24786777
  6.13808577  5.96656775  5.77769062  5.62417237  5.55873098  5.63408446
  5.90295079  6.41233878  7.05970169  7.58203929  7.70845921  7.16806906
  5.69000581  3.28190024  0.89696274 -0.83732491 -1.96052657 -2.55437188
 -2.70059049 -2.48091204 -1.97706616 -1.2707825  -0.44379071  0.42217958
  1.24539873  1.94413709  2.43669076  2.67246144  2.69234148  2.55395976
  2.31494514  2.03292647  1.76553263  1.57039248  1.50513487  1.62738868
  1.99478277  2.66333839  3.59876111  4.63018846  5.57775605  6.34521701
  6.94056931  7.37835431  7.67311335  7.83938779  7.89171896  7.84464822
  7.71271692  7.5104664   7.25243802  6.95317311  6.62721304  6.28909914
  5.95337277  5.63457527  5.34724799  5.10593228  4.92516949  4.81950097
  4.80346806  4.89161211  5.09847447  5.43859649]