
p_x=[5.167958656330749, 58.57019810508183, 167.09732988802756, 205.85701981050818, 288.5443583118002, 358.3118001722653, 380.70628768303186, 482.34280792420327, 491.817398794143, 552.1102497846684, 616.7097329888027, 646.8561584840654, 738.1567614125754, 747.6313522825151, 808.7855297157622, 881.1369509043928, 946.5977605512489, 993.1093884582257]
p_y=[1.764705882352942, 3.764705882352941, 4.588235294117648, 5.764705882352941, 5.176470588235294, 5.647058823529411, 3.2941176470588243, 3.4117647058823533, 5.882352941176471, 6.9411764705882355, 5.764705882352941, 2.235294117647059, 2.11764705882353, 5.411764705882353, 6.352941176470589, 5.529411764705882, 5.529411764705882, 5.529411764705882]
a_x=[3.4453057708871664, 73.21274763135229, 171.40396210163652, 387.59689922480624, 596.8992248062015, 645.9948320413437, 649.4401378122309, 725.2368647717485, 878.5529715762274, 996.5546942291128]
a_y=[-2.0467836257309955, -2.280701754385966, -2.7485380116959064, -2.0467836257309955, -2.8654970760233915, -5.438596491228068, -5.087719298245615, -3.8011695906432745, -3.333333333333332, -3.5672514619883025]
d_x=[6.890611541774333, 74.07407407407408, 173.9879414298019, 192.0757967269595, 279.93109388458225, 347.9758828596038, 366.9250645994832, 372.95434969853574, 426.3565891472868, 479.7588285960379, 494.40137812230836, 643.4108527131783, 669.2506459948321, 717.4849267872524, 870.8010335917312, 994.8320413436692]
d_y=[2.0467836257309946, 4.385964912280702, 3.0994152046783627, 4.385964912280702, 5.2046783625731, 4.970760233918129, 3.0994152046783627, 2.6315789473684212, 3.333333333333334, 2.9824561403508776, 5.2046783625731, 2.397660818713451, 4.035087719298246, 5.087719298245615, 6.140350877192983, 5.672514619883041]
p_x_fitting=[  5.16795866  15.14716502  25.12637138  35.10557774  45.0847841
  55.06399046  65.04319683  75.02240319  85.00160955  94.98081591
 104.96002227 114.93922863 124.918435   134.89764136 144.87684772
 154.85605408 164.83526044 174.8144668  184.79367317 194.77287953
 204.75208589 214.73129225 224.71049861 234.68970497 244.66891134
 254.6481177  264.62732406 274.60653042 284.58573678 294.56494314
 304.54414951 314.52335587 324.50256223 334.48176859 344.46097495
 354.44018131 364.41938768 374.39859404 384.3778004  394.35700676
 404.33621312 414.31541948 424.29462585 434.27383221 444.25303857
 454.23224493 464.21145129 474.19065765 484.16986401 494.14907038
 504.12827674 514.1074831  524.08668946 534.06589582 544.04510218
 554.02430855 564.00351491 573.98272127 583.96192763 593.94113399
 603.92034035 613.89954672 623.87875308 633.85795944 643.8371658
 653.81637216 663.79557852 673.77478489 683.75399125 693.73319761
 703.71240397 713.69161033 723.67081669 733.65002306 743.62922942
 753.60843578 763.58764214 773.5668485  783.54605486 793.52526123
 803.50446759 813.48367395 823.46288031 833.44208667 843.42129303
 853.4004994  863.37970576 873.35891212 883.33811848 893.31732484
 903.2965312  913.27573757 923.25494393 933.23415029 943.21335665
 953.19256301 963.17176937 973.15097573 983.1301821  993.10938846]
p_y_fitting=[ 1.76470588  2.37435208  2.85978739  3.23513813  3.5145306   3.71209112
  3.84194599  3.91822152  3.95504403  3.96653983  3.96683523  3.97005653
  3.99033005  4.04178209  4.13853898  4.29472702  4.52447251  4.83575242
  5.18699101  5.51268828  5.74718937  5.83724346  5.7989269   5.67238997
  5.49780693  5.31535201  5.16519946  5.08752352  5.12249844  5.30572315
  5.60522682  5.93747482  6.21763199  6.36086313  6.28233305  5.89720658
  5.13083667  4.05398718  2.84498967  1.64315473  0.52895505 -0.42158905
 -1.13245729 -1.52762936 -1.53108496 -1.06680379 -0.05876556  1.56905003
  3.89044477  6.39447786  7.90523507  8.50220476  8.44104371  7.97740873
  7.3669566   6.86491287  6.624765    6.56772487  6.58274028  6.55875905
  6.38472896  5.94959783  5.15538917  4.03077856  2.67553092  1.19227434
 -0.29474476 -1.64843909 -2.73155194 -3.40682664 -3.53700648 -2.98483479
 -1.61305486  0.71558999  4.0540477   7.01106449  8.56832247  9.00998567
  8.65514868  7.82290613  6.83235262  5.99609019  5.4547297   5.16327101
  5.06749248  5.11317247  5.24608935  5.41202146  5.55686331  5.64572328
  5.68418598  5.68296012  5.65275442  5.60427762  5.54823842  5.49534555
  5.45630772  5.44183367  5.46263211  5.52941176]
a_x_fitting=[  3.44530577  13.47671374  23.5081217   33.53952966  43.57093763
  53.60234559  63.63375356  73.66516152  83.69656948  93.72797745
 103.75938541 113.79079338 123.82220134 133.85360931 143.88501727
 153.91642523 163.9478332  173.97924116 184.01064913 194.04205709
 204.07346506 214.10487302 224.13628098 234.16768895 244.19909691
 254.23050488 264.26191284 274.2933208  284.32472877 294.35613673
 304.3875447  314.41895266 324.45036063 334.48176859 344.51317655
 354.54458452 364.57599248 374.60740045 384.63880841 394.67021638
 404.70162434 414.7330323  424.76444027 434.79584823 444.8272562
 454.85866416 464.89007213 474.92148009 484.95288805 494.98429602
 505.01570398 515.04711195 525.07851991 535.10992787 545.14133584
 555.1727438  565.20415177 575.23555973 585.2669677  595.29837566
 605.32978362 615.36119159 625.39259955 635.42400752 645.45541548
 655.48682345 665.51823141 675.54963937 685.58104734 695.6124553
 705.64386327 715.67527123 725.7066792  735.73808716 745.76949512
 755.80090309 765.83231105 775.86371902 785.89512698 795.92653494
 805.95794291 815.98935087 826.02075884 836.0521668  846.08357477
 856.11498273 866.14639069 876.17779866 886.20920662 896.24061459
 906.27202255 916.30343052 926.33483848 936.36624644 946.39765441
 956.42906237 966.46047034 976.4918783  986.52328626 996.55469423]
a_y_fitting=[-2.04678363 -2.08055872 -2.11373892 -2.14665564 -2.17964027 -2.21302423
 -2.24713892 -2.28231574 -2.3188861  -2.35718141 -2.39753308 -2.4402725
 -2.48573108 -2.53424023 -2.58613136 -2.64173586 -2.70138515 -2.76540432
 -2.83340378 -2.90363122 -2.97418125 -3.04314851 -3.1086276  -3.16871314
 -3.22149976 -3.26508206 -3.29755467 -3.31701221 -3.32154929 -3.30926052
 -3.27824054 -3.22658395 -3.15238537 -3.05373943 -2.92874073 -2.7754839
 -2.59206355 -2.37657431 -2.12711078 -1.84244035 -1.52815276 -1.19380738
 -0.84901277 -0.50337751 -0.16651016  0.1519807   0.44248652  0.69539872
  0.90110873  1.05000799  1.13248792  1.13893996  1.05975553  0.88532608
  0.60604303  0.21229782 -0.30551814 -0.95701339 -1.75179652 -2.69947609
 -3.78568694 -4.84019091 -5.63043278 -5.92369322 -5.48725289 -4.5280205
 -3.86071499 -3.47222244 -3.30818545 -3.31424661 -3.43604852 -3.61923375
 -3.8094459  -3.96337506 -4.07611821 -4.15111398 -4.19180101 -4.20161793
 -4.18400339 -4.14239601 -4.08023444 -4.0009573  -3.90800323 -3.80481087
 -3.69481885 -3.5814658  -3.46819037 -3.35843119 -3.25562688 -3.1632161
 -3.08463747 -3.02332962 -2.9827312  -2.96628084 -2.97741717 -3.01957883
 -3.09620446 -3.21073268 -3.36660214 -3.56725146]
d_x_fitting=[  6.89061154  16.8698179   26.84902427  36.82823063  46.80743699
  56.78664335  66.76584971  76.74505607  86.72426243  96.7034688
 106.68267516 116.66188152 126.64108788 136.62029424 146.5995006
 156.57870697 166.55791333 176.53711969 186.51632605 196.49553241
 206.47473877 216.45394514 226.4331515  236.41235786 246.39156422
 256.37077058 266.34997694 276.32918331 286.30838967 296.28759603
 306.26680239 316.24600875 326.22521511 336.20442148 346.18362784
 356.1628342  366.14204056 376.12124692 386.10045328 396.07965965
 406.05886601 416.03807237 426.01727873 435.99648509 445.97569145
 455.95489782 465.93410418 475.91331054 485.8925169  495.87172326
 505.85092962 515.83013599 525.80934235 535.78854871 545.76775507
 555.74696143 565.72616779 575.70537415 585.68458052 595.66378688
 605.64299324 615.6221996  625.60140596 635.58061232 645.55981869
 655.53902505 665.51823141 675.49743777 685.47664413 695.45585049
 705.43505686 715.41426322 725.39346958 735.37267594 745.3518823
 755.33108866 765.31029503 775.28950139 785.26870775 795.24791411
 805.22712047 815.20632683 825.1855332  835.16473956 845.14394592
 855.12315228 865.10235864 875.081565   885.06077137 895.03997773
 905.01918409 914.99839045 924.97759681 934.95680317 944.93600954
 954.9152159  964.89442226 974.87362862 984.85283498 994.83204134]
d_y_fitting=[2.04678363 3.11422753 3.87205191 4.35728936 4.60697249 4.65813389
 4.54780616 4.31302192 3.99081375 3.61821427 3.23225607 2.86997175
 2.56839392 2.36455518 2.29548812 2.39822535 2.70979948 3.26633004
 3.99920045 4.64426946 5.06370761 5.29255218 5.37553329 5.3573811
 5.28282575 5.19659738 5.14342614 5.16804216 5.30967886 5.53681677
 5.76880926 5.92401934 5.92081002 5.6775443  5.11258519 4.18827481
 3.17151186 2.46857731 2.30356365 2.51093673 2.88759074 3.23041987
 3.33631831 3.071275   2.60735886 2.20136507 2.11009184 2.59033734
 3.85060072 5.41756124 6.57508693 7.27539951 7.57942358 7.54808372
 7.24230452 6.72301058 6.05112648 5.28757681 4.49328617 3.72917914
 3.05618032 2.53521429 2.22720566 2.19307899 2.49325896 3.10030055
 3.79893775 4.36159768 4.72136553 4.92681023 5.02903441 5.07914072
 5.12389316 5.17720709 5.23796281 5.30496273 5.37700928 5.45290488
 5.53145195 5.6114529  5.69171015 5.77102614 5.84820326 5.92204396
 5.99135064 6.05492572 6.11157163 6.16009079 6.19928561 6.22795852
 6.24491193 6.24894826 6.23886994 6.21347939 6.17157902 6.11197125
 6.03345851 5.93484321 5.81492777 5.67251462]