
p_x=[0.0, 42.20499569336779, 68.90611541774334, 173.9879414298019, 206.71834625322995, 217.05426356589146, 270.4565030146425, 323.85874246339364, 438.4151593453919, 475.4521963824289, 506.4599483204134, 526.2704565030147, 583.1180017226529, 630.4909560723514, 747.6313522825151, 896.640826873385, 931.0938845822567, 996.5546942291128]
p_y=[1.6470588235294112, 2.7058823529411766, 1.6470588235294112, 1.1764705882352935, 0.7058823529411757, 1.6470588235294112, 1.6470588235294112, 1.0588235294117645, 1.2941176470588225, 0.35294117647058876, -0.9411764705882355, 1.4117647058823533, 1.4117647058823533, 1.2941176470588225, 1.6470588235294112, 0.23529411764705976, -1.1764705882352935, -0.117647058823529]
a_x=[0.8613264427217916, 45.65030146425495, 83.54866494401378, 124.89233419465978, 157.62273901808786, 212.7476313522825, 256.6752799310939, 318.69078380706287, 385.8742463393626, 404.82342807924203, 448.7510766580534, 484.0654608096469, 509.9052540913006, 614.1257536606374, 649.4401378122309, 743.3247200689061, 785.5297157622739, 878.5529715762274, 941.4298018949182, 971.5762273901809, 987.941429801895, 996.5546942291128]
a_y=[-7.894736842105264, -7.543859649122805, -7.076023391812864, -6.6081871345029235, -6.6081871345029235, -6.725146198830409, -6.374269005847953, -6.140350877192983, -5.204678362573098, -5.087719298245615, -4.853801169590643, -6.140350877192983, -7.192982456140349, -7.192982456140349, -6.023391812865498, -6.140350877192983, -5.321637426900585, -4.853801169590643, -7.894736842105264, -6.140350877192983, -5.789473684210527, -5.906432748538011]
d_x=[3.4453057708871664, 319.5521102497847, 428.0792420327304, 464.2549526270456, 510.76658053402235, 527.1317829457365, 560.7235142118863, 594.3152454780361, 628.7683031869078, 659.7760551248923, 756.244616709733, 873.3850129198967, 944.0137812230836, 978.4668389319552, 997.4160206718346]
d_y=[1.578947368421053, 1.3450292397660828, 1.578947368421053, 1.1111111111111107, 0.4093567251461998, 1.578947368421053, 1.9298245614035086, 1.578947368421053, 1.6959064327485383, 1.578947368421053, 1.461988304093568, 1.9298245614035086, 0.29239766081871466, 1.578947368421053, 2.397660818713451]
p_x_fitting=[  0.          10.06620903  20.13241807  30.1986271   40.26483613
  50.33104516  60.3972542   70.46346323  80.52967226  90.59588129
 100.66209033 110.72829936 120.79450839 130.86071742 140.92692646
 150.99313549 161.05934452 171.12555355 181.19176259 191.25797162
 201.32418065 211.39038968 221.45659872 231.52280775 241.58901678
 251.65522582 261.72143485 271.78764388 281.85385291 291.92006195
 301.98627098 312.05248001 322.11868904 332.18489808 342.25110711
 352.31731614 362.38352517 372.44973421 382.51594324 392.58215227
 402.6483613  412.71457034 422.78077937 432.8469884  442.91319744
 452.97940647 463.0456155  473.11182453 483.17803357 493.2442426
 503.31045163 513.37666066 523.4428697  533.50907873 543.57528776
 553.64149679 563.70770583 573.77391486 583.84012389 593.90633292
 603.97254196 614.03875099 624.10496002 634.17116905 644.23737809
 654.30358712 664.36979615 674.43600519 684.50221422 694.56842325
 704.63463228 714.70084132 724.76705035 734.83325938 744.89946841
 754.96567745 765.03188648 775.09809551 785.16430454 795.23051358
 805.29672261 815.36293164 825.42914067 835.49534971 845.56155874
 855.62776777 865.69397681 875.76018584 885.82639487 895.8926039
 905.95881294 916.02502197 926.091231   936.15744003 946.22364907
 956.2898581  966.35606713 976.42227616 986.4884852  996.55469423]
p_y_fitting=[ 1.64705882  2.55863224  2.97393405  3.00711931  2.77234307  2.38376039
  1.95552632  1.60170402  1.39851114  1.32617595  1.34993646  1.43503064
  1.54669651  1.65017204  1.71069525  1.69350411  1.56383662  1.28693078
  0.85034175  0.45984507  0.44462059  1.10650321  1.98110085  2.40563934
  2.45782642  2.26041278  1.93614914  1.60773246  1.36433406  1.20442081
  1.11127019  1.06815967  1.05836671  1.06647852  1.08596092  1.113966
  1.14765778  1.18420032  1.22075764  1.25449379  1.2825728   1.30215872
  1.31041557  1.3045074   1.28033635  1.19601547  0.96624307  0.50332366
 -0.23613557 -0.93164627 -1.08418277 -0.27259993  1.0696309   2.05642879
  2.46440688  2.44561878  2.15625203  1.75249418  1.39052046  1.18552259
  1.12035529  1.15121216  1.23428678  1.32614831  1.40143469  1.46048708
  1.50560883  1.53910325  1.56327367  1.58042341  1.5928558   1.60287415
  1.61278179  1.62488205  1.64147824  1.66442184  1.69133772  1.71754335
  1.73833288  1.74900043  1.74484014  1.72114613  1.67321254  1.5963335
  1.48580315  1.33691561  1.14496501  0.90524549  0.61305119  0.26367622
 -0.14167001 -0.57218524 -0.98783209 -1.34857011 -1.61435883 -1.7451578
 -1.70092656 -1.44162466 -0.92721165 -0.11764706]
a_x_fitting=[8.61326443e-01 1.09188352e+01 2.09763440e+01 3.10338527e+01
 4.10913615e+01 5.11488703e+01 6.12063790e+01 7.12638878e+01
 8.13213966e+01 9.13789053e+01 1.01436414e+02 1.11493923e+02
 1.21551432e+02 1.31608940e+02 1.41666449e+02 1.51723958e+02
 1.61781467e+02 1.71838975e+02 1.81896484e+02 1.91953993e+02
 2.02011502e+02 2.12069011e+02 2.22126519e+02 2.32184028e+02
 2.42241537e+02 2.52299046e+02 2.62356554e+02 2.72414063e+02
 2.82471572e+02 2.92529081e+02 3.02586589e+02 3.12644098e+02
 3.22701607e+02 3.32759116e+02 3.42816624e+02 3.52874133e+02
 3.62931642e+02 3.72989151e+02 3.83046660e+02 3.93104168e+02
 4.03161677e+02 4.13219186e+02 4.23276695e+02 4.33334203e+02
 4.43391712e+02 4.53449221e+02 4.63506730e+02 4.73564238e+02
 4.83621747e+02 4.93679256e+02 5.03736765e+02 5.13794273e+02
 5.23851782e+02 5.33909291e+02 5.43966800e+02 5.54024309e+02
 5.64081817e+02 5.74139326e+02 5.84196835e+02 5.94254344e+02
 6.04311852e+02 6.14369361e+02 6.24426870e+02 6.34484379e+02
 6.44541887e+02 6.54599396e+02 6.64656905e+02 6.74714414e+02
 6.84771922e+02 6.94829431e+02 7.04886940e+02 7.14944449e+02
 7.25001958e+02 7.35059466e+02 7.45116975e+02 7.55174484e+02
 7.65231993e+02 7.75289501e+02 7.85347010e+02 7.95404519e+02
 8.05462028e+02 8.15519536e+02 8.25577045e+02 8.35634554e+02
 8.45692063e+02 8.55749572e+02 8.65807080e+02 8.75864589e+02
 8.85922098e+02 8.95979607e+02 9.06037115e+02 9.16094624e+02
 9.26152133e+02 9.36209642e+02 9.46267150e+02 9.56324659e+02
 9.66382168e+02 9.76439677e+02 9.86497185e+02 9.96554694e+02]
a_y_fitting=[-7.89473684 -7.84098325 -7.77155219 -7.68788305 -7.5914152  -7.48358803
 -7.36584091 -7.23961323 -7.10634437 -6.96832577 -6.83459879 -6.71741675
 -6.6290526  -6.58066504 -6.57051383 -6.58856248 -6.62464122 -6.66871975
 -6.7109426  -6.74146537 -6.75044366 -6.72803308 -6.66807275 -6.58245132
 -6.48857714 -6.40385995 -6.34479739 -6.31214406 -6.29336543 -6.2755101
 -6.24562667 -6.19076377 -6.09826243 -5.96691408 -5.81043209 -5.64353187
 -5.48092886 -5.33733844 -5.22747606 -5.16119891 -5.10138204 -4.99629085
 -4.87151668 -4.78418432 -4.79150947 -4.94877242 -5.25903333 -5.6684551
 -6.12032758 -6.56324937 -6.97006275 -7.32072844 -7.60370905 -7.81890512
 -7.96702262 -8.04876753 -8.06484581 -8.01596344 -7.90282639 -7.72614063
 -7.48661214 -7.18494701 -6.83094393 -6.46822461 -6.14827367 -5.92092944
 -5.80037654 -5.76633264 -5.79710655 -5.87100707 -5.96634301 -6.06142318
 -6.13455637 -6.1640514  -6.12825037 -6.01498457 -5.8345976  -5.60069836
 -5.32689571 -5.02863006 -4.72907822 -4.45345938 -4.22699278 -4.07489762
 -4.02239314 -4.09469853 -4.31703302 -4.71461584 -5.30387347 -6.02012036
 -6.75488133 -7.39925424 -7.84433697 -7.98122741 -7.70811006 -7.1017067
 -6.42636481 -5.949338   -5.78862545 -5.90643275]
d_x_fitting=[  3.44530577  13.485414    23.52552223  33.56563046  43.6057387
  53.64584693  63.68595516  73.72606339  83.76617162  93.80627985
 103.84638808 113.88649632 123.92660455 133.96671278 144.00682101
 154.04692924 164.08703747 174.1271457  184.16725393 194.20736217
 204.2474704  214.28757863 224.32768686 234.36779509 244.40790332
 254.44801155 264.48811979 274.52822802 284.56833625 294.60844448
 304.64855271 314.68866094 324.72876917 334.7688774  344.80898564
 354.84909387 364.8892021  374.92931033 384.96941856 395.00952679
 405.04963502 415.08974326 425.12985149 435.16995972 445.21006795
 455.25017618 465.29028441 475.33039264 485.37050087 495.41060911
 505.45071734 515.49082557 525.5309338  535.57104203 545.61115026
 555.65125849 565.69136672 575.73147496 585.77158319 595.81169142
 605.85179965 615.89190788 625.93201611 635.97212434 646.01223258
 656.05234081 666.09244904 676.13255727 686.1726655  696.21277373
 706.25288196 716.29299019 726.33309843 736.37320666 746.41331489
 756.45342312 766.49353135 776.53363958 786.57374781 796.61385605
 806.65396428 816.69407251 826.73418074 836.77428897 846.8143972
 856.85450543 866.89461366 876.9347219  886.97483013 897.01493836
 907.05504659 917.09515482 927.13526305 937.17537128 947.21547952
 957.25558775 967.29569598 977.33580421 987.37591244 997.41602067]
d_y_fitting=[1.57894737 1.40595096 1.25059133 1.11217919 0.99002525 0.88344024
 0.79173486 0.71421984 0.65020588 0.5990037  0.55992402 0.53227755
 0.515375   0.5085271  0.51104456 0.52223808 0.5414184  0.56789622
 0.60098226 0.63998722 0.68422184 0.73299682 0.78562288 0.84141073
 0.89967109 0.95971468 1.0208522  1.08239438 1.14365192 1.20393555
 1.26255598 1.31882393 1.3720501  1.42154522 1.46662    1.50658515
 1.5407514  1.56842945 1.58893002 1.60156382 1.60564158 1.600474
 1.58537181 1.55732865 1.48993249 1.34319391 1.07699126 0.69331587
 0.31815564 0.10020617 0.18816307 0.71758728 1.47565173 1.94703724
 2.07692176 2.00199282 1.85711036 1.72219216 1.62146349 1.57663629
 1.59468555 1.64459736 1.68931946 1.69513237 1.66069716 1.60289399
 1.53823914 1.4756674  1.41870886 1.37077736 1.33528677 1.31565094
 1.31528372 1.33759896 1.38601053 1.46393226 1.57226083 1.70243311
 1.84366405 1.98516863 2.11616181 2.22585855 2.30347383 2.33822261
 2.31931985 2.23598053 2.07741961 1.83324575 1.51358418 1.15869333
 0.81123819 0.51388375 0.30929498 0.24013687 0.34850097 0.63820515
 1.05140496 1.52466866 1.99456453 2.39766082]