
p_x=[0.8613264427217916, 86.99397071490095, 138.67355727820842, 212.7476313522825, 291.12833763996554, 358.3118001722653, 371.2316968130921, 436.69250645994833, 499.5693367786391, 520.2411714039621, 577.0887166236004, 713.1782945736435, 998.2773471145564]
p_y=[2.235294117647059, 2.9411764705882346, 4.117647058823529, 5.882352941176471, 5.764705882352941, 6.117647058823529, 2.7058823529411766, 2.3529411764705888, 2.3529411764705888, 4.705882352941177, 5.294117647058823, 4.705882352941177, 5.294117647058823]
a_x=[3.4453057708871664, 96.46856158484066, 138.67355727820842, 205.85701981050818, 282.51507321274767, 358.3118001722653, 375.53832902670115, 503.01464254952634, 525.4091300602929, 573.6434108527131, 715.7622739018088, 877.6916451335056, 996.5546942291128]
a_y=[-3.2163742690058488, -3.099415204678362, -2.6315789473684212, -2.397660818713449, -0.4093567251461998, -0.1754385964912295, -2.7485380116959064, -2.514619883040936, -1.578947368421053, 0.4093567251461998, 0.29239766081871466, 0.526315789473685, 0.1754385964912295]
d_x=[1.7226528854435832, 95.60723514211885, 135.22825150732126, 201.5503875968992, 283.3763996554694, 352.2825150732127, 383.2902670111972, 498.7080103359173, 528.85443583118, 562.4461670973299, 707.1490094745909, 990.5254091300602, 997.4160206718346]
d_y=[1.578947368421053, 1.8128654970760234, 3.5672514619883042, 5.087719298245615, 5.555555555555555, 5.672514619883041, 2.397660818713451, 2.0467836257309946, 4.619883040935672, 6.608187134502924, 5.672514619883041, 5.672514619883041, 5.555555555555555]
p_x_fitting=[8.61326443e-01 1.09362357e+01 2.10111450e+01 3.10860543e+01
 4.11609636e+01 5.12358729e+01 6.13107822e+01 7.13856915e+01
 8.14606008e+01 9.15355101e+01 1.01610419e+02 1.11685329e+02
 1.21760238e+02 1.31835147e+02 1.41910057e+02 1.51984966e+02
 1.62059875e+02 1.72134785e+02 1.82209694e+02 1.92284603e+02
 2.02359512e+02 2.12434422e+02 2.22509331e+02 2.32584240e+02
 2.42659150e+02 2.52734059e+02 2.62808968e+02 2.72883878e+02
 2.82958787e+02 2.93033696e+02 3.03108605e+02 3.13183515e+02
 3.23258424e+02 3.33333333e+02 3.43408243e+02 3.53483152e+02
 3.63558061e+02 3.73632971e+02 3.83707880e+02 3.93782789e+02
 4.03857698e+02 4.13932608e+02 4.24007517e+02 4.34082426e+02
 4.44157336e+02 4.54232245e+02 4.64307154e+02 4.74382064e+02
 4.84456973e+02 4.94531882e+02 5.04606791e+02 5.14681701e+02
 5.24756610e+02 5.34831519e+02 5.44906429e+02 5.54981338e+02
 5.65056247e+02 5.75131157e+02 5.85206066e+02 5.95280975e+02
 6.05355884e+02 6.15430794e+02 6.25505703e+02 6.35580612e+02
 6.45655522e+02 6.55730431e+02 6.65805340e+02 6.75880250e+02
 6.85955159e+02 6.96030068e+02 7.06104977e+02 7.16179887e+02
 7.26254796e+02 7.36329705e+02 7.46404615e+02 7.56479524e+02
 7.66554433e+02 7.76629343e+02 7.86704252e+02 7.96779161e+02
 8.06854070e+02 8.16928980e+02 8.27003889e+02 8.37078798e+02
 8.47153708e+02 8.57228617e+02 8.67303526e+02 8.77378436e+02
 8.87453345e+02 8.97528254e+02 9.07603163e+02 9.17678073e+02
 9.27752982e+02 9.37827891e+02 9.47902801e+02 9.57977710e+02
 9.68052619e+02 9.78127529e+02 9.88202438e+02 9.98277347e+02]
p_y_fitting=[2.23529412 2.28837371 2.34221448 2.40004618 2.46509859 2.54060147
 2.62978461 2.73587777 2.86211071 3.01171322 3.18791505 3.39394599
 3.63303579 3.90841424 4.22314883 4.56966711 4.92336243 5.2580976
 5.54773545 5.76613877 5.88717037 5.88469308 5.74626693 5.5195998
 5.26890472 5.05839517 4.95228463 5.01478659 5.31011453 5.9021348
 6.76981101 7.6967966  8.43938213 8.75385815 8.39651522 7.1236439
 4.74476384 2.17709207 0.68663435 0.16601279 0.33887303 0.92886074
 1.65962159 2.25480125 2.46920319 2.33718142 2.04065192 1.76286253
 1.68706113 1.99649556 2.8586977  4.07973153 5.11424839 5.70018861
 5.91780724 5.86612627 5.64416764 5.35095332 5.07666583 4.84734106
 4.66072047 4.51442154 4.40606174 4.33325856 4.29362948 4.28479199
 4.30436355 4.34996165 4.41920377 4.5097074  4.61909    4.74496907
 4.88496208 5.03668652 5.19775986 5.36579958 5.53842317 5.7132481
 5.88789187 6.05997193 6.22710579 6.38691091 6.53700478 6.67500488
 6.79852869 6.90519368 6.99261735 7.05841717 7.10021062 7.11561518
 7.10224834 7.05772756 6.97967034 6.86569415 6.71341648 6.5204548
 6.2844266  6.00294935 5.67364054 5.29411765]
a_x_fitting=[  3.44530577  13.47671374  23.5081217   33.53952966  43.57093763
  53.60234559  63.63375356  73.66516152  83.69656948  93.72797745
 103.75938541 113.79079338 123.82220134 133.85360931 143.88501727
 153.91642523 163.9478332  173.97924116 184.01064913 194.04205709
 204.07346506 214.10487302 224.13628098 234.16768895 244.19909691
 254.23050488 264.26191284 274.2933208  284.32472877 294.35613673
 304.3875447  314.41895266 324.45036063 334.48176859 344.51317655
 354.54458452 364.57599248 374.60740045 384.63880841 394.67021638
 404.70162434 414.7330323  424.76444027 434.79584823 444.8272562
 454.85866416 464.89007213 474.92148009 484.95288805 494.98429602
 505.01570398 515.04711195 525.07851991 535.10992787 545.14133584
 555.1727438  565.20415177 575.23555973 585.2669677  595.29837566
 605.32978362 615.36119159 625.39259955 635.42400752 645.45541548
 655.48682345 665.51823141 675.54963937 685.58104734 695.6124553
 705.64386327 715.67527123 725.7066792  735.73808716 745.76949512
 755.80090309 765.83231105 775.86371902 785.89512698 795.92653494
 805.95794291 815.98935087 826.02075884 836.0521668  846.08357477
 856.11498273 866.14639069 876.17779866 886.20920662 896.24061459
 906.27202255 916.30343052 926.33483848 936.36624644 946.39765441
 956.42906237 966.46047034 976.4918783  986.52328626 996.55469423]
a_y_fitting=[-3.21637427 -3.39683347 -3.51194227 -3.56940416 -3.57692265 -3.54220126
 -3.47294348 -3.37685282 -3.26163278 -3.13498689 -3.00461862 -2.87823151
 -2.76352904 -2.66821473 -2.59959669 -2.55667102 -2.5305344  -2.51197073
 -2.49176387 -2.46069771 -2.40955613 -2.32928764 -2.21197438 -2.0501758
 -1.83645298 -1.56336703 -1.22347905 -0.80935014 -0.31363339  0.24561421
  0.79044072  1.23426708  1.4905142   1.47260303  1.09395448  0.26798949
 -1.06581082 -2.61343759 -3.8987949  -4.83052621 -5.44592203 -5.78235188
 -5.87718525 -5.76779165 -5.49154058 -5.08580155 -4.58794405 -4.0353376
 -3.46535169 -2.91535584 -2.42259541 -1.99782688 -1.59262016 -1.16275355
 -0.71801333 -0.28308918  0.11732877  0.45857163  0.72416155  0.9181596
  1.04779441  1.12029461  1.14288879  1.1228056   1.06727364  0.98352153
  0.8787779   0.76027137  0.63523054  0.51088405  0.39446052  0.29318855
  0.2128406   0.15321085  0.11255953  0.08914688  0.08123311  0.08707847
  0.10494318  0.13308747  0.16977157  0.21325571  0.26180012  0.31366503
  0.36711067  0.42039726  0.47178504  0.51953423  0.56190508  0.59715779
  0.62355261  0.63934977  0.64280949  0.632192    0.60575754  0.56176633
  0.4984786   0.41415458  0.3070545   0.1754386 ]
d_x_fitting=[  1.72265289  11.78016165  21.83767042  31.89517918  41.95268795
  52.01019671  62.06770548  72.12521424  82.18272301  92.24023178
 102.29774054 112.35524931 122.41275807 132.47026684 142.5277756
 152.58528437 162.64279313 172.7003019  182.75781066 192.81531943
 202.8728282  212.93033696 222.98784573 233.04535449 243.10286326
 253.16037202 263.21788079 273.27538955 283.33289832 293.39040709
 303.44791585 313.50542462 323.56293338 333.62044215 343.67795091
 353.73545968 363.79296844 373.85047721 383.90798598 393.96549474
 404.02300351 414.08051227 424.13802104 434.1955298  444.25303857
 454.31054733 464.3680561  474.42556486 484.48307363 494.5405824
 504.59809116 514.65559993 524.71310869 534.77061746 544.82812622
 554.88563499 564.94314375 575.00065252 585.05816129 595.11567005
 605.17317882 615.23068758 625.28819635 635.34570511 645.40321388
 655.46072264 665.51823141 675.57574018 685.63324894 695.69075771
 705.74826647 715.80577524 725.863284   735.92079277 745.97830153
 756.0358103  766.09331906 776.15082783 786.2083366  796.26584536
 806.32335413 816.38086289 826.43837166 836.49588042 846.55338919
 856.61089795 866.66840672 876.72591549 886.78342425 896.84093302
 906.89844178 916.95595055 927.01345931 937.07096808 947.12847684
 957.18598561 967.24349438 977.30100314 987.35851191 997.41602067]
d_y_fitting=[ 1.57894737  1.00147638  0.61714621  0.40609585  0.34846427  0.42439048
  0.61401345  0.89747218  1.25490566  1.66645287  2.11225281  2.57244446
  3.0271668   3.45655884  3.84203003  4.17698876  4.46144454  4.69547543
  4.87915947  5.01257472  5.09580595  5.13319597  5.14063283  5.13594243
  5.1369507   5.16148352  5.22736682  5.3524265   5.55448847  5.83677597
  6.14333869  6.40323976  6.54554226  6.49930932  6.19360405  5.557623
  4.58638746  3.44684828  2.33366932  1.40109528  0.66880485  0.12850756
 -0.22808705 -0.40926945 -0.42333011 -0.27855951  0.0167519   0.45431364
  1.02583524  1.72302623  2.53524652  3.41461863  4.28349712  5.06613354
  5.72958077  6.27487517  6.70401081  7.02163842  7.23759298  7.36230859
  7.40621931  7.37975924  7.29336245  7.15746302  6.98249502  6.77889255
  6.55708968  6.32752048  6.10061904  5.88681945  5.69655576  5.53888902
  5.41450036  5.32091019  5.25563306  5.21618354  5.2000762   5.20482561
  5.22794634  5.26695295  5.31936002  5.38268211  5.45443378  5.53212961
  5.61328417  5.69541201  5.77602772  5.85264585  5.92278098  5.98394768
  6.0336605   6.06943403  6.08878282  6.08922145  6.06826448  6.02342648
  5.95222202  5.85216567  5.72077199  5.55555556]