
p_x=[2.5839793281653747, 66.32213608957795, 149.00947459086993, 295.4349698535745, 424.63393626184325, 711.4556416881999, 860.4651162790698, 885.4435831180017, 998.2773471145564]
p_y=[2.0, 3.2941176470588243, 2.9411764705882346, 1.5294117647058822, 2.7058823529411766, 2.8235294117647056, 2.7058823529411766, 1.6470588235294112, 1.882352941176471]
a_x=[0.8613264427217916, 143.8415159345392, 293.71231696813095, 416.8819982773471, 713.1782945736435, 863.910422049957, 879.4142980189492, 1000.0]
a_y=[-1.6959064327485365, -0.9941520467836256, -2.280701754385966, -1.6959064327485365, -1.9298245614035086, -2.280701754385966, -2.7485380116959064, -3.333333333333332]
d_x=[5.167958656330749, 145.56416881998277, 293.71231696813095, 405.68475452196384, 714.900947459087, 875.1076658053403, 885.4435831180017, 949.1817398794143, 999.1386735572783]
d_y=[0.29239766081871466, 2.9824561403508776, 2.397660818713451, 3.0994152046783627, 2.7485380116959064, 1.461988304093568, 0.8771929824561404, 0.1754385964912295, -0.1754385964912295]
p_x_fitting=[  2.58397933  12.64148809  22.69899686  32.75650562  42.81401439
  52.87152316  62.92903192  72.98654069  83.04404945  93.10155822
 103.15906698 113.21657575 123.27408451 133.33159328 143.38910205
 153.44661081 163.50411958 173.56162834 183.61913711 193.67664587
 203.73415464 213.7916634  223.84917217 233.90668094 243.9641897
 254.02169847 264.07920723 274.136716   284.19422476 294.25173353
 304.30924229 314.36675106 324.42425982 334.48176859 344.53927736
 354.59678612 364.65429489 374.71180365 384.76931242 394.82682118
 404.88432995 414.94183871 424.99934748 435.05685625 445.11436501
 455.17187378 465.22938254 475.28689131 485.34440007 495.40190884
 505.4594176  515.51692637 525.57443514 535.6319439  545.68945267
 555.74696143 565.8044702  575.86197896 585.91948773 595.97699649
 606.03450526 616.09201402 626.14952279 636.20703156 646.26454032
 656.32204909 666.37955785 676.43706662 686.49457538 696.55208415
 706.60959291 716.66710168 726.72461045 736.78211921 746.83962798
 756.89713674 766.95464551 777.01215427 787.06966304 797.1271718
 807.18468057 817.24218934 827.2996981  837.35720687 847.41471563
 857.4722244  867.52973316 877.58724193 887.64475069 897.70225946
 907.75976822 917.81727699 927.87478576 937.93229452 947.98980329
 958.04731205 968.10482082 978.16232958 988.21983835 998.27734711]
p_y_fitting=[ 2.          2.3340122   2.6146835   2.84526453  3.02900591  3.16915825
  3.26897217  3.33169831  3.36058726  3.35888967  3.32985614  3.2767373
  3.20278376  3.11124615  3.00537509  2.88841037  2.76325789  2.63243418
  2.49843377  2.36375122  2.23088107  2.10231785  1.98055612  1.86809042
  1.76741529  1.68102527  1.61141491  1.56107875  1.53251133  1.5282072
  1.54998402  1.59579511  1.66222457  1.74585491  1.84326865  1.95104828
  2.06577632  2.18403527  2.30240764  2.41747593  2.52582266  2.62403032
  2.70868147  2.77722104  2.83018784  2.86881422  2.89433252  2.90797508
  2.91097424  2.90456235  2.88997175  2.86843477  2.84118377  2.80945109
  2.77446906  2.73747003  2.69968634  2.66235034  2.62669437  2.59395077
  2.56535188  2.54213004  2.5255176   2.5167469   2.51705029  2.5276601
  2.54980867  2.58472836  2.63365149  2.69781042  2.77843749  2.87658346
  2.98945852  3.11061005  3.23343947  3.35134816  3.45773751  3.54600892
  3.60956379  3.6418035   3.63612945  3.58594304  3.48464565  3.32563869
  3.10232354  2.8081016   2.43830518  2.00803267  1.54396742  1.07293958
  0.62177931  0.21731675 -0.11361792 -0.34419457 -0.44758303 -0.39695314
 -0.16547476  0.27368228  0.94734813  1.88235294]
a_x_fitting=[8.61326443e-01 1.09536363e+01 2.10459461e+01 3.11382559e+01
 4.12305658e+01 5.13228756e+01 6.14151854e+01 7.15074953e+01
 8.15998051e+01 9.16921149e+01 1.01784425e+02 1.11876735e+02
 1.21969044e+02 1.32061354e+02 1.42153664e+02 1.52245974e+02
 1.62338284e+02 1.72430594e+02 1.82522903e+02 1.92615213e+02
 2.02707523e+02 2.12799833e+02 2.22892143e+02 2.32984453e+02
 2.43076762e+02 2.53169072e+02 2.63261382e+02 2.73353692e+02
 2.83446002e+02 2.93538312e+02 3.03630621e+02 3.13722931e+02
 3.23815241e+02 3.33907551e+02 3.43999861e+02 3.54092171e+02
 3.64184480e+02 3.74276790e+02 3.84369100e+02 3.94461410e+02
 4.04553720e+02 4.14646030e+02 4.24738339e+02 4.34830649e+02
 4.44922959e+02 4.55015269e+02 4.65107579e+02 4.75199889e+02
 4.85292198e+02 4.95384508e+02 5.05476818e+02 5.15569128e+02
 5.25661438e+02 5.35753748e+02 5.45846057e+02 5.55938367e+02
 5.66030677e+02 5.76122987e+02 5.86215297e+02 5.96307607e+02
 6.06399916e+02 6.16492226e+02 6.26584536e+02 6.36676846e+02
 6.46769156e+02 6.56861466e+02 6.66953775e+02 6.77046085e+02
 6.87138395e+02 6.97230705e+02 7.07323015e+02 7.17415325e+02
 7.27507634e+02 7.37599944e+02 7.47692254e+02 7.57784564e+02
 7.67876874e+02 7.77969184e+02 7.88061493e+02 7.98153803e+02
 8.08246113e+02 8.18338423e+02 8.28430733e+02 8.38523043e+02
 8.48615352e+02 8.58707662e+02 8.68799972e+02 8.78892282e+02
 8.88984592e+02 8.99076902e+02 9.09169211e+02 9.19261521e+02
 9.29353831e+02 9.39446141e+02 9.49538451e+02 9.59630761e+02
 9.69723070e+02 9.79815380e+02 9.89907690e+02 1.00000000e+03]
a_y_fitting=[-1.69590643 -1.46036403 -1.26126876 -1.0966003  -0.96433836 -0.86246262
 -0.78895277 -0.74178852 -0.71894954 -0.71841554 -0.73816619 -0.77618121
 -0.83044027 -0.89892307 -0.9796093  -1.07047866 -1.16951083 -1.27468551
 -1.38398239 -1.49538116 -1.60686151 -1.71640314 -1.82198574 -1.921589
 -2.01319261 -2.09477626 -2.16431965 -2.21980247 -2.2592044  -2.28050515
 -2.28241089 -2.26668807 -2.23590877 -2.19264512 -2.13946921 -2.07895315
 -2.01366904 -1.94618899 -1.87908511 -1.81492949 -1.75629424 -1.70575147
 -1.66560882 -1.6360782  -1.616374   -1.60570451 -1.60327803 -1.60830284
 -1.61998723 -1.63753949 -1.66016791 -1.68708079 -1.71748641 -1.75059307
 -1.78560905 -1.82174264 -1.85820214 -1.89419583 -1.928932   -1.96161896
 -1.99146497 -2.01767834 -2.03946736 -2.05604031 -2.06660549 -2.07037118
 -2.06654568 -2.05433728 -2.03295426 -2.00160493 -1.95949755 -1.90590585
 -1.84237212 -1.77323607 -1.70301004 -1.63620637 -1.5773374  -1.53091549
 -1.50145296 -1.49346217 -1.51145546 -1.55994516 -1.64344363 -1.76646319
 -1.93351621 -2.14911501 -2.41733327 -2.73137994 -3.07315042 -3.42401163
 -3.76533048 -4.07847386 -4.34480869 -4.54570188 -4.66252034 -4.67663096
 -4.56940067 -4.32219636 -3.91638494 -3.33333333]
d_x_fitting=[  5.16795866  15.20806689  25.24817512  35.28828335  45.32839158
  55.36849981  65.40860804  75.44871628  85.48882451  95.52893274
 105.56904097 115.6091492  125.64925743 135.68936566 145.72947389
 155.76958213 165.80969036 175.84979859 185.88990682 195.93001505
 205.97012328 216.01023151 226.05033975 236.09044798 246.13055621
 256.17066444 266.21077267 276.2508809  286.29098913 296.33109736
 306.3712056  316.41131383 326.45142206 336.49153029 346.53163852
 356.57174675 366.61185498 376.65196322 386.69207145 396.73217968
 406.77228791 416.81239614 426.85250437 436.8926126  446.93272083
 456.97282907 467.0129373  477.05304553 487.09315376 497.13326199
 507.17337022 517.21347845 527.25358669 537.29369492 547.33380315
 557.37391138 567.41401961 577.45412784 587.49423607 597.5343443
 607.57445254 617.61456077 627.654669   637.69477723 647.73488546
 657.77499369 667.81510192 677.85521015 687.89531839 697.93542662
 707.97553485 718.01564308 728.05575131 738.09585954 748.13596777
 758.17607601 768.21618424 778.25629247 788.2964007  798.33650893
 808.37661716 818.41672539 828.45683362 838.49694186 848.53705009
 858.57715832 868.61726655 878.65737478 888.69748301 898.73759124
 908.77769948 918.81780771 928.85791594 938.89802417 948.9381324
 958.97824063 969.01834886 979.05845709 989.09856533 999.13867356]
d_y_fitting=[ 0.29239766  0.73813697  1.13496173  1.48534675  1.79176688  2.05669694
  2.28261176  2.47198618  2.62729501  2.75101309  2.84561526  2.91357634
  2.95737115  2.97947454  2.98236133  2.96850634  2.94038442  2.90047039
  2.85123907  2.79516531  2.73472392  2.67238974  2.6106376   2.55194233
  2.49877876  2.45362172  2.41894603  2.39722653  2.39093805  2.40253907
  2.43270684  2.47876043  2.53764682  2.60631298  2.6817059   2.76077255
  2.84045991  2.91771496  2.98948468  3.05271604  3.10435691  3.14227781
  3.16702519  3.17962777  3.18111429  3.17251347  3.15485406  3.12916479
  3.09647439  3.05781158  3.01420512  2.96668372  2.91627612  2.86401106
  2.81091727  2.75802348  2.70635842  2.65695083  2.61082944  2.56902298
  2.53256019  2.50246979  2.47978053  2.46552114  2.46072034  2.46640688
  2.48360948  2.51335688  2.55667781  2.61460101  2.6881552   2.77832734
  2.88312389  2.99563643  3.10849725  3.21433867  3.30579298  3.37549249
  3.4160695   3.42015632  3.38038526  3.28938861  3.13979868  2.92424778
  2.63536821  2.26579227  1.80815226  1.25725623  0.71947899  0.3511247
  0.13654478  0.04361433  0.04020841  0.09420213  0.17347056  0.24588879
  0.2793319   0.24167499  0.10079313 -0.1754386 ]