
p_x=[1.7226528854435832, 217.91559000861326, 444.4444444444444, 665.8053402239449, 993.1093884582257]
p_y=[-1.5294117647058805, -1.2941176470588225, -1.0588235294117645, -1.0588235294117645, -1.0588235294117645]
a_x=[0.8613264427217916, 214.4702842377261, 438.4151593453919, 573.6434108527131, 624.4616709732989, 667.5279931093885, 669.2506459948321, 703.7037037037037, 753.6606373815677, 854.4358311800172, 933.677863910422, 995.693367786391]
a_y=[-6.842105263157894, -5.789473684210527, -5.555555555555555, -5.6725146198830405, -5.906432748538011, -6.959064327485379, -6.725146198830409, -6.6081871345029235, -6.491228070175438, -4.970760233918128, -5.087719298245615, -4.7368421052631575]
d_x=[4.3066322136089585, 217.05426356589146, 441.8604651162791, 668.3893195521102, 996.5546942291128]
d_y=[0.29239766081871466, 2.0467836257309946, 2.280701754385966, 0.6432748538011701, 2.514619883040936]
p_x_fitting=[  1.72265289  11.73666032  21.75066775  31.76467518  41.77868261
  51.79269004  61.80669747  71.8207049   81.83471233  91.84871976
 101.86272719 111.87673462 121.89074205 131.90474948 141.91875691
 151.93276434 161.94677177 171.9607792  181.97478663 191.98879406
 202.00280149 212.01680892 222.03081635 232.04482378 242.05883121
 252.07283864 262.08684607 272.1008535  282.11486093 292.12886836
 302.14287579 312.15688322 322.17089065 332.18489808 342.19890551
 352.21291294 362.22692037 372.2409278  382.25493523 392.26894266
 402.28295009 412.29695752 422.31096495 432.32497238 442.33897981
 452.35298724 462.36699467 472.3810021  482.39500953 492.40901696
 502.42302439 512.43703182 522.45103925 532.46504668 542.47905411
 552.49306154 562.50706897 572.5210764  582.53508383 592.54909126
 602.56309869 612.57710612 622.59111355 632.60512098 642.61912841
 652.63313584 662.64714327 672.6611507  682.67515813 692.68916556
 702.70317299 712.71718042 722.73118785 732.74519528 742.75920271
 752.77321014 762.78721757 772.801225   782.81523243 792.82923986
 802.84324729 812.85725472 822.87126215 832.88526958 842.89927701
 852.91328444 862.92729187 872.9412993  882.95530673 892.96931416
 902.98332159 912.99732902 923.01133645 933.02534388 943.03935131
 953.05335874 963.06736617 973.0813736  983.09538103 993.10938846]
p_y_fitting=[-1.52941176 -1.5226024  -1.51520551 -1.50725023 -1.49876572 -1.4897811
 -1.48032552 -1.47042813 -1.46011805 -1.44942445 -1.43837645 -1.4270032
 -1.41533383 -1.4033975  -1.39122334 -1.3788405  -1.36627811 -1.35356532
 -1.34073126 -1.32780509 -1.31481593 -1.30179294 -1.28876526 -1.27576202
 -1.26281237 -1.24994544 -1.23719039 -1.22457634 -1.21213245 -1.19988786
 -1.1878717  -1.17611312 -1.16464126 -1.15348526 -1.14267426 -1.1322374
 -1.12220383 -1.11260269 -1.10346311 -1.09481424 -1.08668523 -1.0791052
 -1.07210331 -1.0657087  -1.0599505  -1.05485332 -1.05040704 -1.04658554
 -1.04336263 -1.04071208 -1.03860771 -1.0370233  -1.03593265 -1.03530954
 -1.03512779 -1.03536118 -1.0359835  -1.03696856 -1.03829014 -1.03992204
 -1.04183806 -1.04401198 -1.04641761 -1.04902874 -1.05181917 -1.05476268
 -1.05783307 -1.06100414 -1.06424969 -1.0675435  -1.07085937 -1.0741711
 -1.07745248 -1.08067731 -1.08381937 -1.08685248 -1.08975041 -1.09248696
 -1.09503594 -1.09737112 -1.09946632 -1.10129532 -1.10283192 -1.10404991
 -1.10492308 -1.10542524 -1.10553017 -1.10521168 -1.10444355 -1.10319958
 -1.10145357 -1.0991793  -1.09635058 -1.0929412  -1.08892495 -1.08427563
 -1.07896703 -1.07297296 -1.06626719 -1.05882353]
a_x_fitting=[8.61326443e-01 1.09101349e+01 2.09589434e+01 3.10077519e+01
 4.10565604e+01 5.11053689e+01 6.11541774e+01 7.12029859e+01
 8.12517944e+01 9.13006029e+01 1.01349411e+02 1.11398220e+02
 1.21447028e+02 1.31495837e+02 1.41544645e+02 1.51593454e+02
 1.61642262e+02 1.71691071e+02 1.81739879e+02 1.91788688e+02
 2.01837496e+02 2.11886305e+02 2.21935113e+02 2.31983922e+02
 2.42032730e+02 2.52081539e+02 2.62130347e+02 2.72179156e+02
 2.82227964e+02 2.92276773e+02 3.02325581e+02 3.12374390e+02
 3.22423198e+02 3.32472007e+02 3.42520815e+02 3.52569624e+02
 3.62618432e+02 3.72667241e+02 3.82716049e+02 3.92764858e+02
 4.02813666e+02 4.12862475e+02 4.22911283e+02 4.32960092e+02
 4.43008900e+02 4.53057709e+02 4.63106517e+02 4.73155326e+02
 4.83204134e+02 4.93252943e+02 5.03301751e+02 5.13350560e+02
 5.23399368e+02 5.33448177e+02 5.43496985e+02 5.53545794e+02
 5.63594602e+02 5.73643411e+02 5.83692219e+02 5.93741028e+02
 6.03789836e+02 6.13838645e+02 6.23887453e+02 6.33936262e+02
 6.43985070e+02 6.54033879e+02 6.64082687e+02 6.74131496e+02
 6.84180304e+02 6.94229113e+02 7.04277921e+02 7.14326730e+02
 7.24375538e+02 7.34424347e+02 7.44473155e+02 7.54521964e+02
 7.64570772e+02 7.74619581e+02 7.84668389e+02 7.94717198e+02
 8.04766006e+02 8.14814815e+02 8.24863623e+02 8.34912432e+02
 8.44961240e+02 8.55010049e+02 8.65058857e+02 8.75107666e+02
 8.85156474e+02 8.95205283e+02 9.05254091e+02 9.15302900e+02
 9.25351708e+02 9.35400517e+02 9.45449325e+02 9.55498134e+02
 9.65546942e+02 9.75595751e+02 9.85644559e+02 9.95693368e+02]
a_y_fitting=[-6.84210526 -6.82958578 -6.81094846 -6.78657729 -6.75685627 -6.72216938
 -6.68290062 -6.63943398 -6.59215344 -6.54144301 -6.48768667 -6.43126841
 -6.37257222 -6.3119821  -6.24988203 -6.186656   -6.12268802 -6.05836206
 -5.99406213 -5.9301722  -5.86707627 -5.80515834 -5.74480239 -5.68639241
 -5.63031241 -5.57694635 -5.52667825 -5.47989208 -5.43697184 -5.39830153
 -5.36426512 -5.33524662 -5.31163002 -5.29379929 -5.28213845 -5.27703147
 -5.27886235 -5.28801508 -5.30487364 -5.32982204 -5.36324427 -5.4055243
 -5.45704614 -5.51819378 -5.58927564 -5.66845536 -5.75149794 -5.83404184
 -5.91172551 -5.98018742 -6.03506603 -6.0719998  -6.08662719 -6.07458666
 -6.03151668 -5.95305571 -5.8348422  -5.67251462 -5.47630626 -5.31482974
 -5.27129251 -5.42890201 -5.87086568 -6.61468039 -7.36574823 -7.7369111
 -7.34099627 -6.21982559 -5.90029949 -6.18458306 -6.63030179 -6.89253635
 -6.9549671  -6.87046005 -6.69188121 -6.47209128 -6.25315659 -6.04369623
 -5.8458705  -5.66183969 -5.4937641  -5.34380402 -5.21411975 -5.10687157
 -5.0242198  -4.96832448 -4.93987155 -4.93457647 -4.94710817 -4.97213561
 -5.00432772 -5.03835344 -5.06888171 -5.09058148 -5.09812168 -5.08617125
 -5.04939914 -4.98247429 -4.88006563 -4.73684211]
d_x_fitting=[  4.30663221  14.32933991  24.35204761  34.3747553   44.397463
  54.4201707   64.4428784   74.46558609  84.48829379  94.51100149
 104.53370918 114.55641688 124.57912458 134.60183228 144.62453997
 154.64724767 164.66995537 174.69266306 184.71537076 194.73807846
 204.76078616 214.78349385 224.80620155 234.82890925 244.85161694
 254.87432464 264.89703234 274.91974004 284.94244773 294.96515543
 304.98786313 315.01057082 325.03327852 335.05598622 345.07869392
 355.10140161 365.12410931 375.14681701 385.1695247  395.1922324
 405.2149401  415.2376478  425.26035549 435.28306319 445.30577089
 455.32847858 465.35118628 475.37389398 485.39660168 495.41930937
 505.44201707 515.46472477 525.48743246 535.51014016 545.53284786
 555.55555556 565.57826325 575.60097095 585.62367865 595.64638634
 605.66909404 615.69180174 625.71450944 635.73721713 645.75992483
 655.78263253 665.80534022 675.82804792 685.85075562 695.87346332
 705.89617101 715.91887871 725.94158641 735.9642941  745.9870018
 756.0097095  766.0324172  776.05512489 786.07783259 796.10054029
 806.12324798 816.14595568 826.16866338 836.19137108 846.21407877
 856.23678647 866.25949417 876.28220186 886.30490956 896.32761726
 906.35032495 916.37303265 926.39574035 936.41844805 946.44115574
 956.46386344 966.48657114 976.50927883 986.53198653 996.55469423]
d_y_fitting=[0.29239766 0.39388691 0.49416508 0.5931305  0.69068147 0.78671631
 0.88113332 0.97383083 1.06470714 1.15366056 1.2405894  1.32539199
 1.40796663 1.48821163 1.56602531 1.64130597 1.71395194 1.78386152
 1.85093302 1.91506475 1.97615504 2.03410219 2.08880451 2.14016032
 2.18806792 2.23242564 2.27313177 2.31008465 2.34318256 2.37232384
 2.39740679 2.41832972 2.43499095 2.44728878 2.45512153 2.45838752
 2.45698505 2.45081244 2.43976799 2.42375003 2.40265686 2.3763868
 2.34483815 2.30790923 2.26550171 2.21770422 2.16488723 2.10744458
 2.04577007 1.98025755 1.91130081 1.8392937  1.76463003 1.68770362
 1.6089083  1.52863789 1.44728621 1.36524707 1.28291432 1.20068176
 1.11894322 1.03809252 0.95852349 0.88062994 0.80480569 0.73144458
 0.66094042 0.59368704 0.53007825 0.47050788 0.41536976 0.36505769
 0.31996552 0.28048705 0.24701611 0.21994652 0.19967211 0.18658669
 0.18108409 0.18355814 0.19440264 0.21401144 0.24277834 0.28109717
 0.32936175 0.38796591 0.45730346 0.53776824 0.62975405 0.73365473
 0.84986409 0.97877596 1.12078417 1.27628252 1.44566485 1.62932497
 1.82765672 2.0410539  2.26991035 2.51461988]