
p_x=[0.8613264427217916, 395.3488372093023, 536.6063738156761, 624.4616709732989, 838.931955211025, 999.1386735572783]
p_y=[0.9411764705882355, 1.6470588235294112, 2.0, 4.117647058823529, 4.352941176470589, 3.4117647058823533]
a_x=[1.7226528854435832, 385.0129198966408, 572.7820844099914, 998.2773471145564]
a_y=[-2.8654970760233915, -2.9824561403508767, -1.578947368421053, -2.6315789473684212]
d_x=[1.7226528854435832, 390.1808785529716, 590.869939707149, 820.8440999138674, 994.8320413436692, 1000.0]
d_y=[-0.058479532163742576, 0.7602339181286553, 2.397660818713451, 2.9824561403508776, 1.1111111111111107, 0.1754385964912295]
p_x_fitting=[8.61326443e-01 1.09449360e+01 2.10285456e+01 3.11121551e+01
 4.11957647e+01 5.12793743e+01 6.13629838e+01 7.14465934e+01
 8.15302030e+01 9.16138125e+01 1.01697422e+02 1.11781032e+02
 1.21864641e+02 1.31948251e+02 1.42031860e+02 1.52115470e+02
 1.62199080e+02 1.72282689e+02 1.82366299e+02 1.92449908e+02
 2.02533518e+02 2.12617127e+02 2.22700737e+02 2.32784346e+02
 2.42867956e+02 2.52951566e+02 2.63035175e+02 2.73118785e+02
 2.83202394e+02 2.93286004e+02 3.03369613e+02 3.13453223e+02
 3.23536833e+02 3.33620442e+02 3.43704052e+02 3.53787661e+02
 3.63871271e+02 3.73954880e+02 3.84038490e+02 3.94122100e+02
 4.04205709e+02 4.14289319e+02 4.24372928e+02 4.34456538e+02
 4.44540147e+02 4.54623757e+02 4.64707367e+02 4.74790976e+02
 4.84874586e+02 4.94958195e+02 5.05041805e+02 5.15125414e+02
 5.25209024e+02 5.35292633e+02 5.45376243e+02 5.55459853e+02
 5.65543462e+02 5.75627072e+02 5.85710681e+02 5.95794291e+02
 6.05877900e+02 6.15961510e+02 6.26045120e+02 6.36128729e+02
 6.46212339e+02 6.56295948e+02 6.66379558e+02 6.76463167e+02
 6.86546777e+02 6.96630387e+02 7.06713996e+02 7.16797606e+02
 7.26881215e+02 7.36964825e+02 7.47048434e+02 7.57132044e+02
 7.67215654e+02 7.77299263e+02 7.87382873e+02 7.97466482e+02
 8.07550092e+02 8.17633701e+02 8.27717311e+02 8.37800920e+02
 8.47884530e+02 8.57968140e+02 8.68051749e+02 8.78135359e+02
 8.88218968e+02 8.98302578e+02 9.08386187e+02 9.18469797e+02
 9.28553407e+02 9.38637016e+02 9.48720626e+02 9.58804235e+02
 9.68887845e+02 9.78971454e+02 9.89055064e+02 9.99138674e+02]
p_y_fitting=[0.94117647 1.39993189 1.81890969 2.19945595 2.54291675 2.85063817
 3.1239663  3.36424722 3.57282701 3.75105176 3.90026753 4.02182043
 4.11705653 4.18732191 4.23396266 4.25832485 4.26175457 4.24559791
 4.21120094 4.15990975 4.09307041 4.01202902 3.91813166 3.8127244
 3.69715332 3.57276453 3.44090408 3.30291807 3.16015258 3.01395369
 2.86566748 2.71664004 2.56821744 2.42174578 2.27857113 2.14003957
 2.00749719 1.88229007 1.7657643  1.65926594 1.5641411  1.48173584
 1.41339626 1.36046843 1.32429843 1.30623236 1.30761628 1.32979629
 1.37411846 1.44192889 1.53457364 1.65339881 1.79975047 1.97497471
 2.17954716 2.40877685 2.65607388 2.91484542 3.17849865 3.44044076
 3.69407893 3.93282033 4.15007717 4.34125191 4.50676158 4.64780067
 4.76556367 4.86124506 4.93603933 4.99114096 5.02774444 5.04704427
 5.05023491 5.03851086 5.01306661 4.97509663 4.92579543 4.86635747
 4.79797725 4.72184926 4.63916798 4.55112789 4.45892348 4.36374924
 4.26679966 4.16926921 4.07235239 3.97724368 3.88513757 3.79722854
 3.71471108 3.63877967 3.5706288  3.51145297 3.46244664 3.42480431
 3.39972047 3.3883896  3.39200618 3.41176471]
a_x_fitting=[  1.72265289  11.78886192  21.85507095  31.92127998  41.98748902
  52.05369805  62.11990708  72.18611611  82.25232515  92.31853418
 102.38474321 112.45095224 122.51716128 132.58337031 142.64957934
 152.71578837 162.78199741 172.84820644 182.91441547 192.98062451
 203.04683354 213.11304257 223.1792516  233.24546064 243.31166967
 253.3778787  263.44408773 273.51029677 283.5765058  293.64271483
 303.70892386 313.7751329  323.84134193 333.90755096 343.97375999
 354.03996903 364.10617806 374.17238709 384.23859612 394.30480516
 404.37101419 414.43722322 424.50343226 434.56964129 444.63585032
 454.70205935 464.76826839 474.83447742 484.90068645 494.96689548
 505.03310452 515.09931355 525.16552258 535.23173161 545.29794065
 555.36414968 565.43035871 575.49656774 585.56277678 595.62898581
 605.69519484 615.76140388 625.82761291 635.89382194 645.96003097
 656.02624001 666.09244904 676.15865807 686.2248671  696.29107614
 706.35728517 716.4234942  726.48970323 736.55591227 746.6221213
 756.68833033 766.75453936 776.8207484  786.88695743 796.95316646
 807.01937549 817.08558453 827.15179356 837.21800259 847.28421163
 857.35042066 867.41662969 877.48283872 887.54904776 897.61525679
 907.68146582 917.74767485 927.81388389 937.88009292 947.94630195
 958.01251098 968.07872002 978.14492905 988.21113808 998.27734711]
a_y_fitting=[-2.86549708 -2.98287237 -3.09187778 -3.19269658 -3.28551206 -3.37050751
 -3.44786621 -3.51777145 -3.58040651 -3.63595469 -3.68459927 -3.72652353
 -3.76191076 -3.79094424 -3.81380728 -3.83068314 -3.84175512 -3.8472065
 -3.84722056 -3.84198061 -3.83166991 -3.81647177 -3.79656945 -3.77214626
 -3.74338547 -3.71047038 -3.67358427 -3.63291042 -3.58863212 -3.54093266
 -3.48999533 -3.43600341 -3.37914018 -3.31958894 -3.25753297 -3.19315555
 -3.12663997 -3.05816953 -2.9879275  -2.91609717 -2.84286183 -2.76840476
 -2.69290925 -2.61655859 -2.53953606 -2.46202495 -2.38420855 -2.30627013
 -2.228393   -2.15076043 -2.07355571 -1.99696213 -1.92116297 -1.84634152
 -1.77268107 -1.70036489 -1.62957629 -1.56049854 -1.49331494 -1.42820876
 -1.36536329 -1.30496183 -1.24718765 -1.19222404 -1.14025429 -1.09146169
 -1.04602952 -1.00414107 -0.96597962 -0.93172846 -0.90157088 -0.87569017
 -0.8542696  -0.83749247 -0.82554206 -0.81860165 -0.81685455 -0.82048402
 -0.82967336 -0.84460586 -0.86546479 -0.89243345 -0.92569513 -0.9654331
 -1.01183066 -1.06507109 -1.12533768 -1.19281371 -1.26768247 -1.35012725
 -1.44033133 -1.538478   -1.64475055 -1.75933226 -1.88240642 -2.01415631
 -2.15476522 -2.30441644 -2.46329325 -2.63157895]
d_x_fitting=[   1.72265289   11.80626245   21.88987202   31.97348159   42.05709115
   52.14070072   62.22431029   72.30791985   82.39152942   92.47513899
  102.55874855  112.64235812  122.72596769  132.80957725  142.89318682
  152.97679639  163.06040595  173.14401552  183.22762509  193.31123465
  203.39484422  213.47845379  223.56206336  233.64567292  243.72928249
  253.81289206  263.89650162  273.98011119  284.06372076  294.14733032
  304.23093989  314.31454946  324.39815902  334.48176859  344.56537816
  354.64898772  364.73259729  374.81620686  384.89981642  394.98342599
  405.06703556  415.15064512  425.23425469  435.31786426  445.40147383
  455.48508339  465.56869296  475.65230253  485.73591209  495.81952166
  505.90313123  515.98674079  526.07035036  536.15395993  546.23756949
  556.32117906  566.40478863  576.48839819  586.57200776  596.65561733
  606.73922689  616.82283646  626.90644603  636.99005559  647.07366516
  657.15727473  667.2408843   677.32449386  687.40810343  697.491713
  707.57532256  717.65893213  727.7425417   737.82615126  747.90976083
  757.9933704   768.07697996  778.16058953  788.2441991   798.32780866
  808.41141823  818.4950278   828.57863736  838.66224693  848.7458565
  858.82946606  868.91307563  878.9966852   889.08029477  899.16390433
  909.2475139   919.33112347  929.41473303  939.4983426   949.58195217
  959.66556173  969.7491713   979.83278087  989.91639043 1000.        ]
d_y_fitting=[-0.05847953 -0.38393686 -0.68049004 -0.94899535 -1.19030904 -1.40528738
 -1.59478665 -1.75966309 -1.90077299 -2.01897259 -2.11511817 -2.19006599
 -2.24467232 -2.27979342 -2.29628555 -2.29500498 -2.27680798 -2.24255081
 -2.19308973 -2.12928102 -2.05198092 -1.96204572 -1.86033167 -1.74769504
 -1.62499209 -1.49307909 -1.3528123  -1.20504799 -1.05064242 -0.89045186
 -0.72533257 -0.55614081 -0.38373286 -0.20896498 -0.03269342  0.14422554
  0.32093564  0.49658061  0.67030419  0.84125012  1.00856213  1.17138396
  1.32885933  1.48013199  1.62434568  1.76064412  1.88817105  2.00607021
  2.11348533  2.20956015  2.2934384   2.36426382  2.42118014  2.4633311
  2.48986044  2.49991188  2.49262917  2.46715603  2.42263621  2.35835649
  2.27598312  2.17914476  2.07152865  1.95682207  1.83871229  1.72088657
  1.60703217  1.50083637  1.40598642  1.3261696   1.26507318  1.22638441
  1.21379057  1.23097892  1.28163672  1.36945125  1.49810977  1.67129954
  1.89270784  2.16602192  2.49492906  2.88311652  3.33233754  3.82843606
  4.34944017  4.87332379  5.37806085  5.84162526  6.24199095  6.55713182
  6.76502181  6.84363484  6.77094481  6.52492566  6.08355131  5.42479566
  4.52663265  3.36703618  1.92398019  0.1754386 ]