
p_x=[0.8613264427217916, 306.63221360895784, 674.4186046511628, 995.693367786391]
p_y=[0.7058823529411757, -1.647058823529413, 1.4117647058823533, 2.11764705882353]
a_x=[6.890611541774333, 477.1748492678725, 531.4384151593454, 996.5546942291128]
a_y=[-5.321637426900585, -4.7368421052631575, -4.853801169590643, -5.087719298245615]
d_x=[1.7226528854435832, 313.52282515073216, 629.6296296296297, 641.6881998277347, 668.3893195521102, 844.0999138673557, 997.4160206718346]
d_y=[0.526315789473685, -2.280701754385966, -2.397660818713449, -2.163742690058479, -0.1754385964912295, 0.1754385964912295, 0.1754385964912295]
p_x_fitting=[8.61326443e-01 1.09101349e+01 2.09589434e+01 3.10077519e+01
 4.10565604e+01 5.11053689e+01 6.11541774e+01 7.12029859e+01
 8.12517944e+01 9.13006029e+01 1.01349411e+02 1.11398220e+02
 1.21447028e+02 1.31495837e+02 1.41544645e+02 1.51593454e+02
 1.61642262e+02 1.71691071e+02 1.81739879e+02 1.91788688e+02
 2.01837496e+02 2.11886305e+02 2.21935113e+02 2.31983922e+02
 2.42032730e+02 2.52081539e+02 2.62130347e+02 2.72179156e+02
 2.82227964e+02 2.92276773e+02 3.02325581e+02 3.12374390e+02
 3.22423198e+02 3.32472007e+02 3.42520815e+02 3.52569624e+02
 3.62618432e+02 3.72667241e+02 3.82716049e+02 3.92764858e+02
 4.02813666e+02 4.12862475e+02 4.22911283e+02 4.32960092e+02
 4.43008900e+02 4.53057709e+02 4.63106517e+02 4.73155326e+02
 4.83204134e+02 4.93252943e+02 5.03301751e+02 5.13350560e+02
 5.23399368e+02 5.33448177e+02 5.43496985e+02 5.53545794e+02
 5.63594602e+02 5.73643411e+02 5.83692219e+02 5.93741028e+02
 6.03789836e+02 6.13838645e+02 6.23887453e+02 6.33936262e+02
 6.43985070e+02 6.54033879e+02 6.64082687e+02 6.74131496e+02
 6.84180304e+02 6.94229113e+02 7.04277921e+02 7.14326730e+02
 7.24375538e+02 7.34424347e+02 7.44473155e+02 7.54521964e+02
 7.64570772e+02 7.74619581e+02 7.84668389e+02 7.94717198e+02
 8.04766006e+02 8.14814815e+02 8.24863623e+02 8.34912432e+02
 8.44961240e+02 8.55010049e+02 8.65058857e+02 8.75107666e+02
 8.85156474e+02 8.95205283e+02 9.05254091e+02 9.15302900e+02
 9.25351708e+02 9.35400517e+02 9.45449325e+02 9.55498134e+02
 9.65546942e+02 9.75595751e+02 9.85644559e+02 9.95693368e+02]
p_y_fitting=[ 0.70588235  0.49319489  0.29160039  0.10089901 -0.07910908 -0.24862371
 -0.40784473 -0.55697196 -0.69620525 -0.82574444 -0.94578935 -1.05653982
 -1.1581957  -1.25095682 -1.33502301 -1.41059411 -1.47786995 -1.53705038
 -1.58833523 -1.63192434 -1.66801753 -1.69681466 -1.71851555 -1.73332005
 -1.74142798 -1.74303918 -1.7383535  -1.72757076 -1.71089081 -1.68851348
 -1.6606386  -1.62746601 -1.58919556 -1.54602707 -1.49816038 -1.44579533
 -1.38913176 -1.32836949 -1.26370838 -1.19534824 -1.12348893 -1.04833028
 -0.97007211 -0.88891428 -0.80505661 -0.71869895 -0.63004112 -0.53928297
 -0.44662433 -0.35226503 -0.25640492 -0.15924384 -0.0609816   0.03818193
  0.13804694  0.23841359  0.33908203  0.43985243  0.54052495  0.64089977
  0.74077703  0.83995692  0.93823958  1.03542518  1.13131389  1.22570587
  1.31840129  1.4092003   1.49790307  1.58430977  1.66822055  1.74943559
  1.82775504  1.90297907  1.97490785  2.04334153  2.10808028  2.16892426
  2.22567364  2.27812858  2.32608924  2.36935579  2.4077284   2.44100722
  2.46899241  2.49148415  2.5082826   2.51918791  2.52400026  2.5225198
  2.51454671  2.49988114  2.47832325  2.44967322  2.4137312   2.37029736
  2.31917186  2.26015487  2.19304655  2.11764706]
a_x_fitting=[  6.89061154  16.88721844  26.88382533  36.88043223  46.87703913
  56.87364602  66.87025292  76.86685981  86.86346671  96.8600736
 106.8566805  116.8532874  126.84989429 136.84650119 146.84310808
 156.83971498 166.83632188 176.83292877 186.82953567 196.82614256
 206.82274946 216.81935635 226.81596325 236.81257015 246.80917704
 256.80578394 266.80239083 276.79899773 286.79560463 296.79221152
 306.78881842 316.78542531 326.78203221 336.7786391  346.775246
 356.7718529  366.76845979 376.76506669 386.76167358 396.75828048
 406.75488738 416.75149427 426.74810117 436.74470806 446.74131496
 456.73792185 466.73452875 476.73113565 486.72774254 496.72434944
 506.72095633 516.71756323 526.71417013 536.71077702 546.70738392
 556.70399081 566.70059771 576.6972046  586.6938115  596.6904184
 606.68702529 616.68363219 626.68023908 636.67684598 646.67345288
 656.67005977 666.66666667 676.66327356 686.65988046 696.65648735
 706.65309425 716.64970115 726.64630804 736.64291494 746.63952183
 756.63612873 766.63273562 776.62934252 786.62594942 796.62255631
 806.61916321 816.6157701  826.612377   836.6089839  846.60559079
 856.60219769 866.59880458 876.59541148 886.59201837 896.58862527
 906.58523217 916.58183906 926.57844596 936.57505285 946.57165975
 956.56826665 966.56487354 976.56148044 986.55808733 996.55469423]
a_y_fitting=[-5.32163743 -5.25627885 -5.19409784 -5.13503587 -5.07903443 -5.02603501
 -4.9759791  -4.92880817 -4.88446373 -4.84288725 -4.80402022 -4.76780413
 -4.73418047 -4.70309072 -4.67447636 -4.6482789  -4.6244398  -4.60290056
 -4.58360267 -4.56648761 -4.55149687 -4.53857194 -4.52765429 -4.51868543
 -4.51160683 -4.50635998 -4.50288637 -4.50112749 -4.50102482 -4.50251985
 -4.50555406 -4.51006895 -4.51600599 -4.52330668 -4.53191251 -4.54176495
 -4.5528055  -4.56497564 -4.57821685 -4.59247064 -4.60767848 -4.62378185
 -4.64072225 -4.65844117 -4.67688008 -4.69598048 -4.71568385 -4.73593168
 -4.75666546 -4.77782667 -4.79935679 -4.82119733 -4.84328976 -4.86557556
 -4.88799623 -4.91049326 -4.93300812 -4.95548231 -4.97785731 -5.00007462
 -5.0220757  -5.04380206 -5.06519518 -5.08619655 -5.10674765 -5.12678997
 -5.14626499 -5.16511421 -5.18327911 -5.20070117 -5.21732189 -5.23308274
 -5.24792522 -5.26179082 -5.27462101 -5.28635729 -5.29694115 -5.30631406
 -5.31441752 -5.32119301 -5.32658203 -5.33052604 -5.33296656 -5.33384505
 -5.33310301 -5.33068192 -5.32652327 -5.32056855 -5.31275924 -5.30303683
 -5.29134281 -5.27761866 -5.26180587 -5.24384592 -5.22368031 -5.20125052
 -5.17649804 -5.14936435 -5.11979094 -5.0877193 ]
d_x_fitting=[  1.72265289  11.78016165  21.83767042  31.89517918  41.95268795
  52.01019671  62.06770548  72.12521424  82.18272301  92.24023178
 102.29774054 112.35524931 122.41275807 132.47026684 142.5277756
 152.58528437 162.64279313 172.7003019  182.75781066 192.81531943
 202.8728282  212.93033696 222.98784573 233.04535449 243.10286326
 253.16037202 263.21788079 273.27538955 283.33289832 293.39040709
 303.44791585 313.50542462 323.56293338 333.62044215 343.67795091
 353.73545968 363.79296844 373.85047721 383.90798598 393.96549474
 404.02300351 414.08051227 424.13802104 434.1955298  444.25303857
 454.31054733 464.3680561  474.42556486 484.48307363 494.5405824
 504.59809116 514.65559993 524.71310869 534.77061746 544.82812622
 554.88563499 564.94314375 575.00065252 585.05816129 595.11567005
 605.17317882 615.23068758 625.28819635 635.34570511 645.40321388
 655.46072264 665.51823141 675.57574018 685.63324894 695.69075771
 705.74826647 715.80577524 725.863284   735.92079277 745.97830153
 756.0358103  766.09331906 776.15082783 786.2083366  796.26584536
 806.32335413 816.38086289 826.43837166 836.49588042 846.55338919
 856.61089795 866.66840672 876.72591549 886.78342425 896.84093302
 906.89844178 916.95595055 927.01345931 937.07096808 947.12847684
 957.18598561 967.24349438 977.30100314 987.35851191 997.41602067]
d_y_fitting=[ 0.52631579  0.44679179  0.3648733   0.28073199  0.19453959  0.10646779
  0.01668829 -0.0746272  -0.16730698 -0.26117935 -0.35607261 -0.45181506
 -0.54823498 -0.64516069 -0.74242048 -0.83984264 -0.93725548 -1.03448729
 -1.13136637 -1.22772101 -1.32337952 -1.4181702  -1.51192134 -1.60446123
 -1.69561818 -1.78522049 -1.87309645 -1.95907436 -2.04298251 -2.12464922
 -2.20390276 -2.28057145 -2.35448358 -2.42546744 -2.49335134 -2.55796357
 -2.61913243 -2.67668622 -2.73045323 -2.78026177 -2.82594013 -2.86731661
 -2.90421951 -2.93647712 -2.96391775 -2.98636969 -3.00366123 -3.01562068
 -3.02207634 -3.02285649 -3.01778945 -3.00670351 -2.98942696 -2.9657881
 -2.93561523 -2.89873666 -2.85498067 -2.80417556 -2.74614964 -2.68073119
 -2.60774853 -2.52702994 -2.43840372 -2.32968987 -1.98966954 -1.28337249
 -0.41864481  0.38521627  1.0536277   1.59408966  2.01504245  2.32492642
  2.53218188  2.64524914  2.67256854  2.6225804   2.50372503  2.32444277
  2.09317392  1.81835882  1.50843778  1.17185113  0.81703919  0.45244228
  0.08650072 -0.27234516 -0.61565505 -0.93498861 -1.22190554 -1.46796551
 -1.66472819 -1.80375326 -1.87660041 -1.8748293  -1.78999963 -1.61367106
 -1.33740327 -0.95275595 -0.45128877  0.1754386 ]