
p_x=[0.0, 59.43152454780361, 129.19896640826872, 229.97416020671835, 297.15762273901805, 316.9681309216193, 372.95434969853574, 436.69250645994833, 467.7002583979328, 482.34280792420327, 490.0947459086994, 497.8466838931955, 502.1533161068045, 515.0732127476314, 529.7157622739019, 571.0594315245479, 605.5124892334195, 630.4909560723514, 643.4108527131783, 677.0025839793282, 761.4125753660637, 820.8440999138674, 860.4651162790698, 880.275624461671, 905.254091300603, 940.5684754521964, 996.5546942291128]
p_y=[2.3529411764705888, 3.647058823529412, 6.705882352941177, 7.647058823529411, 7.176470588235294, 5.411764705882353, 6.117647058823529, 0.8235294117647065, 1.0588235294117645, 0.9411764705882355, 1.1764705882352935, 0.8235294117647065, 6.9411764705882355, 7.0588235294117645, 6.8235294117647065, 6.9411764705882355, 7.764705882352941, 6.705882352941177, 4.352941176470589, 1.6470588235294112, 2.0, 1.6470588235294112, 1.764705882352942, 5.882352941176471, 6.9411764705882355, 6.235294117647059, 6.352941176470589]
a_x=[1.7226528854435832, 61.1541774332472, 133.50559862187768, 241.17140396210164, 281.65374677002586, 312.66149870801036, 323.85874246339364, 351.4211886304909, 378.9836347975883, 434.1085271317829, 468.56158484065463, 497.8466838931955, 511.6279069767442, 535.7450473729543, 561.5848406546081, 629.6296296296297, 647.7174849267873, 685.6158484065461, 796.7269595176572, 835.4866494401379, 871.6623600344531, 888.8888888888888, 915.5900086132644, 950.9043927648578, 992.2480620155038]
a_y=[-2.397660818713449, -2.397660818713449, -1.2280701754385959, 1.2280701754385976, 1.461988304093568, 0.7602339181286553, -1.6959064327485365, -2.0467836257309955, -1.8128654970760234, 3.6842105263157894, 4.619883040935672, 4.152046783625732, 0.7602339181286553, 0.058479532163742576, 0.526315789473685, 0.29239766081871466, -0.5263157894736832, -1.4619883040935662, -1.4619883040935662, -1.578947368421053, -1.1111111111111107, 1.9298245614035086, 2.9824561403508776, 2.8654970760233924, 2.8654970760233924]
d_x=[3.4453057708871664, 65.46080964685616, 134.36692506459949, 239.44875107665806, 304.0482342807924, 323.85874246339364, 381.56761412575366, 431.5245478036176, 461.6709732988803, 497.8466838931955, 517.6571920757967, 546.9422911283376, 575.3660637381568, 630.4909560723514, 656.3307493540051, 701.1197243755383, 764.8578811369508, 808.7855297157622, 865.6330749354005, 883.7209302325582, 909.5607235142119, 944.8751076658053, 993.1093884582257]
d_y=[5.2046783625731, 6.959064327485381, 7.894736842105264, 8.362573099415204, 7.309941520467836, 5.2046783625731, 5.7894736842105265, 1.3450292397660828, 0.9941520467836256, 0.9941520467836256, 7.192982456140351, 7.894736842105264, 7.6608187134502925, 7.777777777777778, 4.853801169590644, 4.619883040935672, 4.619883040935672, 4.385964912280702, 4.269005847953217, 7.6608187134502925, 8.24561403508772, 7.543859649122807, 7.777777777777778]
p_x_fitting=[  0.          10.06620903  20.13241807  30.1986271   40.26483613
  50.33104516  60.3972542   70.46346323  80.52967226  90.59588129
 100.66209033 110.72829936 120.79450839 130.86071742 140.92692646
 150.99313549 161.05934452 171.12555355 181.19176259 191.25797162
 201.32418065 211.39038968 221.45659872 231.52280775 241.58901678
 251.65522582 261.72143485 271.78764388 281.85385291 291.92006195
 301.98627098 312.05248001 322.11868904 332.18489808 342.25110711
 352.31731614 362.38352517 372.44973421 382.51594324 392.58215227
 402.6483613  412.71457034 422.78077937 432.8469884  442.91319744
 452.97940647 463.0456155  473.11182453 483.17803357 493.2442426
 503.31045163 513.37666066 523.4428697  533.50907873 543.57528776
 553.64149679 563.70770583 573.77391486 583.84012389 593.90633292
 603.97254196 614.03875099 624.10496002 634.17116905 644.23737809
 654.30358712 664.36979615 674.43600519 684.50221422 694.56842325
 704.63463228 714.70084132 724.76705035 734.83325938 744.89946841
 754.96567745 765.03188648 775.09809551 785.16430454 795.23051358
 805.29672261 815.36293164 825.42914067 835.49534971 845.56155874
 855.62776777 865.69397681 875.76018584 885.82639487 895.8926039
 905.95881294 916.02502197 926.091231   936.15744003 946.22364907
 956.2898581  966.35606713 976.42227616 986.4884852  996.55469423]
p_y_fitting=[ 2.35294118  2.3005023   2.38396504  2.58402328  2.8813709   3.25670179
  3.69070984  4.16408894  4.65753297  5.15173581  5.62739137  6.06519351
  6.44583614  6.75004028  6.96796328  7.11299846  7.20205176  7.25202916
  7.27983659  7.30238003  7.33656542  7.39929873  7.50748591  7.67798
  7.90552511  8.12865052  8.27708296  8.28054913  8.06877576  7.57148955
  6.72961272  5.76789166  5.19338683  5.15801919  5.45535862  5.86423466
  6.16347685  6.13191473  5.6065857   4.6952029   3.58409864  2.45961375
  1.50808909  0.91586549  0.84341889  1.09047943  1.19192516  0.76144304
  1.0574577  -0.02235788  8.20488643  7.77719175  6.093332    7.21353698
  7.64403143  7.49117234  7.126904    6.92133666  7.06048927  7.39157608
  7.72537718  7.85228887  7.43288406  6.09251091  4.21200182  2.87985223
  2.1159654   1.71560121  1.48723854  1.35633836  1.309422    1.33354058
  1.41574524  1.54308714  1.70261741  1.88138719  2.06622882  2.23302064
  2.34180668  2.35139441  2.22059129  1.90820479  1.38013724  0.80540529
  0.58116404  1.11668949  2.77867602  5.0383945   6.57108529  7.02490373
  6.92813623  6.72885328  6.5185168   6.31636822  6.14164893  6.01360034
  5.95146386  5.9744809   6.10189287  6.35294118]
a_x_fitting=[  1.72265289  11.72796005  21.73326721  31.73857437  41.74388154
  51.7491887   61.75449586  71.75980303  81.76511019  91.77041735
 101.77572451 111.78103168 121.78633884 131.791646   141.79695317
 151.80226033 161.80756749 171.81287466 181.81818182 191.82348898
 201.82879614 211.83410331 221.83941047 231.84471763 241.8500248
 251.85533196 261.86063912 271.86594628 281.87125345 291.87656061
 301.88186777 311.88717494 321.8924821  331.89778926 341.90309643
 351.90840359 361.91371075 371.91901791 381.92432508 391.92963224
 401.9349394  411.94024657 421.94555373 431.95086089 441.95616805
 451.96147522 461.96678238 471.97208954 481.97739671 491.98270387
 501.98801103 511.99331819 521.99862536 532.00393252 542.00923968
 552.01454685 562.01985401 572.02516117 582.03046834 592.0357755
 602.04108266 612.04638982 622.05169699 632.05700415 642.06231131
 652.06761848 662.07292564 672.0782328  682.08353996 692.08884713
 702.09415429 712.09946145 722.10476862 732.11007578 742.11538294
 752.12069011 762.12599727 772.13130443 782.13661159 792.14191876
 802.14722592 812.15253308 822.15784025 832.16314741 842.16845457
 852.17376173 862.1790689  872.18437606 882.18968322 892.19499039
 902.20029755 912.20560471 922.21091187 932.21621904 942.2215262
 952.22683336 962.23214053 972.23744769 982.24275485 992.24806202]
a_y_fitting=[-2.39766082 -2.44747613 -2.47854482 -2.4897845  -2.48011282 -2.44844739
 -2.39370584 -2.3148058  -2.2106649  -2.08020076 -1.92233101 -1.73597327
 -1.52004518 -1.27346436 -0.99628917 -0.69627306 -0.3843503  -0.07146525
  0.23143777  0.5134144   0.76352031  0.97081114  1.12434257  1.21317024
  1.22635522  1.17404461  1.13526558  1.20308733  1.47057777  1.89555436
  1.92897159  0.90307066 -1.31452064 -2.53016719 -2.45703048 -2.03212041
 -1.93767841 -1.95596395 -1.67744566 -0.90280138  0.2050662   1.44741472
  2.6255018   3.54058506  4.0313669   4.22763345  4.39546745  4.79431019
  5.26165291  4.9939842   3.18095496  0.69073773 -0.26919128 -0.09384482
  0.25454018  0.43023892  0.5305598   0.6367822   0.73978267  0.81060362
  0.8202875   0.73987671  0.54041369  0.19340208 -0.26952649 -0.7001816
 -1.01991643 -1.24918207 -1.41417899 -1.5399916  -1.63775596 -1.70912405
 -1.7555665  -1.77855395 -1.77955702 -1.76004634 -1.72149254 -1.66536624
 -1.59313808 -1.50627868 -1.40785058 -1.33124126 -1.33703322 -1.48677248
 -1.81954465 -2.11442828 -1.98327418 -1.03521109  0.7775301   2.33967662
  2.96208764  3.01323343  2.93081711  2.88382197  2.86556839  2.86634419
  2.87643715  2.88613509  2.88572579  2.86549708]
d_x_fitting=[  3.44530577  13.44191267  23.43851956  33.43512646  43.43173335
  53.42834025  63.42494715  73.42155404  83.41816094  93.41476783
 103.41137473 113.40798163 123.40458852 133.40119542 143.39780231
 153.39440921 163.3910161  173.387623   183.3842299  193.38083679
 203.37744369 213.37405058 223.37065748 233.36726438 243.36387127
 253.36047817 263.35708506 273.35369196 283.35029885 293.34690575
 303.34351265 313.34011954 323.33672644 333.33333333 343.32994023
 353.32654712 363.32315402 373.31976092 383.31636781 393.31297471
 403.3095816  413.3061885  423.3027954  433.29940229 443.29600919
 453.29261608 463.28922298 473.28582987 483.28243677 493.27904367
 503.27565056 513.27225746 523.26886435 533.26547125 543.26207815
 553.25868504 563.25529194 573.25189883 583.24850573 593.24511262
 603.24171952 613.23832642 623.23493331 633.23154021 643.2281471
 653.224754   663.2213609  673.21796779 683.21457469 693.21118158
 703.20778848 713.20439537 723.20100227 733.19760917 743.19421606
 753.19082296 763.18742985 773.18403675 783.18064365 793.17725054
 803.17385744 813.17046433 823.16707123 833.16367812 843.16028502
 853.15689192 863.15349881 873.15010571 883.1467126  893.1433195
 903.1399264  913.13653329 923.13314019 933.12974708 943.12635398
 953.12296087 963.11956777 973.11617467 983.11278156 993.10938846]
d_y_fitting=[ 5.20467836  5.53831951  5.85343295  6.14929551  6.42518401  6.68037528
  6.91414615  7.12577344  7.31453397  7.47970458  7.62056209  7.73638332
  7.8264451   7.89002426  7.92742328  7.94443506  7.948682    7.94778774
  7.94937595  7.96107027  7.99049437  8.04527188  8.13302647  8.26138179
  8.43714339  8.63368512  8.77998582  8.80195812  8.62551466  8.17656808
  7.38103101  6.25305883  5.24317273  4.82032535  4.90969103  5.27750435
  5.68998044  5.91333446  5.71421026  4.98743278  3.93475081  2.80289312
  1.8385885   1.28792148  1.21159928  1.22972176  0.89925728  0.10962308
 -0.42363963  0.14115937  2.5602815   5.97206135  8.16607016  8.58177222
  8.10758898  7.63560742  7.49371945  7.61051775  7.90170407  8.24882269
  8.51760852  8.57371059  8.2827779   7.51249683  6.32693542  5.14719369
  4.3980734   4.13871852  4.2062444   4.43464235  4.65820909  4.76922354
  4.78615692  4.74407382  4.67803883  4.62311654  4.61437154  4.67497257
  4.74889642  4.74777413  4.58314067  4.17108561  3.57016493  3.00616029
  2.71439964  2.93021093  3.88892212  5.71545115  7.57999234  8.42495351
  8.4302704   8.14021534  7.88686295  7.69395732  7.56099619  7.48747726
  7.47289823  7.51675684  7.61855078  7.77777778]