
p_x=[0.0, 43.927648578811365, 105.94315245478036, 119.72437553832903, 198.10508182601205, 222.2222222222222, 291.12833763996554, 297.15762273901805, 304.90956072351423, 329.02670111972435, 353.1438415159345, 397.9328165374677, 411.71403962101635, 452.1963824289406, 478.0361757105943, 513.3505598621878, 622.7390180878552, 667.5279931093885, 732.9888027562446, 784.668389319552, 815.6761412575366, 861.3264427217916, 902.6701119724376, 924.2032730404824, 964.6856158484065, 998.2773471145564]
p_y=[-2.8235294117647065, -2.2352941176470598, -2.5882352941176467, -3.764705882352942, -4.9411764705882355, -5.1764705882352935, -3.0588235294117645, -2.8235294117647065, 1.1764705882352935, 2.0, 2.235294117647059, 2.11764705882353, -0.8235294117647047, -1.1764705882352935, -2.3529411764705888, -2.8235294117647065, -2.9411764705882355, 2.8235294117647056, 3.0588235294117645, 2.5882352941176467, -1.5294117647058805, -1.764705882352942, -0.7058823529411757, 3.0588235294117645, 3.2941176470588243, 3.5294117647058822]
a_x=[0.8613264427217916, 108.52713178294573, 121.44702842377261, 226.5288544358312, 298.88027562446166, 403.1007751937984, 506.4599483204134, 622.7390180878552, 681.3092161929371, 814.8148148148148, 912.1447028423772, 995.693367786391]
a_y=[-4.269005847953215, -4.152046783625732, -3.6842105263157894, -4.035087719298245, -2.397660818713449, -3.450292397660819, -3.9181286549707615, -3.9181286549707615, -2.7485380116959064, -0.5263157894736832, -1.3450292397660828, -1.8128654970760234]
d_x=[0.0, 107.66580534022395, 162.79069767441862, 178.29457364341087, 193.79844961240312, 227.39018087855297, 298.88027562446166, 353.1438415159345, 397.9328165374677, 409.9913867355728, 446.167097329888, 477.1748492678725, 511.6279069767442, 626.1843238587425, 631.3522825150733, 679.5865633074935, 742.4633936261843, 812.2308354866494, 888.8888888888888, 995.693367786391]
d_y=[0.29239766081871466, 0.4093567251461998, -0.5263157894736832, -0.9941520467836256, -0.9941520467836256, -1.2280701754385959, 2.9824561403508776, 3.333333333333334, 2.6315789473684212, -0.6432748538011701, 1.1111111111111107, 1.1111111111111107, 1.3450292397660828, 2.0467836257309946, 1.6959064327485383, 4.736842105263158, 3.9181286549707606, 1.8128654970760234, 5.087719298245615, 5.555555555555555]
p_x_fitting=[  0.          10.08360957  20.16721913  30.2508287   40.33443827
  50.41804783  60.5016574   70.58526697  80.66887653  90.7524861
 100.83609567 110.91970523 121.0033148  131.08692437 141.17053394
 151.2541435  161.33775307 171.42136264 181.5049722  191.58858177
 201.67219134 211.7558009  221.83941047 231.92302004 242.0066296
 252.09023917 262.17384874 272.2574583  282.34106787 292.42467744
 302.508287   312.59189657 322.67550614 332.7591157  342.84272527
 352.92633484 363.00994441 373.09355397 383.17716354 393.26077311
 403.34438267 413.42799224 423.51160181 433.59521137 443.67882094
 453.76243051 463.84604007 473.92964964 484.01325921 494.09686877
 504.18047834 514.26408791 524.34769747 534.43130704 544.51491661
 554.59852617 564.68213574 574.76574531 584.84935488 594.93296444
 605.01657401 615.10018358 625.18379314 635.26740271 645.35101228
 655.43462184 665.51823141 675.60184098 685.68545054 695.76906011
 705.85266968 715.93627924 726.01988881 736.10349838 746.18710794
 756.27071751 766.35432708 776.43793664 786.52154621 796.60515578
 806.68876535 816.77237491 826.85598448 836.93959405 847.02320361
 857.10681318 867.19042275 877.27403231 887.35764188 897.44125145
 907.52486101 917.60847058 927.69208015 937.77568971 947.85929928
 957.94290885 968.02651841 978.11012798 988.19373755 998.27734711]
p_y_fitting=[-2.82352941 -2.92618302 -2.84301933 -2.63029287 -2.34425816 -2.04116972
 -1.77728208 -1.60884976 -1.59212729 -1.78336919 -2.23882999 -3.00375855
 -3.86260153 -4.46592359 -4.81391772 -4.96833629 -4.99093168 -4.94345628
 -4.88766247 -4.88530263 -4.99597584 -5.16721897 -5.18206786 -4.8673676
 -4.30520962 -3.6491816  -3.05287468 -2.66988002 -2.65378878 -3.1502953
 -0.17100387  3.36551813  2.87073652  1.67597046  1.59498337  2.21836512
  3.00906564  3.59721487  3.65753024  2.86472957  0.95693199 -1.09517152
 -1.91389605 -1.81732536 -1.38205403 -1.18405202 -1.54464768 -2.14040858
 -2.56733215 -2.72839366 -2.76742747 -2.83470716 -3.03709191 -3.34883422
 -3.71895696 -4.09648295 -4.43043506 -4.66983612 -4.76370898 -4.66107649
 -4.31096149 -3.66238684 -2.66497186 -1.34622339  0.11190861  1.50927854
  2.64574076  3.34824678  3.64356943  3.64786889  3.4777233   3.24971079
  3.08040948  3.0849325   3.27278462  3.47869229  3.52097256  3.21794245
  2.38858363  1.0268374  -0.46477179 -1.62564516 -2.1528075  -2.19986727
 -2.00262947 -1.79689911 -1.80009524 -1.93335778 -1.87841325 -1.31013752
  0.07282579  1.97444115  3.48011353  4.10956728  4.07788839  3.65727422
  3.11992211  2.73802943  2.78379353  3.52941176]
a_x_fitting=[8.61326443e-01 1.09101349e+01 2.09589434e+01 3.10077519e+01
 4.10565604e+01 5.11053689e+01 6.11541774e+01 7.12029859e+01
 8.12517944e+01 9.13006029e+01 1.01349411e+02 1.11398220e+02
 1.21447028e+02 1.31495837e+02 1.41544645e+02 1.51593454e+02
 1.61642262e+02 1.71691071e+02 1.81739879e+02 1.91788688e+02
 2.01837496e+02 2.11886305e+02 2.21935113e+02 2.31983922e+02
 2.42032730e+02 2.52081539e+02 2.62130347e+02 2.72179156e+02
 2.82227964e+02 2.92276773e+02 3.02325581e+02 3.12374390e+02
 3.22423198e+02 3.32472007e+02 3.42520815e+02 3.52569624e+02
 3.62618432e+02 3.72667241e+02 3.82716049e+02 3.92764858e+02
 4.02813666e+02 4.12862475e+02 4.22911283e+02 4.32960092e+02
 4.43008900e+02 4.53057709e+02 4.63106517e+02 4.73155326e+02
 4.83204134e+02 4.93252943e+02 5.03301751e+02 5.13350560e+02
 5.23399368e+02 5.33448177e+02 5.43496985e+02 5.53545794e+02
 5.63594602e+02 5.73643411e+02 5.83692219e+02 5.93741028e+02
 6.03789836e+02 6.13838645e+02 6.23887453e+02 6.33936262e+02
 6.43985070e+02 6.54033879e+02 6.64082687e+02 6.74131496e+02
 6.84180304e+02 6.94229113e+02 7.04277921e+02 7.14326730e+02
 7.24375538e+02 7.34424347e+02 7.44473155e+02 7.54521964e+02
 7.64570772e+02 7.74619581e+02 7.84668389e+02 7.94717198e+02
 8.04766006e+02 8.14814815e+02 8.24863623e+02 8.34912432e+02
 8.44961240e+02 8.55010049e+02 8.65058857e+02 8.75107666e+02
 8.85156474e+02 8.95205283e+02 9.05254091e+02 9.15302900e+02
 9.25351708e+02 9.35400517e+02 9.45449325e+02 9.55498134e+02
 9.65546942e+02 9.75595751e+02 9.85644559e+02 9.95693368e+02]
a_y_fitting=[-4.26900585 -5.35739132 -6.08675459 -6.50277768 -6.65114262 -6.57753142
 -6.32762609 -5.94710865 -5.48166113 -4.97696554 -4.4787039  -4.03255822
 -3.68421053 -3.46777477 -3.37109265 -3.37043781 -3.44208387 -3.56230449
 -3.70737328 -3.85356389 -3.97714996 -4.05440512 -4.061603   -3.97636068
 -3.80176298 -3.56366723 -3.28873298 -3.00361983 -2.73498735 -2.5094951
 -2.3535457  -2.27912977 -2.27645979 -2.33393882 -2.43996993 -2.58295619
 -2.75130066 -2.93340642 -3.11767654 -3.29251408 -3.44632211 -3.56993833
 -3.66481089 -3.73527773 -3.78567686 -3.82034629 -3.84362401 -3.85984803
 -3.87335636 -3.88848699 -3.90957794 -3.94050186 -3.98007939 -4.02403385
 -4.06804378 -4.10778773 -4.13894423 -4.15719183 -4.15820904 -4.13767442
 -4.09126651 -4.01466383 -3.90354761 -3.75607077 -3.57743071 -3.37407156
 -3.15243744 -2.91897246 -2.68010592 -2.44097545 -2.20444299 -1.97313881
 -1.7496932  -1.53673646 -1.33689886 -1.1528107  -0.98710225 -0.8424038
 -0.72134565 -0.62655807 -0.56067136 -0.52631579 -0.52500962 -0.55382294
 -0.60871382 -0.68564032 -0.78056049 -0.88943241 -1.00821413 -1.13286371
 -1.25933921 -1.3835987  -1.50160024 -1.60930189 -1.70266171 -1.77763776
 -1.8301881  -1.8562708  -1.85184391 -1.8128655 ]
d_x_fitting=[  0.          10.05750877  20.11501753  30.1725263   40.23003506
  50.28754383  60.34505259  70.40256136  80.46007012  90.51757889
 100.57508766 110.63259642 120.69010519 130.74761395 140.80512272
 150.86263148 160.92014025 170.97764901 181.03515778 191.09266654
 201.15017531 211.20768408 221.26519284 231.32270161 241.38021037
 251.43771914 261.4952279  271.55273667 281.61024543 291.6677542
 301.72526297 311.78277173 321.8402805  331.89778926 341.95529803
 352.01280679 362.07031556 372.12782432 382.18533309 392.24284186
 402.30035062 412.35785939 422.41536815 432.47287692 442.53038568
 452.58789445 462.64540321 472.70291198 482.76042074 492.81792951
 502.87543828 512.93294704 522.99045581 533.04796457 543.10547334
 553.1629821  563.22049087 573.27799963 583.3355084  593.39301717
 603.45052593 613.5080347  623.56554346 633.62305223 643.68056099
 653.73806976 663.79557852 673.85308729 683.91059606 693.96810482
 704.02561359 714.08312235 724.14063112 734.19813988 744.25564865
 754.31315741 764.37066618 774.42817494 784.48568371 794.54319248
 804.60070124 814.65821001 824.71571877 834.77322754 844.8307363
 854.88824507 864.94575383 875.0032626  885.06077137 895.11828013
 905.1757889  915.23329766 925.29080643 935.34831519 945.40582396
 955.46333272 965.52084149 975.57835026 985.63585902 995.69336779]
d_y_fitting=[ 0.29239766  0.20677509  0.16531978  0.15966735  0.18145342  0.22231359
  0.27388347  0.32779869  0.37569485  0.40920757  0.41997246  0.39962512
  0.33980118  0.23213625  0.06826594 -0.16017413 -0.46154837 -0.81707876
 -1.01844263 -0.99657307 -1.05203716 -1.20096685 -1.28179785 -1.13373512
 -0.6997479  -0.06083041  0.69246631  1.46959122  2.17999327  2.73312142
  3.03928365  3.08548052  2.99487798  2.90463878  2.95192564  3.27390131
  3.93318202  4.57352     4.69248012  3.7874756   1.4130683  -1.05597606
 -1.50162632 -0.5715886   0.73754291  1.48961951  1.52843724  1.24028017
  1.00952743  0.98900344  1.13114325  1.38177799  1.69341673  2.0367658
  2.38560229  2.71370331  2.99484596  3.20280732  3.3113645   3.29429459
  3.12537469  2.7783819   2.22709332  1.59719931  1.65462845  2.30822345
  3.27378423  4.26711071  5.00869606  5.37293306  5.41902824  5.21712925
  4.83738372  4.34993929  3.82489532  3.31858555  2.85468602  2.45213597
  2.12987463  1.90684122  1.80197499  1.83411813  2.00929797  2.3080541
  2.70791228  3.18639829  3.72103789  4.28935686  4.86888097  5.43713598
  5.97164768  6.44994182  6.84954418  7.14798053  7.32277664  7.35145828
  7.21155122  6.88058124  6.33607409  5.55555556]