
p_x=[0.0, 74.07407407407408, 149.87080103359173, 158.48406546080966, 253.2299741602067, 360.03445305770884, 390.1808785529716, 490.9560723514212, 581.3953488372093, 587.4246339362619, 673.5572782084411, 732.9888027562446, 882.8596037898363, 995.693367786391]
p_y=[1.5294117647058822, 2.5882352941176467, 1.6470588235294112, 2.9411764705882346, 4.823529411764706, 4.823529411764706, 1.6470588235294112, 1.5294117647058822, 2.0, 3.2941176470588243, 4.0, 4.705882352941177, 4.470588235294118, 4.352941176470589]
a_x=[0.8613264427217916, 163.6520241171404, 248.92334194659776, 369.50904392764863, 394.4875107665805, 496.9853574504737, 577.9500430663221, 588.2859603789836, 691.6451335055987, 744.1860465116279, 996.5546942291128]
a_y=[-3.099415204678362, -3.2163742690058488, -1.578947368421053, -1.8128654970760234, -2.9824561403508767, -2.514619883040936, -3.2163742690058488, -1.578947368421053, -0.1754385964912295, -1.2280701754385959, -1.578947368421053]
d_x=[1.7226528854435832, 48.23428079242033, 88.71662360034453, 128.33763996554694, 166.23600344530576, 177.43324720068907, 204.1343669250646, 248.06201550387595, 251.50732127476317, 307.49354005167953, 370.3703703703703, 398.7941429801895, 504.73729543496984, 587.4246339362619, 600.3445305770887, 647.7174849267873, 685.6158484065461, 738.1567614125754, 999.1386735572783]
d_y=[-0.1754385964912295, 0.8771929824561404, 0.6432748538011701, 0.9941520467836256, 0.9941520467836256, 3.450292397660819, 3.6842105263157894, 3.0994152046783627, 3.333333333333334, 4.035087719298246, 2.9824561403508776, 1.1111111111111107, 1.9298245614035086, 2.0467836257309946, 4.853801169590644, 5.43859649122807, 4.736842105263158, 4.385964912280702, 3.9181286549707606]
p_x_fitting=[  0.          10.05750877  20.11501753  30.1725263   40.23003506
  50.28754383  60.34505259  70.40256136  80.46007012  90.51757889
 100.57508766 110.63259642 120.69010519 130.74761395 140.80512272
 150.86263148 160.92014025 170.97764901 181.03515778 191.09266654
 201.15017531 211.20768408 221.26519284 231.32270161 241.38021037
 251.43771914 261.4952279  271.55273667 281.61024543 291.6677542
 301.72526297 311.78277173 321.8402805  331.89778926 341.95529803
 352.01280679 362.07031556 372.12782432 382.18533309 392.24284186
 402.30035062 412.35785939 422.41536815 432.47287692 442.53038568
 452.58789445 462.64540321 472.70291198 482.76042074 492.81792951
 502.87543828 512.93294704 522.99045581 533.04796457 543.10547334
 553.1629821  563.22049087 573.27799963 583.3355084  593.39301717
 603.45052593 613.5080347  623.56554346 633.62305223 643.68056099
 653.73806976 663.79557852 673.85308729 683.91059606 693.96810482
 704.02561359 714.08312235 724.14063112 734.19813988 744.25564865
 754.31315741 764.37066618 774.42817494 784.48568371 794.54319248
 804.60070124 814.65821001 824.71571877 834.77322754 844.8307363
 854.88824507 864.94575383 875.0032626  885.06077137 895.11828013
 905.1757889  915.23329766 925.29080643 935.34831519 945.40582396
 955.46333272 965.52084149 975.57835026 985.63585902 995.69336779]
p_y_fitting=[ 1.52941176  3.09778475  4.05967979  4.50391784  4.51931987  4.19470683
  3.61889968  2.88071938  2.06898688  1.27252314  0.58014913  0.08068579
 -0.13704591  0.01577499  0.62796944  1.78813548  3.2808222   4.40048029
  5.11805968  5.50434501  5.63012091  5.56617201  5.38328295  5.15223836
  4.94382287  4.82882112  4.86692015  5.04129543  5.30287189  5.60246132
  5.89087551  6.11892624  6.23742529  6.19718446  5.94901551  5.44373024
  4.63254844  3.55057626  2.41881556  1.48277561  0.89828989  0.62390482
  0.59189992  0.7345547   0.98414868  1.27296137  1.5332723   1.69736098
  1.69750691  1.46619129  0.98799947  0.36873569 -0.26859556 -0.80098975
 -1.10544237 -1.05894891 -0.53850485  0.57889431  2.41281316  4.3834432
  5.63166411  6.25320888  6.37607186  6.12824743  5.63772995  5.03251379
  4.44059331  3.9899621   3.77535378  3.76968733  3.91800125  4.16533406
  4.45672427  4.73722757  4.9657311   5.13986566  5.26399454  5.34248103
  5.3796884   5.37997994  5.34771893  5.28726866  5.2029924   5.09925344
  4.98041506  4.85084054  4.71489317  4.57693623  4.441333    4.31244676
  4.1946408   4.0922784   4.00972283  3.95133739  3.92148536  3.92453002
  3.96483464  4.04676252  4.17467694  4.35294118]
a_x_fitting=[8.61326443e-01 1.09188352e+01 2.09763440e+01 3.10338527e+01
 4.10913615e+01 5.11488703e+01 6.12063790e+01 7.12638878e+01
 8.13213966e+01 9.13789053e+01 1.01436414e+02 1.11493923e+02
 1.21551432e+02 1.31608940e+02 1.41666449e+02 1.51723958e+02
 1.61781467e+02 1.71838975e+02 1.81896484e+02 1.91953993e+02
 2.02011502e+02 2.12069011e+02 2.22126519e+02 2.32184028e+02
 2.42241537e+02 2.52299046e+02 2.62356554e+02 2.72414063e+02
 2.82471572e+02 2.92529081e+02 3.02586589e+02 3.12644098e+02
 3.22701607e+02 3.32759116e+02 3.42816624e+02 3.52874133e+02
 3.62931642e+02 3.72989151e+02 3.83046660e+02 3.93104168e+02
 4.03161677e+02 4.13219186e+02 4.23276695e+02 4.33334203e+02
 4.43391712e+02 4.53449221e+02 4.63506730e+02 4.73564238e+02
 4.83621747e+02 4.93679256e+02 5.03736765e+02 5.13794273e+02
 5.23851782e+02 5.33909291e+02 5.43966800e+02 5.54024309e+02
 5.64081817e+02 5.74139326e+02 5.84196835e+02 5.94254344e+02
 6.04311852e+02 6.14369361e+02 6.24426870e+02 6.34484379e+02
 6.44541887e+02 6.54599396e+02 6.64656905e+02 6.74714414e+02
 6.84771922e+02 6.94829431e+02 7.04886940e+02 7.14944449e+02
 7.25001958e+02 7.35059466e+02 7.45116975e+02 7.55174484e+02
 7.65231993e+02 7.75289501e+02 7.85347010e+02 7.95404519e+02
 8.05462028e+02 8.15519536e+02 8.25577045e+02 8.35634554e+02
 8.45692063e+02 8.55749572e+02 8.65807080e+02 8.75864589e+02
 8.85922098e+02 8.95979607e+02 9.06037115e+02 9.16094624e+02
 9.26152133e+02 9.36209642e+02 9.46267150e+02 9.56324659e+02
 9.66382168e+02 9.76439677e+02 9.86497185e+02 9.96554694e+02]
a_y_fitting=[-3.0994152  -3.3215625  -3.50817582 -3.66078389 -3.7809154  -3.87009908
 -3.92986362 -3.96173773 -3.96725013 -3.94792953 -3.90530462 -3.84090413
 -3.75625675 -3.65289121 -3.5323362  -3.39612044 -3.24577263 -3.08282149
 -2.90879572 -2.72522403 -2.53363513 -2.33555773 -2.13252054 -1.92605226
 -1.71768161 -1.50898668 -1.30446016 -1.11308461 -0.9442256  -0.80724869
 -0.71151945 -0.66640344 -0.68126624 -0.76547339 -0.92839048 -1.17938306
 -1.5278167  -1.98204234 -2.4947447  -2.93519595 -3.18541656 -3.24639638
 -3.16377597 -2.9832754  -2.7506147  -2.51151392 -2.31169313 -2.19687236
 -2.21277168 -2.40511113 -2.81152331 -3.37718098 -3.98833642 -4.53029224
 -4.88835106 -4.94781548 -4.5939881  -3.71217154 -2.23649668 -0.73357105
  0.36035115  1.0837572   1.48812213  1.62492096  1.54562874  1.30172049
  0.94467125  0.52595604  0.0970499  -0.29087304 -0.60707305 -0.8539342
 -1.03686647 -1.16127982 -1.23258421 -1.25618963 -1.23750605 -1.18194342
 -1.09491172 -0.98182093 -0.848081   -0.69910191 -0.54029363 -0.37706613
 -0.21482938 -0.05899335  0.08503199  0.21183668  0.31601073  0.3921442
  0.43482709  0.43864945  0.3982013   0.30807268  0.16285361 -0.04286588
 -0.31449575 -0.65744598 -1.07712652 -1.57894737]
d_x_fitting=[  1.72265289  11.79756219  21.87247148  31.94738078  42.02229008
  52.09719938  62.17210868  72.24701798  82.32192728  92.39683658
 102.47174588 112.54665518 122.62156448 132.69647378 142.77138308
 152.84629238 162.92120168 172.99611098 183.07102028 193.14592958
 203.22083888 213.29574818 223.37065748 233.44556678 243.52047608
 253.59538538 263.67029468 273.74520398 283.82011328 293.89502258
 303.96993188 314.04484118 324.11975048 334.19465978 344.26956908
 354.34447838 364.41938768 374.49429697 384.56920627 394.64411557
 404.71902487 414.79393417 424.86884347 434.94375277 445.01866207
 455.09357137 465.16848067 475.24338997 485.31829927 495.39320857
 505.46811787 515.54302717 525.61793647 535.69284577 545.76775507
 555.84266437 565.91757367 575.99248297 586.06739227 596.14230157
 606.21721087 616.29212017 626.36702947 636.44193877 646.51684807
 656.59175737 666.66666667 676.74157597 686.81648527 696.89139457
 706.96630387 717.04121317 727.11612246 737.19103176 747.26594106
 757.34085036 767.41575966 777.49066896 787.56557826 797.64048756
 807.71539686 817.79030616 827.86521546 837.94012476 848.01503406
 858.08994336 868.16485266 878.23976196 888.31467126 898.38958056
 908.46448986 918.53939916 928.61430846 938.68921776 948.76412706
 958.83903636 968.91394566 978.98885496 989.06376426 999.13867356]
d_y_fitting=[-0.1754386   0.46155691  0.81758789  0.955476    0.9380429   0.82811024
  0.6884997   0.58203292  0.57153157  0.71781543  0.98518885  1.20054603
  1.18027902  0.75156287  0.0899714  -0.21350033  0.45646048  2.51220268
  4.16658326  4.32836303  3.74595522  3.13614579  2.73325106  2.61359408
  2.85340695  3.4659947   3.92852301  4.14868778  4.19688822  4.14352354
  4.05899294  4.00828609  3.98960947  3.95615775  3.86028395  3.65434107
  3.29068213  2.72439419  2.01121969  1.33448867  0.87732043  0.69060272
  0.72019192  0.90904872  1.20013382  1.53640792  1.8608317   2.11636586
  2.2459711   2.1926081   1.89925041  1.35035444  0.66400888 -0.01484076
 -0.54124897 -0.77027025 -0.55695907  0.24363006  1.77644265  3.99240481
  5.7396626   6.46898826  6.46558939  6.03838789  5.49630568  5.10585697
  4.89031266  4.78637577  4.73066248  4.67473775  4.61217055  4.54385297
  4.47067707  4.39353495  4.31331866  4.23092028  4.1472319   4.06314558
  3.9795534   3.89734743  3.81741975  3.74066244  3.66796757  3.60022721
  3.53833344  3.48317833  3.43565397  3.39665242  3.36706576  3.34778606
  3.33970541  3.34371587  3.36070951  3.39157843  3.43721468  3.49851034
  3.5763575   3.67164822  3.78527458  3.91812865]