
p_x=[0.8613264427217916, 273.04048234280793, 414.2980189491817, 583.1180017226529, 726.0981912144703, 997.4160206718346]
p_y=[-1.647058823529413, -0.235294117647058, 3.1764705882352935, 3.764705882352941, 4.0, 5.411764705882353]
a_x=[1.7226528854435832, 266.14987080103356, 349.69853574504737, 416.0206718346253, 426.3565891472868, 499.5693367786391, 588.2859603789836, 659.7760551248923, 721.7915590008613, 998.2773471145564]
a_y=[-4.619883040935672, -4.7368421052631575, -3.2163742690058488, -3.099415204678362, -4.152046783625732, -3.5672514619883025, -3.333333333333332, -2.9824561403508767, -3.5672514619883025, -1.3450292397660828]
d_x=[1.7226528854435832, 264.42721791559, 417.7433247200689, 723.5142118863049, 996.5546942291128]
d_y=[-1.4619883040935662, -0.058479532163742576, 2.8654970760233924, 2.6315789473684212, 5.087719298245615]
p_x_fitting=[8.61326443e-01 1.09275355e+01 2.09937445e+01 3.10599535e+01
 4.11261626e+01 5.11923716e+01 6.12585806e+01 7.13247897e+01
 8.13909987e+01 9.14572077e+01 1.01523417e+02 1.11589626e+02
 1.21655835e+02 1.31722044e+02 1.41788253e+02 1.51854462e+02
 1.61920671e+02 1.71986880e+02 1.82053089e+02 1.92119298e+02
 2.02185507e+02 2.12251716e+02 2.22317925e+02 2.32384134e+02
 2.42450343e+02 2.52516552e+02 2.62582761e+02 2.72648970e+02
 2.82715179e+02 2.92781388e+02 3.02847597e+02 3.12913806e+02
 3.22980015e+02 3.33046225e+02 3.43112434e+02 3.53178643e+02
 3.63244852e+02 3.73311061e+02 3.83377270e+02 3.93443479e+02
 4.03509688e+02 4.13575897e+02 4.23642106e+02 4.33708315e+02
 4.43774524e+02 4.53840733e+02 4.63906942e+02 4.73973151e+02
 4.84039360e+02 4.94105569e+02 5.04171778e+02 5.14237987e+02
 5.24304196e+02 5.34370405e+02 5.44436614e+02 5.54502823e+02
 5.64569032e+02 5.74635241e+02 5.84701450e+02 5.94767659e+02
 6.04833868e+02 6.14900077e+02 6.24966286e+02 6.35032495e+02
 6.45098705e+02 6.55164914e+02 6.65231123e+02 6.75297332e+02
 6.85363541e+02 6.95429750e+02 7.05495959e+02 7.15562168e+02
 7.25628377e+02 7.35694586e+02 7.45760795e+02 7.55827004e+02
 7.65893213e+02 7.75959422e+02 7.86025631e+02 7.96091840e+02
 8.06158049e+02 8.16224258e+02 8.26290467e+02 8.36356676e+02
 8.46422885e+02 8.56489094e+02 8.66555303e+02 8.76621512e+02
 8.86687721e+02 8.96753930e+02 9.06820139e+02 9.16886348e+02
 9.26952557e+02 9.37018766e+02 9.47084976e+02 9.57151185e+02
 9.67217394e+02 9.77283603e+02 9.87349812e+02 9.97416021e+02]
p_y_fitting=[-1.64705882 -2.00924903 -2.32553003 -2.59758877 -2.82711218 -3.01578721
 -3.16530079 -3.27733986 -3.35359137 -3.39574224 -3.40547943 -3.38448987
 -3.33446049 -3.25707824 -3.15403005 -3.02700287 -2.87768364 -2.70775928
 -2.51891675 -2.31284298 -2.09122491 -1.85574948 -1.60810362 -1.34997429
 -1.0830484  -0.80901292 -0.52955476 -0.24636088  0.03888178  0.3244863
  0.60876573  0.89003313  1.16660156  1.43678408  1.69889376  1.95124365
  2.19214682  2.41991633  2.63286523  2.8293066   3.00755348  3.16591894
  3.30314182  3.42007431  3.51822313  3.59909516  3.6641973   3.71503646
  3.75311953  3.7799534   3.79704497  3.80590115  3.80802882  3.80493489
  3.79812625  3.7891098   3.77939244  3.77048106  3.76388152  3.76068876
  3.76096319  3.76460498  3.77151427  3.78159123  3.79473601  3.81084878
  3.82982969  3.85157891  3.87599658  3.90298287  3.93243794  3.96426194
  3.99835503  4.03461738  4.07294913  4.11325046  4.15542151  4.19936245
  4.24497343  4.29215461  4.34080615  4.39082822  4.44212096  4.49458453
  4.5481191   4.60262482  4.65800186  4.71415036  4.77097049  4.82836241
  4.88622627  4.94446224  5.00297047  5.06165112  5.12040434  5.17913031
  5.23772917  5.29610108  5.35414621  5.41176471]
a_x_fitting=[  1.72265289  11.78886192  21.85507095  31.92127998  41.98748902
  52.05369805  62.11990708  72.18611611  82.25232515  92.31853418
 102.38474321 112.45095224 122.51716128 132.58337031 142.64957934
 152.71578837 162.78199741 172.84820644 182.91441547 192.98062451
 203.04683354 213.11304257 223.1792516  233.24546064 243.31166967
 253.3778787  263.44408773 273.51029677 283.5765058  293.64271483
 303.70892386 313.7751329  323.84134193 333.90755096 343.97375999
 354.03996903 364.10617806 374.17238709 384.23859612 394.30480516
 404.37101419 414.43722322 424.50343226 434.56964129 444.63585032
 454.70205935 464.76826839 474.83447742 484.90068645 494.96689548
 505.03310452 515.09931355 525.16552258 535.23173161 545.29794065
 555.36414968 565.43035871 575.49656774 585.56277678 595.62898581
 605.69519484 615.76140388 625.82761291 635.89382194 645.96003097
 656.02624001 666.09244904 676.15865807 686.2248671  696.29107614
 706.35728517 716.4234942  726.48970323 736.55591227 746.6221213
 756.68833033 766.75453936 776.8207484  786.88695743 796.95316646
 807.01937549 817.08558453 827.15179356 837.21800259 847.28421163
 857.35042066 867.41662969 877.48283872 887.54904776 897.61525679
 907.68146582 917.74767485 927.81388389 937.88009292 947.94630195
 958.01251098 968.07872002 978.14492905 988.21113808 998.27734711]
a_y_fitting=[-4.61988304 -4.25768988 -3.95334496 -3.70328462 -3.50394519 -3.35176302
 -3.24317443 -3.17461576 -3.14252335 -3.14333354 -3.17348265 -3.22940703
 -3.30754302 -3.40432693 -3.51619513 -3.63958393 -3.77092967 -3.9066687
 -4.04323735 -4.17707194 -4.30460883 -4.42228434 -4.52653481 -4.61379658
 -4.68050597 -4.72309934 -4.73801301 -4.72168332 -4.6705466  -4.5810392
 -4.44959745 -4.27265767 -4.04665622 -3.76802942 -3.43321361 -3.03977283
 -2.621977   -2.25801872 -2.02867623 -2.01472778 -2.29695162 -2.95612599
 -3.97192267 -4.76350463 -5.13838742 -5.18098906 -4.97678664 -4.6112572
 -4.16987783 -3.73812558 -3.3986398  -3.18024675 -3.06364548 -3.02783888
 -3.05182982 -3.11462122 -3.19521594 -3.27261689 -3.32582696 -3.33605484
 -3.3050814  -3.24589194 -3.17158423 -3.09525604 -3.03000516 -2.98892936
 -2.98442375 -3.01943406 -3.09014059 -3.19257665 -3.32277554 -3.47677053
 -3.65059493 -3.84028204 -4.04186515 -4.25137754 -4.46485253 -4.6783234
 -4.88782344 -5.08938596 -5.27904424 -5.45283159 -5.60678129 -5.73692664
 -5.83930093 -5.90993747 -5.94486954 -5.94013044 -5.89175347 -5.79577191
 -5.64821907 -5.44512823 -5.1825327  -4.85646577 -4.46296073 -3.99805088
 -3.45776951 -2.83814992 -2.13522539 -1.34502924]
d_x_fitting=[  1.72265289  11.77146138  21.82026988  31.86907838  41.91788688
  51.96669538  62.01550388  72.06431237  82.11312087  92.16192937
 102.21073787 112.25954637 122.30835487 132.35716336 142.40597186
 152.45478036 162.50358886 172.55239736 182.60120586 192.65001436
 202.69882285 212.74763135 222.79643985 232.84524835 242.89405685
 252.94286535 262.99167384 273.04048234 283.08929084 293.13809934
 303.18690784 313.23571634 323.28452483 333.33333333 343.38214183
 353.43095033 363.47975883 373.52856733 383.57737583 393.62618432
 403.67499282 413.72380132 423.77260982 433.82141832 443.87022682
 453.91903531 463.96784381 474.01665231 484.06546081 494.11426931
 504.16307781 514.2118863  524.2606948  534.3095033  544.3583118
 554.4071203  564.4559288  574.5047373  584.55354579 594.60235429
 604.65116279 614.69997129 624.74877979 634.79758829 644.84639678
 654.89520528 664.94401378 674.99282228 685.04163078 695.09043928
 705.13924777 715.18805627 725.23686477 735.28567327 745.33448177
 755.38329027 765.43209877 775.48090726 785.52971576 795.57852426
 805.62733276 815.67614126 825.72494976 835.77375825 845.82256675
 855.87137525 865.92018375 875.96899225 886.01780075 896.06660924
 906.11541774 916.16422624 926.21303474 936.26184324 946.31065174
 956.35946024 966.40826873 976.45707723 986.50588573 996.55469423]
d_y_fitting=[-1.4619883  -1.68513622 -1.87708648 -2.0389794  -2.17195529 -2.27715445
 -2.35571718 -2.40878381 -2.43749462 -2.44298995 -2.42641008 -2.38889533
 -2.331586   -2.25562241 -2.16214485 -2.05229365 -1.9272091  -1.78803151
 -1.63590119 -1.47195845 -1.2973436  -1.11319694 -0.92065878 -0.72086943
 -0.51496919 -0.30409838 -0.0893973   0.12799374  0.34693444  0.56628448
  0.78490356  1.00165137  1.21538761  1.42497196  1.62926412  1.82712378
  2.01741063  2.19898437  2.37070469  2.53143128  2.68002383  2.81534204
  2.93630907  3.04279784  3.13541241  3.21477563  3.28151036  3.33623946
  3.37958577  3.41217216  3.43462149  3.44755661  3.45160037  3.44737564
  3.43550527  3.41661212  3.39131903  3.36024888  3.32402452  3.28326879
  3.23860457  3.1906547   3.14004204  3.08738945  3.03331979  2.97845591
  2.92342066  2.86883692  2.81532752  2.76351533  2.7140232   2.66747399
  2.62449057  2.58569577  2.55171246  2.5231635   2.50067175  2.48486005
  2.47635127  2.47576826  2.48373388  2.50087099  2.52780244  2.56515108
  2.61353978  2.6735914   2.74592878  2.83117478  2.92995227  3.04288409
  3.1705931   3.31370217  3.47283415  3.64861188  3.84165824  4.05259607
  4.28204824  4.53063759  4.79898699  5.0877193 ]