
p_x=[0.0, 89.57795004306632, 118.00172265288545, 203.27304048234282, 212.7476313522825, 408.2687338501292, 544.3583118001723, 645.1335055986219, 998.2773471145564]
p_y=[2.5882352941176467, 2.9411764705882346, 2.11764705882353, 1.5294117647058822, 0.5882352941176467, 0.7058823529411757, 2.235294117647059, 1.2941176470588225, 0.7058823529411757]
a_x=[0.0, 111.9724375538329, 121.44702842377261, 195.52110249784667, 209.30232558139537, 408.2687338501292, 539.1903531438415, 645.9948320413437, 993.9707149009474]
a_y=[-2.280701754385966, -1.9298245614035086, -2.6315789473684212, -3.099415204678362, -3.6842105263157894, -3.450292397660819, -2.0467836257309955, -3.333333333333332, -3.333333333333332]
d_x=[2.5839793281653747, 111.1111111111111, 142.9801894918174, 214.4702842377261, 532.2997416020671, 675.2799310938847, 997.4160206718346]
d_y=[1.461988304093568, 1.1111111111111107, 0.9941520467836256, 1.2280701754385976, 2.8654970760233924, 1.6959064327485383, 1.578947368421053]
p_x_fitting=[  0.          10.08360957  20.16721913  30.2508287   40.33443827
  50.41804783  60.5016574   70.58526697  80.66887653  90.7524861
 100.83609567 110.91970523 121.0033148  131.08692437 141.17053394
 151.2541435  161.33775307 171.42136264 181.5049722  191.58858177
 201.67219134 211.7558009  221.83941047 231.92302004 242.0066296
 252.09023917 262.17384874 272.2574583  282.34106787 292.42467744
 302.508287   312.59189657 322.67550614 332.7591157  342.84272527
 352.92633484 363.00994441 373.09355397 383.17716354 393.26077311
 403.34438267 413.42799224 423.51160181 433.59521137 443.67882094
 453.76243051 463.84604007 473.92964964 484.01325921 494.09686877
 504.18047834 514.26408791 524.34769747 534.43130704 544.51491661
 554.59852617 564.68213574 574.76574531 584.84935488 594.93296444
 605.01657401 615.10018358 625.18379314 635.26740271 645.35101228
 655.43462184 665.51823141 675.60184098 685.68545054 695.76906011
 705.85266968 715.93627924 726.01988881 736.10349838 746.18710794
 756.27071751 766.35432708 776.43793664 786.52154621 796.60515578
 806.68876535 816.77237491 826.85598448 836.93959405 847.02320361
 857.10681318 867.19042275 877.27403231 887.35764188 897.44125145
 907.52486101 917.60847058 927.69208015 937.77568971 947.85929928
 957.94290885 968.02651841 978.11012798 988.19373755 998.27734711]
p_y_fitting=[ 2.58823529  3.60255213  4.24708022  4.5752263   4.6403971   4.49599935
  4.19543976  3.79212508  3.33946202  2.89085731  2.49971769  2.21944987
  2.10291442  2.15990652  2.32676221  2.53264371  2.70671324  2.77813304
  2.67606534  2.32967236  1.66811633  0.68819465 -0.25066062 -1.02298868
 -1.63983357 -2.11233797 -2.45164458 -2.66889608 -2.77523516 -2.78180449
 -2.69974677 -2.54020469 -2.31432092 -2.03323816 -1.70809908 -1.35004638
 -0.97022275 -0.57977086 -0.18983341  0.18844693  0.54392746  0.86575588
  1.14940714  1.39649406  1.60888195  1.78843612  1.9370219   2.0565046
  2.14874954  2.21562202  2.25898737  2.2807109   2.28265793  2.26669378
  2.23468375  2.18833556  2.12875521  2.05690512  1.97374771  1.88024538
  1.77736057  1.66605568  1.54729314  1.42203536  1.29124476  1.15588376
  1.01691478  0.87530023  0.73200253  0.5879841   0.44420735  0.30163471
  0.16122859  0.02395141 -0.10923442 -0.23736647 -0.35948233 -0.47461958
 -0.5818158  -0.68010858 -0.76853549 -0.84613413 -0.91194207 -0.96499689
 -1.00433618 -1.02899752 -1.0380185  -1.03043668 -1.00528967 -0.96161503
 -0.89845036 -0.81483323 -0.70980122 -0.58239192 -0.43164292 -0.25659179
 -0.05627611  0.17026652  0.42399854  0.70588235]
a_x_fitting=[  0.          10.04010823  20.08021646  30.12032469  40.16043293
  50.20054116  60.24064939  70.28075762  80.32086585  90.36097408
 100.40108231 110.44119054 120.48129878 130.52140701 140.56151524
 150.60162347 160.6417317  170.68183993 180.72194816 190.7620564
 200.80216463 210.84227286 220.88238109 230.92248932 240.96259755
 251.00270578 261.04281401 271.08292225 281.12303048 291.16313871
 301.20324694 311.24335517 321.2834634  331.32357163 341.36367986
 351.4037881  361.44389633 371.48400456 381.52411279 391.56422102
 401.60432925 411.64443748 421.68454572 431.72465395 441.76476218
 451.80487041 461.84497864 471.88508687 481.9251951  491.96530333
 502.00541157 512.0455198  522.08562803 532.12573626 542.16584449
 552.20595272 562.24606095 572.28616919 582.32627742 592.36638565
 602.40649388 612.44660211 622.48671034 632.52681857 642.5669268
 652.60703504 662.64714327 672.6872515  682.72735973 692.76746796
 702.80757619 712.84768442 722.88779266 732.92790089 742.96800912
 753.00811735 763.04822558 773.08833381 783.12844204 793.16855027
 803.20865851 813.24876674 823.28887497 833.3289832  843.36909143
 853.40919966 863.44930789 873.48941613 883.52952436 893.56963259
 903.60974082 913.64984905 923.68995728 933.73006551 943.77017374
 953.81028198 963.85039021 973.89049844 983.93060667 993.9707149 ]
a_y_fitting=[-2.28070175  0.48898286  2.3800274   3.50362175  3.97095581  3.89321949
  3.38160266  2.54729523  1.5014871   0.35536815 -0.77987171 -1.79304259
 -2.57295459 -3.03269218 -3.21511646 -3.20627935 -3.092262   -2.95914557
 -2.89301122 -2.97994011 -3.29764844 -3.75321378 -4.16075321 -4.49791702
 -4.76896022 -4.97813781 -5.12970478 -5.22791614 -5.27702688 -5.281292
 -5.24496651 -5.17230539 -5.06756366 -4.9349963  -4.77885832 -4.60340472
 -4.41289049 -4.21157063 -4.00370015 -3.79353404 -3.5853273  -3.38331561
 -3.1905996  -3.00853403 -2.83832507 -2.68117887 -2.5383016  -2.41089942
 -2.30017849 -2.20734497 -2.13360503 -2.08016481 -2.0482305  -2.03900823
 -2.05369195 -2.09250024 -2.15398213 -2.23652284 -2.33850761 -2.45832166
 -2.59435022 -2.74497853 -2.90859181 -3.0835753  -3.26831422 -3.4611938
 -3.66059927 -3.86491586 -4.07252881 -4.28182333 -4.49118467 -4.69899805
 -4.9036487  -5.10352184 -5.29700272 -5.48247655 -5.65832858 -5.82294402
 -5.97470811 -6.11200607 -6.23322315 -6.33674456 -6.42095553 -6.48424131
 -6.52498711 -6.54157816 -6.5323997  -6.49583695 -6.43027515 -6.33409952
 -6.2056953  -6.04344771 -5.84574198 -5.61096334 -5.33749703 -5.02372827
 -4.66804229 -4.26882432 -3.82445959 -3.33333333]
d_x_fitting=[  2.58397933  12.63278783  22.68159633  32.73040482  42.77921332
  52.82802182  62.87683032  72.92563882  82.97444732  93.02325581
 103.07206431 113.12087281 123.16968131 133.21848981 143.26729831
 153.3161068  163.3649153  173.4137238  183.4625323  193.5113408
 203.5601493  213.6089578  223.65776629 233.70657479 243.75538329
 253.80419179 263.85300029 273.90180879 283.95061728 293.99942578
 304.04823428 314.09704278 324.14585128 334.19465978 344.24346827
 354.29227677 364.34108527 374.38989377 384.43870227 394.48751077
 404.53631927 414.58512776 424.63393626 434.68274476 444.73155326
 454.78036176 464.82917026 474.87797875 484.92678725 494.97559575
 505.02440425 515.07321275 525.12202125 535.17082974 545.21963824
 555.26844674 565.31725524 575.36606374 585.41487224 595.46368073
 605.51248923 615.56129773 625.61010623 635.65891473 645.70772323
 655.75653173 665.80534022 675.85414872 685.90295722 695.95176572
 706.00057422 716.04938272 726.09819121 736.14699971 746.19580821
 756.24461671 766.29342521 776.34223371 786.3910422  796.4398507
 806.4886592  816.5374677  826.5862762  836.6350847  846.6838932
 856.73270169 866.78151019 876.83031869 886.87912719 896.92793569
 906.97674419 917.02555268 927.07436118 937.12316968 947.17197818
 957.22078668 967.26959518 977.31840367 987.36721217 997.41602067]
d_y_fitting=[1.4619883  1.50098643 1.51592432 1.51003076 1.48653452 1.4486644
 1.39964919 1.34271767 1.28109862 1.21802084 1.15671311 1.10040422
 1.05232295 1.0156981  0.99375842 0.98879279 0.99963905 1.02434319
 1.06095121 1.10750908 1.1620628  1.22265835 1.28753445 1.3559278
 1.42739718 1.50150157 1.57779989 1.65585112 1.73521418 1.81544804
 1.89611165 1.97676396 2.05696391 2.13627046 2.21424256 2.29043916
 2.36441921 2.43574166 2.50396546 2.56864956 2.62935291 2.68563447
 2.73705318 2.78316799 2.82353786 2.85772174 2.88527857 2.9057673
 2.9187469  2.9237763  2.92041446 2.90822033 2.88675285 2.85557529
 2.81462565 2.7645022  2.70587041 2.63939577 2.56574375 2.48557983
 2.39956949 2.3083782  2.21267144 2.1131147  2.01037344 1.90511314
 1.79799929 1.68969736 1.58087282 1.47219116 1.36431786 1.25791838
 1.15365821 1.05220283 0.95421771 0.86036833 0.77132018 0.68773871
 0.61028942 0.53963779 0.47644928 0.42138938 0.37512356 0.33831731
 0.31163609 0.29574539 0.29131069 0.29899746 0.31947117 0.35339732
 0.40144137 0.4642688  0.5425451  0.63693573 0.74810618 0.87672192
 1.02344843 1.18895119 1.37389568 1.57894737]