
p_x=[1.7226528854435832, 62.01550387596899, 148.14814814814815, 204.9956933677864, 242.89405684754522, 251.50732127476317, 291.12833763996554, 316.1068044788975, 339.36261843238583, 360.89577950043065, 417.7433247200689, 490.9560723514212, 567.6141257536607, 673.5572782084411, 692.5064599483204, 778.6391042204996, 999.1386735572783]
p_y=[-2.9411764705882355, -2.5882352941176467, -2.0, -1.5294117647058805, -2.4705882352941178, 1.764705882352942, 3.4117647058823533, 4.9411764705882355, 5.0588235294117645, 5.294117647058823, -2.117647058823529, -1.5294117647058805, -1.1764705882352935, 2.5882352941176467, 3.5294117647058822, 5.294117647058823, 5.176470588235294]
a_x=[5.167958656330749, 77.51937984496124, 150.7321274763135, 239.44875107665806, 261.84323858742465, 316.9681309216193, 358.3118001722653, 414.2980189491817, 505.59862187769164, 569.3367786391043, 669.2506459948321, 688.1998277347114, 785.5297157622739, 991.3867355727821, 997.4160206718346]
a_y=[-3.450292397660819, -2.7485380116959064, -3.5672514619883025, -3.2163742690058488, -0.9941520467836256, 1.3450292397660828, 1.578947368421053, -2.8654970760233915, -2.0467836257309955, -1.6959064327485365, 2.1637426900584797, 3.0994152046783627, 5.43859649122807, 5.321637426900585, 5.555555555555555]
d_x=[2.5839793281653747, 80.96468561584841, 149.00947459086993, 241.17140396210164, 272.17915590008613, 323.85874246339364, 360.03445305770884, 403.1007751937984, 412.57536606373816, 526.2704565030147, 565.8914728682171, 672.6959517657192, 701.1197243755383, 749.3540051679587, 794.1429801894918, 994.8320413436692]
d_y=[-1.1111111111111107, 0.4093567251461998, 0.9941520467836256, 1.2280701754385976, 5.2046783625731, 6.959064327485381, 6.374269005847953, -1.2280701754385959, -1.1111111111111107, -0.2923976608187129, -0.2923976608187129, 1.3450292397660828, 6.374269005847953, 7.6608187134502925, 6.959064327485381, 5.906432748538012]
p_x_fitting=[  1.72265289  11.79756219  21.87247148  31.94738078  42.02229008
  52.09719938  62.17210868  72.24701798  82.32192728  92.39683658
 102.47174588 112.54665518 122.62156448 132.69647378 142.77138308
 152.84629238 162.92120168 172.99611098 183.07102028 193.14592958
 203.22083888 213.29574818 223.37065748 233.44556678 243.52047608
 253.59538538 263.67029468 273.74520398 283.82011328 293.89502258
 303.96993188 314.04484118 324.11975048 334.19465978 344.26956908
 354.34447838 364.41938768 374.49429697 384.56920627 394.64411557
 404.71902487 414.79393417 424.86884347 434.94375277 445.01866207
 455.09357137 465.16848067 475.24338997 485.31829927 495.39320857
 505.46811787 515.54302717 525.61793647 535.69284577 545.76775507
 555.84266437 565.91757367 575.99248297 586.06739227 596.14230157
 606.21721087 616.29212017 626.36702947 636.44193877 646.51684807
 656.59175737 666.66666667 676.74157597 686.81648527 696.89139457
 706.96630387 717.04121317 727.11612246 737.19103176 747.26594106
 757.34085036 767.41575966 777.49066896 787.56557826 797.64048756
 807.71539686 817.79030616 827.86521546 837.94012476 848.01503406
 858.08994336 868.16485266 878.23976196 888.31467126 898.38958056
 908.46448986 918.53939916 928.61430846 938.68921776 948.76412706
 958.83903636 968.91394566 978.98885496 989.06376426 999.13867356]
p_y_fitting=[-2.94117647 -2.5840659  -2.38219817 -2.30875614 -2.33692266 -2.43988057
 -2.59081272 -2.76290198 -2.92933118 -3.06328317 -3.13794082 -3.12648696
 -3.00210444 -2.73797613 -2.30728486 -1.68727372 -0.96518049 -0.34834223
 -0.05018205 -0.28412303 -1.26358828 -3.05488426 -4.71654324 -4.88474876
 -2.19467223  2.61014611  4.77678157  4.74950469  3.85297984  3.4041725
  3.98099577  4.8194089   5.1359134   5.06561251  5.13872745  5.349065
  5.1393342   4.24268044  2.86132022  1.23546554 -0.39467166 -1.7888794
 -2.72685785 -3.1887412  -3.27061463 -3.06997545 -2.68432094 -2.2111484
 -1.74795512 -1.39038912 -1.1767993  -1.07858865 -1.06336688 -1.09874367
 -1.15232874 -1.1917318  -1.18456253 -1.10226784 -0.94194329 -0.71119914
 -0.4176775  -0.06902048  0.32712982  0.76313127  1.23134178  1.72411923
  2.2338215   2.75263618  3.2611362   3.72165002  4.11422412  4.44193247
  4.7091825   4.92038165  5.07993736  5.19225706  5.2617482   5.29281822
  5.28987455  5.25732463  5.19957591  5.12103582  5.0261118   4.91921129
  4.80474173  4.68711055  4.5707252   4.45999312  4.35932174  4.2731185
  4.20579085  4.16174621  4.14539204  4.16113577  4.21338483  4.30654667
  4.44502873  4.63323844  4.87558325  5.17647059]
a_x_fitting=[  5.16795866  15.19066635  25.21337405  35.23608175  45.25878944
  55.28149714  65.30420484  75.32691254  85.34962023  95.37232793
 105.39503563 115.41774332 125.44045102 135.46315872 145.48586642
 155.50857411 165.53128181 175.55398951 185.5766972  195.5994049
 205.6221126  215.6448203  225.66752799 235.69023569 245.71294339
 255.73565108 265.75835878 275.78106648 285.80377418 295.82648187
 305.84918957 315.87189727 325.89460496 335.91731266 345.94002036
 355.96272806 365.98543575 376.00814345 386.03085115 396.05355884
 406.07626654 416.09897424 426.12168194 436.14438963 446.16709733
 456.18980503 466.21251272 476.23522042 486.25792812 496.28063582
 506.30334351 516.32605121 526.34875891 536.3714666  546.3941743
 556.416882   566.4395897  576.46229739 586.48500509 596.50771279
 606.53042048 616.55312818 626.57583588 636.59854358 646.62125127
 656.64395897 666.66666667 676.68937436 686.71208206 696.73478976
 706.75749746 716.78020515 726.80291285 736.82562055 746.84832824
 756.87103594 766.89374364 776.91645134 786.93915903 796.96186673
 806.98457443 817.00728212 827.02998982 837.05269752 847.07540521
 857.09811291 867.12082061 877.14352831 887.166236   897.1889437
 907.2116514  917.23435909 927.25706679 937.27977449 947.30248219
 957.32518988 967.34789758 977.37060528 987.39331297 997.41602067]
a_y_fitting=[-3.4502924  -3.30275042 -3.16651877 -3.0444004  -2.93919825 -2.85371528
 -2.79075443 -2.75311865 -2.74361089 -2.76503409 -2.82019119 -2.91188516
 -3.04291893 -3.21609545 -3.43421768 -3.69931362 -3.99346195 -4.27753394
 -4.51137406 -4.65482678 -4.66773657 -4.5099479  -4.14130523 -3.52165304
 -2.6231353  -1.58487415 -0.66314831  0.01393775  0.49248158  0.83066036
  1.08665125  1.3186314   1.56670421  1.77037391  1.83434856  1.66330275
  1.17752416  0.42633351 -0.47730936 -1.41999669 -2.28832073 -2.96902452
 -3.39091067 -3.58214567 -3.5852405  -3.44270615 -3.19705359 -2.89079381
 -2.56643777 -2.26649646 -2.03347668 -1.89513069 -1.83136676 -1.81241268
 -1.80849624 -1.78984522 -1.72668741 -1.5915543  -1.37987233 -1.10018123
 -0.7611756  -0.37155003  0.06000087  0.52478251  1.01410029  1.51925962
  2.0315659   2.5413374   3.03007303  3.47707312  3.8769232   4.23014399
  4.53726915  4.79883235  5.01536723  5.18740747  5.31548672  5.40013864
  5.4418993   5.44258305  5.40738006  5.34203131  5.25227779  5.14386048
  5.02252039  4.89399849  4.76403577  4.63837323  4.52275184  4.4229126
  4.34459649  4.2935445   4.27549763  4.29619685  4.36138316  4.47679754
  4.64818098  4.88127447  5.181819    5.55555556]
d_x_fitting=[  2.58397933  12.60668703  22.62939472  32.65210242  42.67481012
  52.69751781  62.72022551  72.74293321  82.76564091  92.7883486
 102.8110563  112.833764   122.85647169 132.87917939 142.90188709
 152.92459479 162.94730248 172.97001018 182.99271788 193.01542557
 203.03813327 213.06084097 223.08354866 233.10625636 243.12896406
 253.15167176 263.17437945 273.19708715 283.21979485 293.24250254
 303.26521024 313.28791794 323.31062564 333.33333333 343.35604103
 353.37874873 363.40145642 373.42416412 383.44687182 393.46957952
 403.49228721 413.51499491 423.53770261 433.5604103  443.583118
 453.6058257  463.6285334  473.65124109 483.67394879 493.69665649
 503.71936418 513.74207188 523.76477958 533.78748728 543.81019497
 553.83290267 563.85561037 573.87831806 583.90102576 593.92373346
 603.94644116 613.96914885 623.99185655 634.01456425 644.03727194
 654.05997964 664.08268734 674.10539504 684.12810273 694.15081043
 704.17351813 714.19622582 724.21893352 734.24164122 744.26434892
 754.28705661 764.30976431 774.33247201 784.3551797  794.3778874
 804.4005951  814.4233028  824.44601049 834.46871819 844.49142589
 854.51413358 864.53684128 874.55954898 884.58225668 894.60496437
 904.62767207 914.65037977 924.67308746 934.69579516 944.71850286
 954.74121056 964.76391825 974.78662595 984.80933365 994.83204134]
d_y_fitting=[-1.11111111 -1.10855849 -1.01933795 -0.85912019 -0.64357593 -0.38837587
 -0.10919072  0.17830881  0.45845202  0.71556819  0.93398662  1.09803659
  1.19204741  1.20034836  1.10726874  0.89787912  0.58773033  0.2329578
 -0.10748879 -0.37465979 -0.50960551 -0.45337629 -0.14702247  0.46840564
  1.45142474  2.76304299  4.14383347  5.30416466  6.04761593  6.45346698
  6.65172766  6.77240786  6.94551745  7.23368053  7.38183166  7.04137109
  5.8697093   3.87897218  1.62728484 -0.28070243 -1.24036233 -1.07995219
 -0.79399917 -0.58502203 -0.44172142 -0.35279799 -0.3069524  -0.2928853
 -0.29929736 -0.31488923 -0.32836155 -0.328415   -0.30375022 -0.24728878
 -0.18868973 -0.17652806 -0.25953507 -0.47720677 -0.80009553 -1.16758131
 -1.51889108 -1.79325183 -1.92989054 -1.86803419 -1.54690976 -0.90574425
  0.11623538  1.57957984  3.427112    5.29074564  6.75435474  7.60229047
  7.95445932  7.9627416   7.77901762  7.55209092  7.35733425  7.19517763
  7.0626719   6.95686789  6.87481643  6.81356836  6.77017451  6.74168572
  6.72515281  6.71762663  6.716158    6.71779777  6.71959675  6.71860579
  6.71187573  6.69645738  6.6694016   6.62775921  6.56858104  6.48891793
  6.38582071  6.25634022  6.09752729  5.90643275]