
p_x=[0.0, 191.2144702842377, 265.2885443583118, 403.96210163652023, 503.01464254952634, 704.5650301464254, 801.0335917312663, 890.6115417743324, 899.2248062015505, 993.9707149009474]
p_y=[0.0, 1.0588235294117645, 2.235294117647059, 2.3529411764705888, 0.0, 2.9411764705882346, 1.4117647058823533, 2.7058823529411766, 2.5882352941176467, 3.1764705882352935]
a_x=[0.8613264427217916, 186.90783807062877, 263.56589147286826, 398.7941429801895, 499.5693367786391, 701.1197243755383, 804.4788975021532, 996.5546942291128]
a_y=[-0.7602339181286553, -0.1754385964912295, 1.3450292397660828, 1.9298245614035086, -0.4093567251461998, 1.9298245614035086, 1.461988304093568, 2.280701754385966]
d_x=[1.7226528854435832, 187.76916451335057, 263.56589147286826, 398.7941429801895, 493.5400516795866, 704.5650301464254, 805.3402239448751, 997.4160206718346]
d_y=[0.4093567251461998, 0.7602339181286553, -0.8771929824561404, -0.4093567251461998, 1.461988304093568, 0.526315789473685, -0.6432748538011701, 1.9298245614035086]
p_x_fitting=[  0.          10.04010823  20.08021646  30.12032469  40.16043293
  50.20054116  60.24064939  70.28075762  80.32086585  90.36097408
 100.40108231 110.44119054 120.48129878 130.52140701 140.56151524
 150.60162347 160.6417317  170.68183993 180.72194816 190.7620564
 200.80216463 210.84227286 220.88238109 230.92248932 240.96259755
 251.00270578 261.04281401 271.08292225 281.12303048 291.16313871
 301.20324694 311.24335517 321.2834634  331.32357163 341.36367986
 351.4037881  361.44389633 371.48400456 381.52411279 391.56422102
 401.60432925 411.64443748 421.68454572 431.72465395 441.76476218
 451.80487041 461.84497864 471.88508687 481.9251951  491.96530333
 502.00541157 512.0455198  522.08562803 532.12573626 542.16584449
 552.20595272 562.24606095 572.28616919 582.32627742 592.36638565
 602.40649388 612.44660211 622.48671034 632.52681857 642.5669268
 652.60703504 662.64714327 672.6872515  682.72735973 692.76746796
 702.80757619 712.84768442 722.88779266 732.92790089 742.96800912
 753.00811735 763.04822558 773.08833381 783.12844204 793.16855027
 803.20865851 813.24876674 823.28887497 833.3289832  843.36909143
 853.40919966 863.44930789 873.48941613 883.52952436 893.56963259
 903.60974082 913.64984905 923.68995728 933.73006551 943.77017374
 953.81028198 963.85039021 973.89049844 983.93060667 993.9707149 ]
p_y_fitting=[ 0.         -0.1204597  -0.2135949  -0.28078048 -0.32339133 -0.34280232
 -0.34038833 -0.31752424 -0.27558493 -0.21594527 -0.13998016 -0.04906446
  0.05542695  0.17211918  0.29963736  0.4366066   0.58165204  0.73339878
  0.89047195  1.05149668  1.21509807  1.37990126  1.54453136  1.7076135
  1.8677728   2.02363437  2.17382333  2.31692565  2.45088458  2.57311799
  2.68102837  2.77201818  2.84348989  2.89284598  2.91748891  2.91482115
  2.88224519  2.81716347  2.71697849  2.5790927   2.40090858  2.18087613
  1.9261157   1.64802931  1.35804924  1.06760781  0.7881373   0.53107002
  0.30783825  0.12987431  0.00861048 -0.04675033 -0.03908265  0.0246682
  0.13755377  0.29262561  0.4829353   0.70153439  0.94147444  1.19580701
  1.45758366  1.71985595  1.97567543  2.21809367  2.44016223  2.63493267
  2.79545654  2.9147854   2.98597083  3.00206436  2.95611757  2.84347151
  2.6750951   2.46848596  2.24116359  2.01064748  1.79445713  1.61011203
  1.47513167  1.40703555  1.42327063  1.52872812  1.70155775  1.91648026
  2.14821639  2.3714869   2.56101251  2.69151398  2.73771204  2.67462573
  2.50138802  2.25860406  1.99097222  1.74319086  1.55995832  1.48597297
  1.56593317  1.84453726  2.36648362  3.17647059]
a_x_fitting=[8.61326443e-01 1.09188352e+01 2.09763440e+01 3.10338527e+01
 4.10913615e+01 5.11488703e+01 6.12063790e+01 7.12638878e+01
 8.13213966e+01 9.13789053e+01 1.01436414e+02 1.11493923e+02
 1.21551432e+02 1.31608940e+02 1.41666449e+02 1.51723958e+02
 1.61781467e+02 1.71838975e+02 1.81896484e+02 1.91953993e+02
 2.02011502e+02 2.12069011e+02 2.22126519e+02 2.32184028e+02
 2.42241537e+02 2.52299046e+02 2.62356554e+02 2.72414063e+02
 2.82471572e+02 2.92529081e+02 3.02586589e+02 3.12644098e+02
 3.22701607e+02 3.32759116e+02 3.42816624e+02 3.52874133e+02
 3.62931642e+02 3.72989151e+02 3.83046660e+02 3.93104168e+02
 4.03161677e+02 4.13219186e+02 4.23276695e+02 4.33334203e+02
 4.43391712e+02 4.53449221e+02 4.63506730e+02 4.73564238e+02
 4.83621747e+02 4.93679256e+02 5.03736765e+02 5.13794273e+02
 5.23851782e+02 5.33909291e+02 5.43966800e+02 5.54024309e+02
 5.64081817e+02 5.74139326e+02 5.84196835e+02 5.94254344e+02
 6.04311852e+02 6.14369361e+02 6.24426870e+02 6.34484379e+02
 6.44541887e+02 6.54599396e+02 6.64656905e+02 6.74714414e+02
 6.84771922e+02 6.94829431e+02 7.04886940e+02 7.14944449e+02
 7.25001958e+02 7.35059466e+02 7.45116975e+02 7.55174484e+02
 7.65231993e+02 7.75289501e+02 7.85347010e+02 7.95404519e+02
 8.05462028e+02 8.15519536e+02 8.25577045e+02 8.35634554e+02
 8.45692063e+02 8.55749572e+02 8.65807080e+02 8.75864589e+02
 8.85922098e+02 8.95979607e+02 9.06037115e+02 9.16094624e+02
 9.26152133e+02 9.36209642e+02 9.46267150e+02 9.56324659e+02
 9.66382168e+02 9.76439677e+02 9.86497185e+02 9.96554694e+02]
a_y_fitting=[-0.76023392 -0.98443773 -1.1686409  -1.31480026 -1.42487266 -1.50081494
 -1.54458393 -1.55813647 -1.5434294  -1.50241956 -1.4370638  -1.34931894
 -1.24114183 -1.11448931 -0.97131821 -0.81358537 -0.64324764 -0.46226186
 -0.27258485 -0.07617346  0.12501546  0.32902509  0.53389858  0.7376791
  0.93840979  1.13413384  1.32289439  1.50266103  1.67097992  1.82524606
  1.96285425  2.08119932  2.17767606  2.24967929  2.29460381  2.30984445
  2.292796    2.24085328  2.15141111  2.02186428  1.84977608  1.63810561
  1.39621867  1.13385357  0.86074863  0.58664216  0.32127249  0.07437792
 -0.14430323 -0.32503264 -0.45823874 -0.5403137  -0.57510999 -0.56695076
 -0.52015918 -0.43905842 -0.32797166 -0.19122206 -0.03313279  0.14197298
  0.32977208  0.52594135  0.72615761  0.92609769  1.12143843  1.30785665
  1.48102919  1.63663288  1.77034455  1.87784102  1.95486303  2.00005284
  2.0160835   2.00592543  1.97254907  1.91892485  1.84802319  1.76281453
  1.66626929  1.56135791  1.45105081  1.33831843  1.22613119  1.11745953
  1.01527387  0.92254464  0.84224228  0.77733721  0.73079987  0.70560068
  0.70471007  0.73109847  0.78773632  0.87759404  1.00364206  1.16885082
  1.37619074  1.62863224  1.92914577  2.28070175]
d_x_fitting=[  1.72265289  11.78016165  21.83767042  31.89517918  41.95268795
  52.01019671  62.06770548  72.12521424  82.18272301  92.24023178
 102.29774054 112.35524931 122.41275807 132.47026684 142.5277756
 152.58528437 162.64279313 172.7003019  182.75781066 192.81531943
 202.8728282  212.93033696 222.98784573 233.04535449 243.10286326
 253.16037202 263.21788079 273.27538955 283.33289832 293.39040709
 303.44791585 313.50542462 323.56293338 333.62044215 343.67795091
 353.73545968 363.79296844 373.85047721 383.90798598 393.96549474
 404.02300351 414.08051227 424.13802104 434.1955298  444.25303857
 454.31054733 464.3680561  474.42556486 484.48307363 494.5405824
 504.59809116 514.65559993 524.71310869 534.77061746 544.82812622
 554.88563499 564.94314375 575.00065252 585.05816129 595.11567005
 605.17317882 615.23068758 625.28819635 635.34570511 645.40321388
 655.46072264 665.51823141 675.57574018 685.63324894 695.69075771
 705.74826647 715.80577524 725.863284   735.92079277 745.97830153
 756.0358103  766.09331906 776.15082783 786.2083366  796.26584536
 806.32335413 816.38086289 826.43837166 836.49588042 846.55338919
 856.61089795 866.66840672 876.72591549 886.78342425 896.84093302
 906.89844178 916.95595055 927.01345931 937.07096808 947.12847684
 957.18598561 967.24349438 977.30100314 987.35851191 997.41602067]
d_y_fitting=[ 0.40935673  0.90562544  1.32334792  1.66688685  1.9406049   2.14886475
  2.29602906  2.38646052  2.4245218   2.41457557  2.36098451  2.2681113
  2.14031861  1.9819691   1.79742547  1.59105038  1.36720651  1.13025652
  0.88456311  0.63448894  0.38439668  0.13864902 -0.09839138 -0.32236183
 -0.52889967 -0.71364222 -0.87222681 -1.00108636 -1.10018463 -1.17046447
 -1.21286879 -1.22834049 -1.21782246 -1.18225761 -1.12258884 -1.03975905
 -0.93471113 -0.80838799 -0.66173253 -0.49568764 -0.31128544 -0.11143
  0.09919731  0.31584488  0.53376108  0.74819432  0.95439297  1.14760541
  1.32308004  1.47606622  1.6031439   1.70485262  1.78246516  1.83725427
  1.87049275  1.88345336  1.87740888  1.85363208  1.81339573  1.75797261
  1.6886355   1.60665715  1.51331036  1.40986788  1.2976025   1.17778699
  1.05169412  0.92059667  0.78576741  0.64847911  0.51000456  0.37162952
  0.23467638  0.10047393 -0.02964905 -0.15436376 -0.27234141 -0.3822532
 -0.48277034 -0.57256405 -0.65030552 -0.71466596 -0.76431659 -0.79792862
 -0.81417323 -0.81172166 -0.7892451  -0.74541475 -0.67890184 -0.58837756
 -0.47251313 -0.32997975 -0.15944862  0.04040903  0.27092202  0.53341912
  0.82922913  1.15968085  1.52610306  1.92982456]