
p_x=[2.5839793281653747, 177.43324720068907, 305.77088716623604, 363.479758828596, 473.7295434969854, 527.9931093884583, 570.198105081826, 583.1180017226529, 613.2644272179157, 633.0749354005169, 658.9147286821704, 708.0103359173127, 749.3540051679587, 790.6976744186046, 845.8225667527993, 881.9982773471146, 960.3789836347976, 999.1386735572783]
p_y=[-4.0, -4.0, -3.882352941176471, -2.7058823529411757, -4.470588235294118, -4.588235294117647, -4.7058823529411775, -2.5882352941176467, -1.647058823529413, -1.764705882352942, -2.117647058823529, 0.5882352941176467, 2.0, -1.0588235294117645, -1.5294117647058805, 2.7058823529411766, 3.647058823529412, 3.4117647058823533]
a_x=[0.0, 180.01722652885442, 308.35486649440134, 369.50904392764863, 476.3135228251507, 564.1688199827735, 658.9147286821704, 752.7993109388458, 806.2015503875969, 849.2678725236865, 885.4435831180017, 931.9552110249784, 999.1386735572783]
a_y=[-0.8771929824561404, -0.9941520467836256, 1.2280701754385976, 0.7602339181286553, -1.4619883040935662, -1.8128654970760234, 1.461988304093568, 2.6315789473684212, -0.6432748538011701, -0.4093567251461998, 2.280701754385966, 2.9824561403508776, 3.5672514619883042]
d_x=[2.5839793281653747, 65.46080964685616, 129.19896640826872, 154.17743324720067, 183.4625322997416, 192.9371231696813, 209.30232558139537, 239.44875107665806, 269.5951765719208, 301.464254952627, 366.9250645994832, 420.3273040482343, 471.14556416882, 567.6141257536607, 659.7760551248923, 747.6313522825151, 780.3617571059432, 806.2015503875969, 815.6761412575366, 835.4866494401379, 850.99052540913, 882.8596037898363, 925.0645994832042, 956.0723514211886, 995.693367786391]
d_y=[-4.502923976608187, -4.152046783625732, -4.152046783625732, -4.152046783625732, -4.619883040935672, -0.058479532163742576, 0.9941520467836256, 0.7602339181286553, 0.9941520467836256, 0.7602339181286553, 2.8654970760233924, 0.6432748538011701, -1.9298245614035086, -2.9824561403508767, 3.6842105263157894, 6.140350877192983, 4.502923976608187, 2.6315789473684212, -1.4619883040935662, -1.8128654970760234, -1.6959064327485365, 3.2163742690058488, 4.736842105263158, 5.087719298245615, 5.2046783625731]
p_x_fitting=[  2.58397933  12.65018836  22.71639739  32.78260643  42.84881546
  52.91502449  62.98123352  73.04744256  83.11365159  93.17986062
 103.24606965 113.31227869 123.37848772 133.44469675 143.51090578
 153.57711482 163.64332385 173.70953288 183.77574192 193.84195095
 203.90815998 213.97436901 224.04057805 234.10678708 244.17299611
 254.23920514 264.30541418 274.37162321 284.43783224 294.50404127
 304.57025031 314.63645934 324.70266837 334.7688774  344.83508644
 354.90129547 364.9675045  375.03371354 385.09992257 395.1661316
 405.23234063 415.29854967 425.3647587  435.43096773 445.49717676
 455.5633858  465.62959483 475.69580386 485.76201289 495.82822193
 505.89443096 515.96063999 526.02684902 536.09305806 546.15926709
 556.22547612 566.29168515 576.35789419 586.42410322 596.49031225
 606.55652129 616.62273032 626.68893935 636.75514838 646.82135742
 656.88756645 666.95377548 677.01998451 687.08619355 697.15240258
 707.21861161 717.28482064 727.35102968 737.41723871 747.48344774
 757.54965677 767.61586581 777.68207484 787.74828387 797.8144929
 807.88070194 817.94691097 828.01312    838.07932904 848.14553807
 858.2117471  868.27795613 878.34416517 888.4103742  898.47658323
 908.54279226 918.6090013  928.67521033 938.74141936 948.80762839
 958.87383743 968.94004646 979.00625549 989.07246452 999.13867356]
p_y_fitting=[-4.         -3.74744482 -3.54235568 -3.38149053 -3.2616073  -3.17946396
 -3.13181843 -3.11542868 -3.12705265 -3.16344828 -3.22137352 -3.29758633
 -3.38884463 -3.49190639 -3.60352955 -3.72047205 -3.83949185 -3.95734688
 -4.0707951  -4.17659446 -4.27150289 -4.35227835 -4.41567878 -4.45846213
 -4.47738635 -4.46920938 -4.43068918 -4.35858367 -4.24965083 -4.10064858
 -3.90833488 -3.67295399 -3.41475337 -3.16110158 -2.93937583 -2.77695331
 -2.70118571 -2.72756601 -2.84090796 -3.02112978 -3.24814973 -3.50188603
 -3.76225692 -4.00918065 -4.22257544 -4.38235953 -4.46845117 -4.46088522
 -4.36596011 -4.24934411 -4.18485973 -4.2463295  -4.50757592 -5.00588887
 -5.51256881 -5.68125016 -5.16504476 -3.69977911 -2.18894424 -1.58623062
 -1.561656   -1.67481859 -1.71438351 -1.82075878 -2.01868406 -2.12499005
 -1.96438892 -1.53792261 -0.92597151 -0.20929683  0.53134017  1.21422759
  1.75283466  2.05910752  2.04499168  1.64342924  0.93566729  0.0668265
 -0.81772288 -1.57831945 -2.13281777 -2.43236812 -2.42852712 -2.07285137
 -1.31745127 -0.19623054  1.08940302  2.31753171  3.27798454  3.91297047
  4.27108451  4.40309569  4.35977302  4.19188554  3.95020227  3.68549221
  3.44852441  3.29006787  3.26089163  3.41176471]
a_x_fitting=[  0.          10.09230983  20.18461967  30.2769295   40.36923934
  50.46154917  60.553859    70.64616884  80.73847867  90.83078851
 100.92309834 111.01540817 121.10771801 131.20002784 141.29233767
 151.38464751 161.47695734 171.56926718 181.66157701 191.75388684
 201.84619668 211.93850651 222.03081635 232.12312618 242.21543601
 252.30774585 262.40005568 272.49236552 282.58467535 292.67698518
 302.76929502 312.86160485 322.95391469 333.04622452 343.13853435
 353.23084419 363.32315402 373.41546385 383.50777369 393.60008352
 403.69239336 413.78470319 423.87701302 433.96932286 444.06163269
 454.15394253 464.24625236 474.33856219 484.43087203 494.52318186
 504.6154917  514.70780153 524.80011136 534.8924212  544.98473103
 555.07704087 565.1693507  575.26166053 585.35397037 595.4462802
 605.53859003 615.63089987 625.7232097  635.81551954 645.90782937
 656.0001392  666.09244904 676.18475887 686.27706871 696.36937854
 706.46168837 716.55399821 726.64630804 736.73861788 746.83092771
 756.92323754 767.01554738 777.10785721 787.20016705 797.29247688
 807.38478671 817.47709655 827.56940638 837.66171621 847.75402605
 857.84633588 867.93864572 878.03095555 888.12326538 898.21557522
 908.30788505 918.40019489 928.49250472 938.58481455 948.67712439
 958.76943422 968.86174406 978.95405389 989.04636372 999.13867356]
a_y_fitting=[-0.87719298 -1.27360565 -1.60525301 -1.87563118 -2.08823628 -2.24656444
 -2.35411178 -2.41437442 -2.43084848 -2.4070301  -2.34641538 -2.25250045
 -2.12878145 -1.97875448 -1.80591567 -1.61376115 -1.40578703 -1.18548945
 -0.95636452 -0.72190836 -0.48561711 -0.25098688 -0.02151379  0.19930603
  0.40797647  0.60100138  0.77488466  0.92613019  1.05124183  1.14672346
  1.20907897  1.2349024   1.22349239  1.17725717  1.09877665  0.99063072
  0.8553993   0.69567554  0.51460982  0.31610139  0.10410218 -0.11743588
 -0.34456087 -0.57332087 -0.79976396 -1.01993821 -1.2298917  -1.4256725
 -1.60325125 -1.75803401 -1.88517684 -1.9798347  -2.03716255 -2.05231533
 -2.020448   -1.93671552 -1.79627475 -1.59688669 -1.34406971 -1.04478018
 -0.70597446 -0.3346089   0.06236012  0.47797625  0.90528312  1.33732438
  1.76637285  2.17704825  2.54959002  2.864186    3.10102403  3.24029197
  3.26217764  3.14686891  2.8745536   2.42648643  1.8233594   1.13594681
  0.43825698 -0.19570175 -0.69193663 -0.98987694 -1.06687795 -0.90694634
 -0.4940888   0.17070977  0.97933211  1.78198779  2.42941075  2.83674118
  3.03900202  3.08429043  3.02070359  2.89633868  2.75929287  2.65766334
  2.63954726  2.7530418   3.04624414  3.56725146]
d_x_fitting=[  2.58397933  12.61538729  22.64679526  32.67820322  42.70961119
  52.74101915  62.77242711  72.80383508  82.83524304  92.86665101
 102.89805897 112.92946693 122.9608749  132.99228286 143.02369083
 153.05509879 163.08650676 173.11791472 183.14932268 193.18073065
 203.21213861 213.24354658 223.27495454 233.30636251 243.33777047
 253.36917843 263.4005864  273.43199436 283.46340233 293.49481029
 303.52621825 313.55762622 323.58903418 333.62044215 343.65185011
 353.68325808 363.71466604 373.746074   383.77748197 393.80888993
 403.8402979  413.87170586 423.90311383 433.93452179 443.96592975
 453.99733772 464.02874568 474.06015365 484.09156161 494.12296958
 504.15437754 514.1857855  524.21719347 534.24860143 544.2800094
 554.31141736 564.34282532 574.37423329 584.40564125 594.43704922
 604.46845718 614.49986515 624.53127311 634.56268107 644.59408904
 654.625497   664.65690497 674.68831293 684.7197209  694.75112886
 704.78253682 714.81394479 724.84535275 734.87676072 744.90816868
 754.93957665 764.97098461 775.00239257 785.03380054 795.0652085
 805.09661647 815.12802443 825.15943239 835.19084036 845.22224832
 855.25365629 865.28506425 875.31647222 885.34788018 895.37928814
 905.41069611 915.44210407 925.47351204 935.50492    945.53632797
 955.56773593 965.59914389 975.63055186 985.66195982 995.69336779]
d_y_fitting=[-4.50292398 -4.05368101 -3.8053134  -3.72157062 -3.76620215 -3.90295746
 -4.09558603 -4.30783734 -4.50346085 -4.64620606 -4.69982243 -4.62805944
 -4.39466656 -3.97009309 -3.62230988 -4.028704   -5.54466831 -6.55242492
 -4.74669281  0.03088502  1.35603461  0.77858439  0.56159858  0.64903192
  0.82728161  0.95963935  1.0125792   0.96108832  0.83529243  0.74032883
  0.78643556  1.03086947  1.41450223  1.86273655  2.30097512  2.65462065
  2.84907584  2.81650357  2.56397844  2.14521555  1.61463484  1.02665623
  0.43528902 -0.12644305 -0.65610105 -1.15366235 -1.6191043  -2.05236128
 -2.44977139 -2.80141912 -3.09676294 -3.3252613  -3.47637267 -3.53955552
 -3.50426831 -3.3599695  -3.09611755 -2.70364368 -2.1901583  -1.57382671
 -0.87298105 -0.1059535   0.70892378  1.55331862  2.40889887  3.25733236
  4.08005315  4.85276365  5.54522997  6.12694353  6.56739577  6.83607811
  6.90248197  6.73609878  6.30641998  5.60827104  4.87350899  4.46341747
  4.7017017   4.85544729  3.03630709 -1.27627862 -2.59044943 -1.82961296
 -1.75375171 -1.39395481  0.05448118  1.94573862  3.54881366  4.43635935
  4.77394608  4.79571121  4.73578893  4.77505759  4.90585095  5.0787973
  5.24452493  5.35366212  5.35683717  5.20467836]