
p_x=[4.3066322136089585, 186.04651162790697, 311.80017226528855, 427.2179155900086, 661.4987080103359, 706.287683031869, 868.2170542635658, 997.4160206718346]
p_y=[1.5294117647058822, -1.882352941176471, -1.5294117647058805, 1.5294117647058822, 1.4117647058823533, 4.23529411764706, 5.294117647058823, 5.647058823529411]
a_x=[0.8613264427217916, 186.90783807062877, 305.77088716623604, 410.8527131782946, 648.578811369509, 683.0318690783807, 875.968992248062, 995.693367786391]
a_y=[-3.5672514619883025, -3.2163742690058488, -1.4619883040935662, -3.450292397660819, -4.035087719298245, -2.163742690058479, -1.8128654970760234, -1.6959064327485365]
d_x=[0.8613264427217916, 187.76916451335057, 313.52282515073216, 409.130060292851, 637.3815676141257, 683.0318690783807, 852.7131782945736, 992.2480620155038]
d_y=[1.1111111111111107, -2.397660818713449, -2.163742690058479, 0.7602339181286553, 0.1754385964912295, 2.514619883040936, 3.450292397660819, 5.2046783625731]
p_x_fitting=[  4.30663221  14.33804018  24.36944814  34.40085611  44.43226407
  54.46367203  64.49508     74.52648796  84.55789593  94.58930389
 104.62071186 114.65211982 124.68352778 134.71493575 144.74634371
 154.77775168 164.80915964 174.84056761 184.87197557 194.90338353
 204.9347915  214.96619946 224.99760743 235.02901539 245.06042335
 255.09183132 265.12323928 275.15464725 285.18605521 295.21746318
 305.24887114 315.2802791  325.31168707 335.34309503 345.374503
 355.40591096 365.43731893 375.46872689 385.50013485 395.53154282
 405.56295078 415.59435875 425.62576671 435.65717468 445.68858264
 455.7199906  465.75139857 475.78280653 485.8142145  495.84562246
 505.87703042 515.90843839 525.93984635 535.97125432 546.00266228
 556.03407025 566.06547821 576.09688617 586.12829414 596.1597021
 606.19111007 616.22251803 626.253926   636.28533396 646.31674192
 656.34814989 666.37955785 676.41096582 686.44237378 696.47378175
 706.50518971 716.53659767 726.56800564 736.5994136  746.63082157
 756.66222953 766.69363749 776.72504546 786.75645342 796.78786139
 806.81926935 816.85067732 826.88208528 836.91349324 846.94490121
 856.97630917 867.00771714 877.0391251  887.07053307 897.10194103
 907.13334899 917.16475696 927.19616492 937.22757289 947.25898085
 957.29038881 967.32179678 977.35320474 987.38461271 997.41602067]
p_y_fitting=[ 1.52941176  1.37560042  1.20788924  1.02811506  0.83811468  0.63972492
  0.4347826   0.22512454  0.01258756 -0.20099153 -0.41377592 -0.62392877
 -0.82961328 -1.02899263 -1.22023001 -1.40148859 -1.57093155 -1.72672208
 -1.86702337 -1.98999859 -2.09381094 -2.17662358 -2.2365997  -2.2719025
 -2.28069514 -2.26114081 -2.2114027  -2.12964399 -2.01402785 -1.86271748
 -1.67387606 -1.44574321 -1.18072666 -0.88746486 -0.57510622 -0.25279915
  0.07030791  0.38506655  0.68232836  0.9529449   1.18776776  1.37764853
  1.51343877  1.58761279  1.60316685  1.56729343  1.4871959   1.37007766
  1.22314206  1.0535925   0.86863235  0.67546498  0.48129379  0.29332214
  0.11875341 -0.03520902 -0.16136176 -0.25250145 -0.30142471 -0.30092815
 -0.24380839 -0.12286207  0.0691142   0.3393238   0.69497011  1.1432565
  1.69039299  2.31823296  2.98340375  3.64136541  4.24757807  4.76651263
  5.19641441  5.54344039  5.81374759  6.01349301  6.14883365  6.22592652
  6.25092862  6.22999696  6.16928853  6.07496035  5.95316941  5.81007272
  5.65182728  5.48459011  5.31451819  5.14776854  4.99049816  4.84886405
  4.72902322  4.63713267  4.5793494   4.56183042  4.59073274  4.67221335
  4.81242926  5.01753747  5.29369499  5.64705882]
a_x_fitting=[8.61326443e-01 1.09101349e+01 2.09589434e+01 3.10077519e+01
 4.10565604e+01 5.11053689e+01 6.11541774e+01 7.12029859e+01
 8.12517944e+01 9.13006029e+01 1.01349411e+02 1.11398220e+02
 1.21447028e+02 1.31495837e+02 1.41544645e+02 1.51593454e+02
 1.61642262e+02 1.71691071e+02 1.81739879e+02 1.91788688e+02
 2.01837496e+02 2.11886305e+02 2.21935113e+02 2.31983922e+02
 2.42032730e+02 2.52081539e+02 2.62130347e+02 2.72179156e+02
 2.82227964e+02 2.92276773e+02 3.02325581e+02 3.12374390e+02
 3.22423198e+02 3.32472007e+02 3.42520815e+02 3.52569624e+02
 3.62618432e+02 3.72667241e+02 3.82716049e+02 3.92764858e+02
 4.02813666e+02 4.12862475e+02 4.22911283e+02 4.32960092e+02
 4.43008900e+02 4.53057709e+02 4.63106517e+02 4.73155326e+02
 4.83204134e+02 4.93252943e+02 5.03301751e+02 5.13350560e+02
 5.23399368e+02 5.33448177e+02 5.43496985e+02 5.53545794e+02
 5.63594602e+02 5.73643411e+02 5.83692219e+02 5.93741028e+02
 6.03789836e+02 6.13838645e+02 6.23887453e+02 6.33936262e+02
 6.43985070e+02 6.54033879e+02 6.64082687e+02 6.74131496e+02
 6.84180304e+02 6.94229113e+02 7.04277921e+02 7.14326730e+02
 7.24375538e+02 7.34424347e+02 7.44473155e+02 7.54521964e+02
 7.64570772e+02 7.74619581e+02 7.84668389e+02 7.94717198e+02
 8.04766006e+02 8.14814815e+02 8.24863623e+02 8.34912432e+02
 8.44961240e+02 8.55010049e+02 8.65058857e+02 8.75107666e+02
 8.85156474e+02 8.95205283e+02 9.05254091e+02 9.15302900e+02
 9.25351708e+02 9.35400517e+02 9.45449325e+02 9.55498134e+02
 9.65546942e+02 9.75595751e+02 9.85644559e+02 9.95693368e+02]
a_y_fitting=[-3.56725146 -3.94887166 -4.26380458 -4.51585512 -4.70882815 -4.84652856
 -4.93276123 -4.97133103 -4.96604285 -4.92070157 -4.83911206 -4.72507922
 -4.58240792 -4.41490304 -4.22636946 -4.02061207 -3.80143574 -3.57264535
 -3.33804579 -3.10144194 -2.86663868 -2.63744088 -2.41765343 -2.21108121
 -2.02152911 -1.85280199 -1.70870475 -1.59304226 -1.50961941 -1.46224107
 -1.45471213 -1.49046602 -1.56846546 -1.68471462 -1.83516489 -2.01576769
 -2.22247443 -2.45123652 -2.69800535 -2.95873235 -3.22936891 -3.50586779
 -3.78446571 -4.06203297 -4.33552561 -4.60189966 -4.85811116 -5.10111614
 -5.32787064 -5.53533069 -5.72045232 -5.88019158 -6.01150448 -6.11134708
 -6.17667539 -6.20444547 -6.19161334 -6.13513503 -6.03196658 -5.87906403
 -5.67338341 -5.41188075 -5.09151209 -4.70923346 -4.2620009  -3.74801207
 -3.18900254 -2.62775477 -2.10778065 -1.6615138  -1.28981426 -0.98795423
 -0.75120593 -0.57484159 -0.4541334  -0.38435358 -0.36077436 -0.37866793
 -0.43330652 -0.51996234 -0.6339076  -0.77041452 -0.92475532 -1.09220219
 -1.26802737 -1.44750306 -1.62590148 -1.79849484 -1.96055535 -2.10735523
 -2.2341667  -2.33626196 -2.40891324 -2.44739274 -2.44697267 -2.40292526
 -2.31052272 -2.16503726 -1.96174109 -1.69590643]
d_x_fitting=[8.61326443e-01 1.08753339e+01 2.08893413e+01 3.09033487e+01
 4.09173562e+01 5.09313636e+01 6.09453710e+01 7.09593785e+01
 8.09733859e+01 9.09873933e+01 1.01001401e+02 1.11015408e+02
 1.21029416e+02 1.31043423e+02 1.41057430e+02 1.51071438e+02
 1.61085445e+02 1.71099453e+02 1.81113460e+02 1.91127468e+02
 2.01141475e+02 2.11155482e+02 2.21169490e+02 2.31183497e+02
 2.41197505e+02 2.51211512e+02 2.61225520e+02 2.71239527e+02
 2.81253534e+02 2.91267542e+02 3.01281549e+02 3.11295557e+02
 3.21309564e+02 3.31323572e+02 3.41337579e+02 3.51351586e+02
 3.61365594e+02 3.71379601e+02 3.81393609e+02 3.91407616e+02
 4.01421624e+02 4.11435631e+02 4.21449639e+02 4.31463646e+02
 4.41477653e+02 4.51491661e+02 4.61505668e+02 4.71519676e+02
 4.81533683e+02 4.91547691e+02 5.01561698e+02 5.11575705e+02
 5.21589713e+02 5.31603720e+02 5.41617728e+02 5.51631735e+02
 5.61645743e+02 5.71659750e+02 5.81673757e+02 5.91687765e+02
 6.01701772e+02 6.11715780e+02 6.21729787e+02 6.31743795e+02
 6.41757802e+02 6.51771809e+02 6.61785817e+02 6.71799824e+02
 6.81813832e+02 6.91827839e+02 7.01841847e+02 7.11855854e+02
 7.21869861e+02 7.31883869e+02 7.41897876e+02 7.51911884e+02
 7.61925891e+02 7.71939899e+02 7.81953906e+02 7.91967913e+02
 8.01981921e+02 8.11995928e+02 8.22009936e+02 8.32023943e+02
 8.42037951e+02 8.52051958e+02 8.62065965e+02 8.72079973e+02
 8.82093980e+02 8.92107988e+02 9.02121995e+02 9.12136003e+02
 9.22150010e+02 9.32164017e+02 9.42178025e+02 9.52192032e+02
 9.62206040e+02 9.72220047e+02 9.82234055e+02 9.92248062e+02]
d_y_fitting=[ 1.11111111  1.026316    0.91609672  0.78292683  0.62927989  0.45762946
  0.27044913  0.07021244 -0.14060703 -0.35953573 -0.58410008 -0.81182653
 -1.0402415  -1.26687143 -1.48924276 -1.70488192 -1.91131535 -2.10606948
 -2.28667074 -2.45064558 -2.59552043 -2.71882172 -2.81807589 -2.89080937
 -2.9345486  -2.94682001 -2.92515004 -2.86706512 -2.77009169 -2.63175618
 -2.44958504 -2.22110468 -1.94502885 -1.62950639 -1.28718786 -0.93075164
 -0.5728761  -0.22623961  0.09647948  0.38260278  0.61945195  0.7943893
  0.90082477  0.94457139  0.93296357  0.87333572  0.77302223  0.63935751
  0.47967597  0.30131201  0.11160003 -0.08212556 -0.27253036 -0.45227996
 -0.61403997 -0.75047597 -0.85425357 -0.91803835 -0.93449592 -0.89629188
 -0.79609181 -0.62656131 -0.38036599 -0.05017143  0.3707259   0.86912243
  1.40834785  1.95038303  2.45720884  2.89568435  3.26086199  3.55789985
  3.79196898  3.96824044  4.09188528  4.16807454  4.20197928  4.19877055
  4.1636194   4.10169689  4.01817406  3.91822196  3.80701165  3.68971418
  3.57150059  3.45754195  3.3530093   3.26307369  3.19290617  3.1476778
  3.13255963  3.1527227   3.21333807  3.3195768   3.47660992  3.6896085
  3.96374358  4.30418622  4.71610746  5.20467836]