
p_x=[4.3066322136089585, 122.3083548664944, 229.97416020671835, 370.3703703703703, 397.9328165374677, 497.8466838931955, 614.9870801033591, 995.693367786391]
p_y=[-1.2941176470588225, 1.882352941176471, 3.647058823529412, 2.7058823529411766, -0.8235294117647047, 1.1764705882352935, 3.5294117647058822, 3.88235294117647]
a_x=[2.5839793281653747, 119.72437553832903, 230.83548664944016, 400.5167958656331, 496.9853574504737, 613.2644272179157, 993.1093884582257]
a_y=[-4.269005847953215, -3.099415204678362, -1.4619883040935662, -3.333333333333332, -2.163742690058479, -1.578947368421053, -0.8771929824561404]
d_x=[0.8613264427217916, 119.72437553832903, 230.83548664944016, 405.68475452196384, 997.4160206718346]
d_y=[0.526315789473685, 0.6432748538011701, 1.1111111111111107, 0.8771929824561404, 0.7602339181286553]
p_x_fitting=[  4.30663221  14.32063964  24.33464707  34.3486545   44.36266193
  54.37666936  64.39067679  74.40468422  84.41869165  94.43269908
 104.44670651 114.46071394 124.47472137 134.4887288  144.50273623
 154.51674366 164.53075109 174.54475852 184.55876595 194.57277338
 204.58678081 214.60078824 224.61479567 234.6288031  244.64281053
 254.65681796 264.67082539 274.68483282 284.69884025 294.71284768
 304.72685511 314.74086254 324.75486997 334.7688774  344.78288483
 354.79689226 364.81089969 374.82490712 384.83891455 394.85292198
 404.86692941 414.88093684 424.89494427 434.9089517  444.92295913
 454.93696656 464.95097399 474.96498142 484.97898885 494.99299628
 505.00700372 515.02101115 525.03501858 535.04902601 545.06303344
 555.07704087 565.0910483  575.10505573 585.11906316 595.13307059
 605.14707802 615.16108545 625.17509288 635.18910031 645.20310774
 655.21711517 665.2311226  675.24513003 685.25913746 695.27314489
 705.28715232 715.30115975 725.31516718 735.32917461 745.34318204
 755.35718947 765.3711969  775.38520433 785.39921176 795.41321919
 805.42722662 815.44123405 825.45524148 835.46924891 845.48325634
 855.49726377 865.5112712  875.52527863 885.53928606 895.55329349
 905.56730092 915.58130835 925.59531578 935.60932321 945.62333064
 955.63733807 965.6513455  975.66535293 985.67936036 995.69336779]
p_y_fitting=[-1.29411765 -0.76467241 -0.30107219  0.10209394  0.45023692  0.74876768
  1.00309716  1.21863628  1.400796    1.55498724  1.68662093  1.80110802
  1.90385944  2.00028611  2.09579898  2.19580899  2.30572706  2.43096413
  2.57693114  2.74903903  2.95269871  3.19332114  3.47631725  3.8066218
  4.17617147  4.56265473  4.94303323  5.29426864  5.5933226   5.81715677
  5.94273279  5.94701233  5.80695702  5.49952853  5.0016885   4.2903986
  3.34262046  2.13929956  0.78195654 -0.4886311  -1.44044131 -2.0163728
 -2.26464154 -2.23490934 -1.976838   -1.54008933 -0.97432511 -0.32920717
  0.34560271  1.00044272  1.58890329  2.09644285  2.52657131  2.88300443
  3.16945801  3.38964781  3.54728961  3.64609919  3.68979233  3.68208479
  3.62669237  3.52733083  3.38771596  3.21156352  3.0025893   2.76450907
  2.50103861  2.2158937   1.91279011  1.59544362  1.26757001  0.93288505
  0.59510452  0.25794419 -0.07488015 -0.39965273 -0.71265777 -1.0101795
 -1.28850214 -1.54390991 -1.77268704 -1.97111775 -2.13548626 -2.2620768
 -2.34717358 -2.38706084 -2.37802279 -2.31634366 -2.19830768 -2.02019906
 -1.77830203 -1.4689008  -1.08827962 -0.63272269 -0.09851425  0.51806149
  1.2207203   2.01317797  2.89915025  3.88235294]
a_x_fitting=[  2.58397933  12.58928649  22.59459365  32.59990082  42.60520798
  52.61051514  62.61582231  72.62112947  82.62643663  92.63174379
 102.63705096 112.64235812 122.64766528 132.65297245 142.65827961
 152.66358677 162.66889394 172.6742011  182.67950826 192.68481542
 202.69012259 212.69542975 222.70073691 232.70604408 242.71135124
 252.7166584  262.72196556 272.72727273 282.73257989 292.73788705
 302.74319422 312.74850138 322.75380854 332.7591157  342.76442287
 352.76973003 362.77503719 372.78034436 382.78565152 392.79095868
 402.79626585 412.80157301 422.80688017 432.81218733 442.8174945
 452.82280166 462.82810882 472.83341599 482.83872315 492.84403031
 502.84933747 512.85464464 522.8599518  532.86525896 542.87056613
 552.87587329 562.88118045 572.88648762 582.89179478 592.89710194
 602.9024091  612.90771627 622.91302343 632.91833059 642.92363776
 652.92894492 662.93425208 672.93955924 682.94486641 692.95017357
 702.95548073 712.9607879  722.96609506 732.97140222 742.97670938
 752.98201655 762.98732371 772.99263087 782.99793804 793.0032452
 803.00855236 813.01385953 823.01916669 833.02447385 843.02978101
 853.03508818 863.04039534 873.0457025  883.05100967 893.05631683
 903.06162399 913.06693115 923.07223832 933.07754548 943.08285264
 953.08815981 963.09346697 973.09877413 983.1040813  993.10938846]
a_y_fitting=[-4.26900585 -4.34701142 -4.37885511 -4.36853362 -4.32004369 -4.23738202
 -4.12454535 -3.98553038 -3.82433384 -3.64495245 -3.45138293 -3.24762199
 -3.03766636 -2.82551275 -2.61515789 -2.41059849 -2.21583128 -2.03485297
 -1.87166028 -1.73024993 -1.61461865 -1.52876314 -1.47668014 -1.46235665
 -1.4873345  -1.54749622 -1.63792601 -1.75370805 -1.88992653 -2.04166565
 -2.2040096  -2.37204255 -2.54084872 -2.70551228 -2.86111742 -3.00274835
 -3.12548923 -3.22442428 -3.29463766 -3.33121359 -3.32925814 -3.28721727
 -3.21043262 -3.10509836 -2.97740865 -2.83355765 -2.67973953 -2.52214845
 -2.36697858 -2.22042407 -2.0884448  -1.97329419 -1.87426618 -1.79057218
 -1.72142359 -1.66603182 -1.62360827 -1.59336435 -1.57451147 -1.56626103
 -1.56782445 -1.57841312 -1.59723845 -1.62351185 -1.65644473 -1.69524849
 -1.73913454 -1.78731428 -1.83899913 -1.89340048 -1.94972975 -2.00719834
 -2.06501765 -2.1223991  -2.17855409 -2.23269402 -2.28403031 -2.33177435
 -2.37513756 -2.41333135 -2.44556711 -2.47105625 -2.48901019 -2.49864033
 -2.49915807 -2.48977482 -2.46970198 -2.43815097 -2.39433319 -2.33746004
 -2.26674294 -2.18139329 -2.08062249 -1.96364195 -1.82966308 -1.67789729
 -1.50755597 -1.31785055 -1.10799242 -0.87719298]
d_x_fitting=[8.61326443e-01 1.09275355e+01 2.09937445e+01 3.10599535e+01
 4.11261626e+01 5.11923716e+01 6.12585806e+01 7.13247897e+01
 8.13909987e+01 9.14572077e+01 1.01523417e+02 1.11589626e+02
 1.21655835e+02 1.31722044e+02 1.41788253e+02 1.51854462e+02
 1.61920671e+02 1.71986880e+02 1.82053089e+02 1.92119298e+02
 2.02185507e+02 2.12251716e+02 2.22317925e+02 2.32384134e+02
 2.42450343e+02 2.52516552e+02 2.62582761e+02 2.72648970e+02
 2.82715179e+02 2.92781388e+02 3.02847597e+02 3.12913806e+02
 3.22980015e+02 3.33046225e+02 3.43112434e+02 3.53178643e+02
 3.63244852e+02 3.73311061e+02 3.83377270e+02 3.93443479e+02
 4.03509688e+02 4.13575897e+02 4.23642106e+02 4.33708315e+02
 4.43774524e+02 4.53840733e+02 4.63906942e+02 4.73973151e+02
 4.84039360e+02 4.94105569e+02 5.04171778e+02 5.14237987e+02
 5.24304196e+02 5.34370405e+02 5.44436614e+02 5.54502823e+02
 5.64569032e+02 5.74635241e+02 5.84701450e+02 5.94767659e+02
 6.04833868e+02 6.14900077e+02 6.24966286e+02 6.35032495e+02
 6.45098705e+02 6.55164914e+02 6.65231123e+02 6.75297332e+02
 6.85363541e+02 6.95429750e+02 7.05495959e+02 7.15562168e+02
 7.25628377e+02 7.35694586e+02 7.45760795e+02 7.55827004e+02
 7.65893213e+02 7.75959422e+02 7.86025631e+02 7.96091840e+02
 8.06158049e+02 8.16224258e+02 8.26290467e+02 8.36356676e+02
 8.46422885e+02 8.56489094e+02 8.66555303e+02 8.76621512e+02
 8.86687721e+02 8.96753930e+02 9.06820139e+02 9.16886348e+02
 9.26952557e+02 9.37018766e+02 9.47084976e+02 9.57151185e+02
 9.67217394e+02 9.77283603e+02 9.87349812e+02 9.97416021e+02]
d_y_fitting=[ 0.52631579  0.4911124   0.46672714  0.45240422  0.44738783  0.45092215
  0.46225138  0.48061971  0.50527133  0.53545043  0.57040121  0.60936786
  0.65159456  0.69632551  0.74280491  0.79027694  0.83798579  0.88517566
  0.93109074  0.97497522  1.01607329  1.05362914  1.08688697  1.11509154
  1.13772807  1.15489311  1.16677897  1.17357794  1.17548232  1.1726844
  1.1653765   1.15375089  1.13799988  1.11831576  1.09489084  1.06791741
  1.03758777  1.00409421  0.96762903  0.92838453  0.886553    0.84232675
  0.79589806  0.74745925  0.6972026   0.64532041  0.59200497  0.5374486
  0.48184357  0.4253822   0.36825677  0.31065959  0.25278294  0.19481914
  0.13696047  0.07939923  0.02232773 -0.03406175 -0.0895769  -0.14402544
 -0.19721505 -0.24895345 -0.29904834 -0.34730742 -0.39353839 -0.43754895
 -0.47914682 -0.51813968 -0.55433525 -0.58754123 -0.61756532 -0.64421522
 -0.66729863 -0.68662327 -0.70199683 -0.71322701 -0.72012152 -0.72248805
 -0.72013433 -0.71286803 -0.70049688 -0.68282857 -0.6596708  -0.63083128
 -0.5961177  -0.55533779 -0.50829922 -0.45480972 -0.39467698 -0.3277087
 -0.25371259 -0.17249635 -0.08386768  0.01236571  0.11639613  0.22841586
  0.34861721  0.47719247  0.61433394  0.76023392]