
p_x=[1.7226528854435832, 109.38845822566753, 170.54263565891472, 303.1869078380706, 434.1085271317829, 548.6649440137812, 647.7174849267873, 719.2075796726959, 757.9672695951766, 839.7932816537468, 864.7717484926786, 938.8458225667528, 995.693367786391]
p_y=[2.9411764705882346, 4.588235294117648, 6.0, 6.0, 5.411764705882353, 6.9411764705882355, 6.235294117647059, 5.647058823529411, 4.588235294117648, 7.0588235294117645, 4.9411764705882355, 4.9411764705882355, 5.176470588235294]
a_x=[1.7226528854435832, 105.08182601205857, 175.71059431524546, 247.20068906115418, 296.2962962962963, 311.80017226528855, 382.4289405684754, 437.55383290267014, 550.3875968992248, 637.3815676141257, 717.4849267872524, 759.6899224806202, 823.4280792420327, 854.4358311800172, 928.5099052540912, 987.0801033591732]
a_y=[-2.163742690058479, -0.9941520467836256, 1.578947368421053, 2.397660818713451, 1.8128654970760234, -1.578947368421053, -1.6959064327485365, -0.8771929824561404, 1.9298245614035086, 2.280701754385966, 3.9181286549707606, 1.9298245614035086, 3.0994152046783627, 2.397660818713451, 2.1637426900584797, 2.1637426900584797]
d_x=[2.5839793281653747, 113.69509043927648, 175.71059431524546, 285.9603789836348, 315.2454780361757, 366.0637381567614, 432.3858742463393, 473.7295434969854, 540.0516795865633, 632.213608957795, 709.7329888027563, 757.9672695951766, 808.7855297157622, 842.3772609819122, 914.7286821705426, 991.3867355727821]
d_y=[1.1111111111111107, 3.2163742690058488, 6.023391812865498, 5.7894736842105265, 3.5672514619883042, 4.269005847953217, 5.555555555555555, 5.321637426900585, 6.374269005847953, 7.192982456140351, 7.076023391812866, 5.672514619883041, 6.491228070175438, 5.906432748538012, 5.672514619883041, 6.023391812865498]
p_x_fitting=[  1.72265289  11.76276112  21.80286935  31.84297758  41.88308581
  51.92319404  61.96330227  72.0034105   82.04351874  92.08362697
 102.1237352  112.16384343 122.20395166 132.24405989 142.28416812
 152.32427636 162.36438459 172.40449282 182.44460105 192.48470928
 202.52481751 212.56492574 222.60503397 232.64514221 242.68525044
 252.72535867 262.7654669  272.80557513 282.84568336 292.88579159
 302.92589983 312.96600806 323.00611629 333.04622452 343.08633275
 353.12644098 363.16654921 373.20665744 383.24676568 393.28687391
 403.32698214 413.36709037 423.4071986  433.44730683 443.48741506
 453.52752329 463.56763153 473.60773976 483.64784799 493.68795622
 503.72806445 513.76817268 523.80828091 533.84838915 543.88849738
 553.92860561 563.96871384 574.00882207 584.0489303  594.08903853
 604.12914676 614.169255   624.20936323 634.24947146 644.28957969
 654.32968792 664.36979615 674.40990438 684.45001262 694.49012085
 704.53022908 714.57033731 724.61044554 734.65055377 744.690662
 754.73077023 764.77087847 774.8109867  784.85109493 794.89120316
 804.93131139 814.97141962 825.01152785 835.05163609 845.09174432
 855.13185255 865.17196078 875.21206901 885.25217724 895.29228547
 905.3323937  915.37250194 925.41261017 935.4527184  945.49282663
 955.53293486 965.57304309 975.61315132 985.65325956 995.69336779]
p_y_fitting=[2.94117647 2.90292532 2.92077018 2.98898982 3.101863   3.2536685
 3.43868508 3.6511915  3.88546655 4.13578898 4.39643757 4.66169108
 4.92582827 5.18312793 5.42786882 5.6543297  5.85678934 6.02953496
 6.16902578 6.27676957 6.35498973 6.40590966 6.43175275 6.43474243
 6.41710207 6.38105509 6.32882488 6.26263485 6.1847084  6.09726892
 6.00253982 5.90286567 5.80111503 5.7002981  5.60342505 5.51350609
 5.43355139 5.36657116 5.31557556 5.28357481 5.27357907 5.28859855
 5.33164343 5.4057239  5.51247586 5.64683401 5.80169352 5.96994909
 6.14449541 6.31822719 6.48403912 6.63482591 6.76348225 6.86290284
 6.92598237 6.94599105 6.92392561 6.86803536 6.7868502  6.68890001
 6.58271469 6.47682413 6.37975821 6.30004683 6.24621988 6.22533236
 6.22678061 6.22831975 6.20749941 6.14186922 6.0089788  5.7863778
 5.45524563 5.06700484 4.73666794 4.58154246 4.70762884 5.0945835
 5.64290923 6.25189166 6.82081637 7.24896899 7.43563511 7.28010035
 6.69218006 5.79503108 4.91025671 4.29647122 3.96189408 3.85920771
 3.94109454 4.160237   4.46931752 4.82101852 5.16802243 5.46301168
 5.65866869 5.70767589 5.56271572 5.17647059]
a_x_fitting=[  1.72265289  11.67575845  21.62886401  31.58196957  41.53507513
  51.48818069  61.44128625  71.39439181  81.34749737  91.30060293
 101.25370849 111.20681405 121.15991961 131.11302517 141.06613073
 151.01923629 160.97234185 170.92544741 180.87855297 190.83165853
 200.78476409 210.73786965 220.69097521 230.64408077 240.59718633
 250.55029189 260.50339745 270.45650301 280.40960857 290.36271414
 300.3158197  310.26892526 320.22203082 330.17513638 340.12824194
 350.0813475  360.03445306 369.98755862 379.94066418 389.89376974
 399.8468753  409.79998086 419.75308642 429.70619198 439.65929754
 449.6124031  459.56550866 469.51861422 479.47171978 489.42482534
 499.3779309  509.33103646 519.28414202 529.23724758 539.19035314
 549.1434587  559.09656426 569.04966982 579.00277539 588.95588095
 598.90898651 608.86209207 618.81519763 628.76830319 638.72140875
 648.67451431 658.62761987 668.58072543 678.53383099 688.48693655
 698.44004211 708.39314767 718.34625323 728.29935879 738.25246435
 748.20556991 758.15867547 768.11178103 778.06488659 788.01799215
 797.97109771 807.92420327 817.87730883 827.83041439 837.78351995
 847.73662551 857.68973107 867.64283664 877.5959422  887.54904776
 897.50215332 907.45525888 917.40836444 927.36147    937.31457556
 947.26768112 957.22078668 967.17389224 977.1269978  987.08010336]
a_y_fitting=[-2.16374269 -2.61181289 -2.89414845 -3.02729458 -3.02779648 -2.91219937
 -2.69704846 -2.39888897 -2.03426611 -1.61972508 -1.17181111 -0.7070694
 -0.24204516  0.20671639  0.62267003  0.98927057  1.28997278  1.50823146
  1.62890772  1.6664645   1.663518    1.66380082  1.71104554  1.84898477
  2.1213511   2.5698581   3.11782795  3.50663973  3.46220281  2.71042657
  0.99501719 -1.26393559 -2.92965109 -3.78589289 -4.00098498 -3.7441716
 -3.184697   -2.49180545 -1.83474118 -1.36663028 -1.10031117 -0.976389
 -0.93487197 -0.91576827 -0.85920356 -0.72689968 -0.52723255 -0.27466023
  0.01635927  0.33136791  0.65590766  0.97552048  1.27574833  1.54213319
  1.76021702  1.91554179  1.99768525  2.0197928   2.00354029  1.97061533
  1.94270554  1.94149856  1.98868199  2.10594345  2.31494336  2.62115751
  2.9865731   3.36594809  3.71404042  3.98560803  4.13540885  4.11820084
  3.88876113  3.43980426  2.88131232  2.34585556  1.96600428  1.85217631
  1.97332036  2.24274608  2.57363002  2.8791487   3.07247866  3.06962099
  2.8732164   2.5866316   2.31818663  2.13165858  2.0205896   1.97233849
  1.97426403  2.01372501  2.0780802   2.1546884   2.23090839  2.29409896
  2.33161888  2.33082696  2.27908197  2.16374269]
d_x_fitting=[  2.58397933  12.57188596  22.55979259  32.54769921  42.53560584
  52.52351247  62.5114191   72.49932573  82.48723236  92.47513899
 102.46304562 112.45095224 122.43885887 132.4267655  142.41467213
 152.40257876 162.39048539 172.37839202 182.36629865 192.35420527
 202.3421119  212.33001853 222.31792516 232.30583179 242.29373842
 252.28164505 262.26955168 272.2574583  282.24536493 292.23327156
 302.22117819 312.20908482 322.19699145 332.18489808 342.17280471
 352.16071133 362.14861796 372.13652459 382.12443122 392.11233785
 402.10024448 412.08815111 422.07605773 432.06396436 442.05187099
 452.03977762 462.02768425 472.01559088 482.00349751 491.99140414
 501.97931076 511.96721739 521.95512402 531.94303065 541.93093728
 551.91884391 561.90675054 571.89465717 581.88256379 591.87047042
 601.85837705 611.84628368 621.83419031 631.82209694 641.81000357
 651.7979102  661.78581682 671.77372345 681.76163008 691.74953671
 701.73744334 711.72534997 721.7132566  731.70116323 741.68906985
 751.67697648 761.66488311 771.65278974 781.64069637 791.628603
 801.61650963 811.60441626 821.59232288 831.58022951 841.56813614
 851.55604277 861.5439494  871.53185603 881.51976266 891.50766929
 901.49557591 911.48348254 921.47138917 931.4592958  941.44720243
 951.43510906 961.42301569 971.41092232 981.39882894 991.38673557]
d_y_fitting=[1.11111111 0.95135179 0.88210615 0.8962818  0.98678634 1.14652736
 1.36841248 1.64534928 1.97024538 2.33600837 2.73554585 3.16176543
 3.6075747  4.06588128 4.52959275 4.99161672 5.4448608  5.88223258
 6.2962599  6.67505118 7.00386143 7.26789796 7.45236811 7.5424792
 7.52343857 7.38045355 7.09873146 6.66347964 6.05990541 5.28190726
 4.44000978 3.72811312 3.32612781 3.248597   3.41144631 3.72928507
 4.1167226  4.49144624 4.81576909 5.08563992 5.29783229 5.44911976
 5.5362759  5.55607427 5.51143731 5.43238155 5.35638378 5.32092105
 5.35820386 5.46488218 5.62289447 5.81413234 6.02048745 6.22385142
 6.40614234 6.5558337  6.67652006 6.77392101 6.85375611 6.92174494
 6.98360706 7.04506206 7.1118295  7.18962895 7.28087806 7.37313708
 7.4497892  7.49421741 7.48980469 7.41993401 7.26798835 7.01746208
 6.67561887 6.30283275 5.96667595 5.73472072 5.67328465 5.79009103
 6.01052241 6.25378441 6.43908264 6.4862196  6.36858171 6.15485808
 5.92355583 5.74203177 5.62071896 5.55193233 5.52797919 5.54116684
 5.58380256 5.64819366 5.72664744 5.81147119 5.89497221 5.9694578
 6.02723526 6.06061188 6.06189497 6.02339181]