
p_x=[1.7226528854435832, 74.07407407407408, 217.91559000861326, 236.8647717484927, 289.40568475452193, 347.114556416882, 359.1731266149871, 428.9405684754522, 496.9853574504737, 629.6296296296297, 663.2213608957795, 851.8518518518518, 993.9707149009474]
p_y=[-1.5294117647058805, -2.5882352941176467, -3.4117647058823515, -1.882352941176471, -2.2352941176470598, -2.2352941176470598, -4.23529411764706, -4.117647058823531, -4.0, -5.411764705882353, -3.764705882352942, -3.1764705882352935, -3.0588235294117645]
a_x=[0.8613264427217916, 85.27131782945736, 215.3316106804479, 245.4780361757106, 294.57364341085275, 353.1438415159345, 358.3118001722653, 433.2472006890611, 498.7080103359173, 619.2937123169681, 663.2213608957795, 867.3557278208441, 995.693367786391]
a_y=[-1.8128654970760234, -0.1754385964912295, 0.6432748538011701, -0.9941520467836256, -0.4093567251461998, -0.5263157894736832, 1.3450292397660828, 2.1637426900584797, 2.1637426900584797, 0.8771929824561404, 1.578947368421053, 2.6315789473684212, 1.578947368421053]
d_x=[0.8613264427217916, 83.54866494401378, 211.88630490956072, 233.4194659776055, 337.63996554694234, 354.86649440137813, 486.64944013781223, 605.5124892334195, 633.0749354005169, 794.1429801894918, 988.8027562446167]
d_y=[-2.7485380116959064, -4.035087719298245, -4.619883040935672, -2.6315789473684212, -2.7485380116959064, -4.269005847953215, -3.6842105263157894, -1.9298245614035086, -3.6842105263157894, -4.035087719298245, -4.269005847953215]
p_x_fitting=[  1.72265289  11.74536058  21.76806828  31.79077598  41.81348367
  51.83619137  61.85889907  71.88160677  81.90431446  91.92702216
 101.94972986 111.97243755 121.99514525 132.01785295 142.04056065
 152.06326834 162.08597604 172.10868374 182.13139143 192.15409913
 202.17680683 212.19951453 222.22222222 232.24492992 242.26763762
 252.29034531 262.31305301 272.33576071 282.3584684  292.3811761
 302.4038838  312.4265915  322.44929919 332.47200689 342.49471459
 352.51742228 362.54012998 372.56283768 382.58554538 392.60825307
 402.63096077 412.65366847 422.67637616 432.69908386 442.72179156
 452.74449926 462.76720695 472.78991465 482.81262235 492.83533004
 502.85803774 512.88074544 522.90345314 532.92616083 542.94886853
 552.97157623 562.99428392 573.01699162 583.03969932 593.06240702
 603.08511471 613.10782241 623.13053011 633.1532378  643.1759455
 653.1986532  663.2213609  673.24406859 683.26677629 693.28948399
 703.31219168 713.33489938 723.35760708 733.38031478 743.40302247
 753.42573017 763.44843787 773.47114556 783.49385326 793.51656096
 803.53926866 813.56197635 823.58468405 833.60739175 843.63009944
 853.65280714 863.67551484 873.69822254 883.72093023 893.74363793
 903.76634563 913.78905332 923.81176102 933.83446872 943.85717642
 953.87988411 963.90259181 973.92529951 983.9480072  993.9707149 ]
p_y_fitting=[-1.52941176 -1.35138566 -1.3063806  -1.37795933 -1.54968462 -1.80511921
 -2.12782585 -2.50136729 -2.90930628 -3.33520557 -3.76262792 -4.17513606
 -4.55629277 -4.88966078 -5.15880284 -5.34728171 -5.43866013 -5.41650087
 -5.26436666 -4.96582026 -4.50442441 -3.86374188 -3.03276934 -2.17892872
 -1.66908474 -1.59448832 -1.78601572 -2.06519052 -2.25353634 -2.17437051
 -1.79336765 -1.31955186 -0.98577804 -1.02490107 -1.66977585 -3.11002121
 -4.71182793 -5.6694044  -6.04352956 -5.97112713 -5.58912081 -5.03443432
 -4.44399136 -3.95330796 -3.6341368  -3.46975442 -3.43692024 -3.51239367
 -3.67293415 -3.8953011  -4.15663747 -4.44015722 -4.7339237  -5.02613566
 -5.30499179 -5.55869082 -5.77543147 -5.94341246 -6.0508325  -6.08589031
 -6.03678462 -5.89171413 -5.63887757 -5.26699403 -4.79226823 -4.27148789
 -3.76470588 -3.32126518 -2.94766922 -2.63971156 -2.39318576 -2.20388537
 -2.06760395 -1.98013505 -1.93727222 -1.93480903 -1.96853902 -2.03425574
 -2.12775277 -2.24482364 -2.38126191 -2.53286115 -2.69541489 -2.8647167
 -3.03656014 -3.20673875 -3.3710461  -3.52527573 -3.6652212  -3.78667607
 -3.88543388 -3.95728821 -3.99803259 -4.00346058 -3.96936575 -3.89154164
 -3.76578181 -3.58787981 -3.3536292  -3.05882353]
a_x_fitting=[8.61326443e-01 1.09101349e+01 2.09589434e+01 3.10077519e+01
 4.10565604e+01 5.11053689e+01 6.11541774e+01 7.12029859e+01
 8.12517944e+01 9.13006029e+01 1.01349411e+02 1.11398220e+02
 1.21447028e+02 1.31495837e+02 1.41544645e+02 1.51593454e+02
 1.61642262e+02 1.71691071e+02 1.81739879e+02 1.91788688e+02
 2.01837496e+02 2.11886305e+02 2.21935113e+02 2.31983922e+02
 2.42032730e+02 2.52081539e+02 2.62130347e+02 2.72179156e+02
 2.82227964e+02 2.92276773e+02 3.02325581e+02 3.12374390e+02
 3.22423198e+02 3.32472007e+02 3.42520815e+02 3.52569624e+02
 3.62618432e+02 3.72667241e+02 3.82716049e+02 3.92764858e+02
 4.02813666e+02 4.12862475e+02 4.22911283e+02 4.32960092e+02
 4.43008900e+02 4.53057709e+02 4.63106517e+02 4.73155326e+02
 4.83204134e+02 4.93252943e+02 5.03301751e+02 5.13350560e+02
 5.23399368e+02 5.33448177e+02 5.43496985e+02 5.53545794e+02
 5.63594602e+02 5.73643411e+02 5.83692219e+02 5.93741028e+02
 6.03789836e+02 6.13838645e+02 6.23887453e+02 6.33936262e+02
 6.43985070e+02 6.54033879e+02 6.64082687e+02 6.74131496e+02
 6.84180304e+02 6.94229113e+02 7.04277921e+02 7.14326730e+02
 7.24375538e+02 7.34424347e+02 7.44473155e+02 7.54521964e+02
 7.64570772e+02 7.74619581e+02 7.84668389e+02 7.94717198e+02
 8.04766006e+02 8.14814815e+02 8.24863623e+02 8.34912432e+02
 8.44961240e+02 8.55010049e+02 8.65058857e+02 8.75107666e+02
 8.85156474e+02 8.95205283e+02 9.05254091e+02 9.15302900e+02
 9.25351708e+02 9.35400517e+02 9.45449325e+02 9.55498134e+02
 9.65546942e+02 9.75595751e+02 9.85644559e+02 9.95693368e+02]
a_y_fitting=[-1.8128655  -1.90990244 -1.8993212  -1.79457851 -1.60913112 -1.35643578
 -1.04994924 -0.70312824 -0.32942953  0.05769015  0.44477404  0.8183654
  1.16500748  1.47124354  1.72361683  1.9086706   2.01294811  2.02299261
  1.92534734  1.70655558  1.35316056  0.85170554  0.20007578 -0.46732914
 -0.92576975 -0.97169587 -0.67598338 -0.29111274 -0.07280259 -0.27677154
 -1.10149515 -2.28130385 -3.32525797 -3.74092878 -3.03588758 -0.71770564
  2.72209018  4.91344423  5.89482577  5.93865527  5.31735322  4.30334012
  3.16903645  2.18686269  1.57454572  1.31144905  1.31201745  1.4906943
  1.76192296  2.04014682  2.24146665  2.3290293   2.31859593  2.22870312
  2.07788745  1.88468548  1.66763381  1.44526899  1.23612761  1.05874625
  0.93166147  0.87340986  0.90180825  1.01424317  1.18525283  1.38817015
  1.59633093  1.78887979  1.96296048  2.11919243  2.2581951   2.38058793
  2.48699038  2.57802188  2.65430188  2.71644984  2.76508519  2.80082739
  2.82429587  2.8361101   2.8368895   2.82725354  2.80782166  2.7792133
  2.74204791  2.69694494  2.64452383  2.58540403  2.520205    2.44954616
  2.37404698  2.2943269   2.21100536  2.12470181  2.0360357   1.94562648
  1.85409359  1.76205647  1.67013458  1.57894737]
d_x_fitting=[8.61326443e-01 1.08405328e+01 2.08197392e+01 3.07989455e+01
 4.07781519e+01 5.07573583e+01 6.07365646e+01 7.07157710e+01
 8.06949773e+01 9.06741837e+01 1.00653390e+02 1.10632596e+02
 1.20611803e+02 1.30591009e+02 1.40570216e+02 1.50549422e+02
 1.60528628e+02 1.70507835e+02 1.80487041e+02 1.90466247e+02
 2.00445454e+02 2.10424660e+02 2.20403866e+02 2.30383073e+02
 2.40362279e+02 2.50341485e+02 2.60320692e+02 2.70299898e+02
 2.80279105e+02 2.90258311e+02 3.00237517e+02 3.10216724e+02
 3.20195930e+02 3.30175136e+02 3.40154343e+02 3.50133549e+02
 3.60112755e+02 3.70091962e+02 3.80071168e+02 3.90050375e+02
 4.00029581e+02 4.10008787e+02 4.19987994e+02 4.29967200e+02
 4.39946406e+02 4.49925613e+02 4.59904819e+02 4.69884025e+02
 4.79863232e+02 4.89842438e+02 4.99821645e+02 5.09800851e+02
 5.19780057e+02 5.29759264e+02 5.39738470e+02 5.49717676e+02
 5.59696883e+02 5.69676089e+02 5.79655295e+02 5.89634502e+02
 5.99613708e+02 6.09592915e+02 6.19572121e+02 6.29551327e+02
 6.39530534e+02 6.49509740e+02 6.59488946e+02 6.69468153e+02
 6.79447359e+02 6.89426565e+02 6.99405772e+02 7.09384978e+02
 7.19364184e+02 7.29343391e+02 7.39322597e+02 7.49301804e+02
 7.59281010e+02 7.69260216e+02 7.79239423e+02 7.89218629e+02
 7.99197835e+02 8.09177042e+02 8.19156248e+02 8.29135454e+02
 8.39114661e+02 8.49093867e+02 8.59073074e+02 8.69052280e+02
 8.79031486e+02 8.89010693e+02 8.98989899e+02 9.08969105e+02
 9.18948312e+02 9.28927518e+02 9.38906724e+02 9.48885931e+02
 9.58865137e+02 9.68844344e+02 9.78823550e+02 9.88802756e+02]
d_y_fitting=[-2.74853801 -2.50411051 -2.40687287 -2.43894091 -2.58243043 -2.81945724
 -3.13213714 -3.50258595 -3.91291947 -4.34525351 -4.78170387 -5.20438637
 -5.59541681 -5.936911   -6.21098474 -6.39975385 -6.48533413 -6.44984138
 -6.27539142 -5.94410006 -5.43808309 -4.73945633 -3.85093846 -2.90383032
 -2.06865594 -1.40821222 -0.92094452 -0.60443744 -0.45627559 -0.47404356
 -0.65532597 -0.99770742 -1.49877251 -2.15610585 -2.96676432 -3.86517475
 -4.66998472 -5.29242474 -5.74321245 -6.03688669 -6.1879863  -6.21105012
 -6.120617   -5.93122579 -5.65741532 -5.31372443 -4.91469198 -4.47485681
 -4.00875775 -3.5309334  -3.05590511 -2.59816657 -2.17220897 -1.79252352
 -1.47360139 -1.22993378 -1.07601189 -1.0263269  -1.09537002 -1.29763242
 -1.64760531 -2.1584703  -2.79507537 -3.46093245 -4.06040648 -4.55798018
 -4.95901849 -5.26966838 -5.49607686 -5.64439093 -5.72075758 -5.73132379
 -5.68223658 -5.57964293 -5.42968985 -5.23852431 -5.01229333 -4.75714389
 -4.479223   -4.18467764 -3.87965481 -3.57030151 -3.26276473 -2.96319147
 -2.67772872 -2.41252348 -2.17372274 -1.96747351 -1.79992276 -1.67721751
 -1.60550474 -1.59093145 -1.63964463 -1.75779129 -1.95151841 -2.226973
 -2.59030204 -3.04765253 -3.60517147 -4.26900585]