
p_x=[1.7226528854435832, 120.58570198105082, 310.07751937984494, 558.1395348837209, 763.1352282515073, 997.4160206718346]
p_y=[4.823529411764706, 3.764705882352941, 5.529411764705882, 4.470588235294118, 6.352941176470589, 5.529411764705882]
a_x=[1.7226528854435832, 125.75366063738159, 317.82945736434107, 563.3074935400517, 756.244616709733, 999.1386735572783]
a_y=[-2.397660818713449, -2.6315789473684212, -1.578947368421053, -2.397660818713449, -0.8771929824561404, -1.8128654970760234]
d_x=[2.5839793281653747, 130.92161929371233, 320.4134366925064, 554.6942291128337, 754.5219638242894, 993.1093884582257, 996.5546942291128]
d_y=[3.450292397660819, 2.8654970760233924, 4.853801169590644, 3.2163742690058488, 4.502923976608187, 3.9181286549707606, 4.152046783625732]
p_x_fitting=[  1.72265289  11.78016165  21.83767042  31.89517918  41.95268795
  52.01019671  62.06770548  72.12521424  82.18272301  92.24023178
 102.29774054 112.35524931 122.41275807 132.47026684 142.5277756
 152.58528437 162.64279313 172.7003019  182.75781066 192.81531943
 202.8728282  212.93033696 222.98784573 233.04535449 243.10286326
 253.16037202 263.21788079 273.27538955 283.33289832 293.39040709
 303.44791585 313.50542462 323.56293338 333.62044215 343.67795091
 353.73545968 363.79296844 373.85047721 383.90798598 393.96549474
 404.02300351 414.08051227 424.13802104 434.1955298  444.25303857
 454.31054733 464.3680561  474.42556486 484.48307363 494.5405824
 504.59809116 514.65559993 524.71310869 534.77061746 544.82812622
 554.88563499 564.94314375 575.00065252 585.05816129 595.11567005
 605.17317882 615.23068758 625.28819635 635.34570511 645.40321388
 655.46072264 665.51823141 675.57574018 685.63324894 695.69075771
 705.74826647 715.80577524 725.863284   735.92079277 745.97830153
 756.0358103  766.09331906 776.15082783 786.2083366  796.26584536
 806.32335413 816.38086289 826.43837166 836.49588042 846.55338919
 856.61089795 866.66840672 876.72591549 886.78342425 896.84093302
 906.89844178 916.95595055 927.01345931 937.07096808 947.12847684
 957.18598561 967.24349438 977.30100314 987.35851191 997.41602067]
p_y_fitting=[4.82352941 4.57512334 4.36183952 4.18191738 4.03359631 3.91511574
 3.82471507 3.76063371 3.72111107 3.70438657 3.70869961 3.73228961
 3.77339598 3.83025812 3.90111545 3.98420738 4.07777332 4.18005268
 4.28928487 4.4037093  4.52156539 4.64109254 4.76053017 4.87811768
 4.99209449 5.1007     5.20217363 5.29475479 5.37668289 5.44619734
 5.50153756 5.54096309 5.5638798  5.57143509 5.56492215 5.54563416
 5.51486429 5.47390574 5.42405167 5.36659529 5.30282976 5.23404827
 5.16154401 5.08661014 5.01053986 4.93462636 4.8601628  4.78844237
 4.72075826 4.65840364 4.6026717  4.55485562 4.51624859 4.48814377
 4.47183437 4.46861355 4.4796579  4.5048355  4.54319214 4.59376083
 4.65557458 4.72766641 4.80906934 4.89881638 4.99594055 5.09947486
 5.20845234 5.32190599 5.43886884 5.55837389 5.67945417 5.80114269
 5.92247246 6.04247651 6.16018785 6.27463949 6.38486445 6.48989575
 6.5887664  6.68050942 6.76415782 6.83874462 6.90330284 6.95686549
 6.99846559 7.02713616 7.0419102  7.04182074 7.0259008  6.99318338
 6.94270151 6.87348819 6.78457645 6.67499931 6.54378977 6.38998086
 6.21260558 6.01069697 5.78328802 5.52941176]
a_x_fitting=[  1.72265289  11.79756219  21.87247148  31.94738078  42.02229008
  52.09719938  62.17210868  72.24701798  82.32192728  92.39683658
 102.47174588 112.54665518 122.62156448 132.69647378 142.77138308
 152.84629238 162.92120168 172.99611098 183.07102028 193.14592958
 203.22083888 213.29574818 223.37065748 233.44556678 243.52047608
 253.59538538 263.67029468 273.74520398 283.82011328 293.89502258
 303.96993188 314.04484118 324.11975048 334.19465978 344.26956908
 354.34447838 364.41938768 374.49429697 384.56920627 394.64411557
 404.71902487 414.79393417 424.86884347 434.94375277 445.01866207
 455.09357137 465.16848067 475.24338997 485.31829927 495.39320857
 505.46811787 515.54302717 525.61793647 535.69284577 545.76775507
 555.84266437 565.91757367 575.99248297 586.06739227 596.14230157
 606.21721087 616.29212017 626.36702947 636.44193877 646.51684807
 656.59175737 666.66666667 676.74157597 686.81648527 696.89139457
 706.96630387 717.04121317 727.11612246 737.19103176 747.26594106
 757.34085036 767.41575966 777.49066896 787.56557826 797.64048756
 807.71539686 817.79030616 827.86521546 837.94012476 848.01503406
 858.08994336 868.16485266 878.23976196 888.31467126 898.38958056
 908.46448986 918.53939916 928.61430846 938.68921776 948.76412706
 958.83903636 968.91394566 978.98885496 989.06376426 999.13867356]
a_y_fitting=[-2.39766082 -2.4967529  -2.57848186 -2.64377912 -2.69357615 -2.72880438
 -2.75039526 -2.75928024 -2.75639076 -2.74265827 -2.71901421 -2.68639004
 -2.64571719 -2.59792711 -2.54395125 -2.48472106 -2.42116797 -2.35422344
 -2.28481891 -2.21388583 -2.14235565 -2.0711598  -2.00122974 -1.93349691
 -1.86889275 -1.80834872 -1.75279626 -1.70316682 -1.66039183 -1.62540275
 -1.59913103 -1.5825081  -1.57638988 -1.58060412 -1.59423638 -1.61635574
 -1.64603129 -1.68233213 -1.72432734 -1.77108601 -1.82167724 -1.87517011
 -1.9306337  -1.98713712 -2.04374945 -2.09953978 -2.15357721 -2.20493081
 -2.25266968 -2.29586291 -2.33357959 -2.36488881 -2.38885966 -2.40456123
 -2.4110626  -2.40743288 -2.39274623 -2.36664146 -2.32982694 -2.2831303
 -2.22737913 -2.16340105 -2.09202367 -2.01407459 -1.93038142 -1.84177178
 -1.74907327 -1.65311349 -1.55472007 -1.4547206  -1.35394269 -1.25321396
 -1.15336201 -1.05521446 -0.9595989  -0.86734296 -0.77927423 -0.69622032
 -0.61900885 -0.54846743 -0.48542366 -0.43070515 -0.3851395  -0.34955434
 -0.32477727 -0.31163589 -0.31095781 -0.32357065 -0.35030201 -0.3919795
 -0.44943073 -0.5234833  -0.61496484 -0.72470294 -0.85352521 -1.00225927
 -1.17173272 -1.36277317 -1.57620822 -1.8128655 ]
d_x_fitting=[  2.58397933  12.62408756  22.66419579  32.70430402  42.74441225
  52.78452048  62.82462872  72.86473695  82.90484518  92.94495341
 102.98506164 113.02516987 123.0652781  133.10538634 143.14549457
 153.1856028  163.22571103 173.26581926 183.30592749 193.34603572
 203.38614395 213.42625219 223.46636042 233.50646865 243.54657688
 253.58668511 263.62679334 273.66690157 283.70700981 293.74711804
 303.78722627 313.8273345  323.86744273 333.90755096 343.94765919
 353.98776742 364.02787566 374.06798389 384.10809212 394.14820035
 404.18830858 414.22841681 424.26852504 434.30863328 444.34874151
 454.38884974 464.42895797 474.4690662  484.50917443 494.54928266
 504.58939089 514.62949913 524.66960736 534.70971559 544.74982382
 554.78993205 564.83004028 574.87014851 584.91025674 594.95036498
 604.99047321 615.03058144 625.07068967 635.1107979  645.15090613
 655.19101436 665.2311226  675.27123083 685.31133906 695.35144729
 705.39155552 715.43166375 725.47177198 735.51188021 745.55198845
 755.59209668 765.63220491 775.67231314 785.71242137 795.7525296
 805.79263783 815.83274607 825.8728543  835.91296253 845.95307076
 855.99317899 866.03328722 876.07339545 886.11350368 896.15361192
 906.19372015 916.23382838 926.27393661 936.31404484 946.35415307
 956.3942613  966.43436954 976.47447777 986.514586   996.55469423]
d_y_fitting=[3.4502924  3.23437983 3.05415283 2.90771903 2.79318603 2.70866143
 2.65225285 2.62206789 2.61621415 2.63279926 2.66993081 2.72571641
 2.79826368 2.88568021 2.98607363 3.09755153 3.21822152 3.34619122
 3.47956822 3.61646015 3.7549746  3.89321918 4.02930151 4.16132918
 4.28740982 4.40565102 4.51416039 4.61104555 4.6944141  4.76237364
 4.8130318  4.84449616 4.8549009  4.84385715 4.81320103 4.76495272
 4.70113242 4.62376031 4.53485659 4.43644143 4.33053504 4.21915759
 4.10432928 3.98807029 3.87240082 3.75934105 3.65091117 3.54913137
 3.45602184 3.37360277 3.30389434 3.24891674 3.21069016 3.1912348
 3.19257083 3.21671846 3.26478452 3.33432553 3.42203542 3.52460814
 3.63873761 3.76111779 3.88844261 4.017406   4.14470191 4.26702428
 4.38106705 4.48352414 4.57108951 4.64045709 4.68832083 4.71137465
 4.7063125  4.66982831 4.59861604 4.48937153 4.34093906 4.15842486
 3.94806985 3.71611494 3.46880104 3.21236907 2.95305995 2.69711459
 2.4507739  2.22027881 2.01187022 1.83178904 1.68627621 1.58157262
 1.5239192  1.51955686 1.57472651 1.69566907 1.88862546 2.15983659
 2.51554337 2.96198672 3.50540755 4.15204678]