
p_x=[0.0, 92.16192937123171, 152.45478036175712, 174.84926787252368, 362.61843238587426, 505.59862187769164, 524.547803617571, 701.9810508182601, 860.4651162790698, 998.2773471145564]
p_y=[5.647058823529411, 5.176470588235294, 5.411764705882353, 3.4117647058823533, 2.8235294117647056, 4.470588235294118, 6.117647058823529, 4.9411764705882355, 4.352941176470589, 5.882352941176471]
a_x=[0.8613264427217916, 70.62876830318692, 167.09732988802756, 179.15590008613265, 351.4211886304909, 504.73729543496984, 513.3505598621878, 782.9457364341084, 998.2773471145564]
a_y=[-3.450292397660819, -3.2163742690058488, -3.5672514619883025, -4.269005847953215, -4.502923976608187, -4.385964912280702, -3.9181286549707615, -4.152046783625732, -4.269005847953215]
d_x=[0.0, 77.51937984496124, 167.09732988802756, 186.04651162790697, 361.75710594315245, 505.59862187769164, 515.9345391903531, 652.0241171403962, 787.2523686477175, 998.2773471145564]
d_y=[2.1637426900584797, 2.1637426900584797, 1.9298245614035086, 0.6432748538011701, 1.3450292397660828, 0.8771929824561404, 2.514619883040936, 3.450292397660819, 3.2163742690058488, 2.6315789473684212]
p_x_fitting=[  0.          10.08360957  20.16721913  30.2508287   40.33443827
  50.41804783  60.5016574   70.58526697  80.66887653  90.7524861
 100.83609567 110.91970523 121.0033148  131.08692437 141.17053394
 151.2541435  161.33775307 171.42136264 181.5049722  191.58858177
 201.67219134 211.7558009  221.83941047 231.92302004 242.0066296
 252.09023917 262.17384874 272.2574583  282.34106787 292.42467744
 302.508287   312.59189657 322.67550614 332.7591157  342.84272527
 352.92633484 363.00994441 373.09355397 383.17716354 393.26077311
 403.34438267 413.42799224 423.51160181 433.59521137 443.67882094
 453.76243051 463.84604007 473.92964964 484.01325921 494.09686877
 504.18047834 514.26408791 524.34769747 534.43130704 544.51491661
 554.59852617 564.68213574 574.76574531 584.84935488 594.93296444
 605.01657401 615.10018358 625.18379314 635.26740271 645.35101228
 655.43462184 665.51823141 675.60184098 685.68545054 695.76906011
 705.85266968 715.93627924 726.01988881 736.10349838 746.18710794
 756.27071751 766.35432708 776.43793664 786.52154621 796.60515578
 806.68876535 816.77237491 826.85598448 836.93959405 847.02320361
 857.10681318 867.19042275 877.27403231 887.35764188 897.44125145
 907.52486101 917.60847058 927.69208015 937.77568971 947.85929928
 957.94290885 968.02651841 978.11012798 988.19373755 998.27734711]
p_y_fitting=[5.64705882 4.55388469 3.84001302 3.45361326 3.34285483 3.45590719
 3.74093978 4.14612203 4.61962339 5.10961329 5.56426118 5.9317365
 6.16020868 6.19784718 5.99282142 5.49330085 4.68060054 3.72609328
 2.85665442 2.1549471  1.6088836  1.20472087 0.92871582 0.76712538
 0.70620649 0.73221607 0.83141104 0.99004835 1.19438491 1.43067765
 1.68518351 1.9441594  2.19386227 2.42054903 2.61047661 2.74990195
 2.82508228 2.82831959 2.77344041 2.67906027 2.5637947  2.44625924
 2.34506941 2.27884074 2.26618877 2.32572901 2.47607702 2.7358483
 3.12365839 3.65812283 4.35785714 5.2191295  6.10124253 6.84385495
 7.4233196  7.85228408 8.14339628 8.30930407 8.36265535 8.31609798
 8.18227987 7.97384888 7.7034529  7.38373981 7.0273575  6.64695384
 6.25517672 5.86467401 5.48809362 5.1380834  4.82714882 4.56169464
 4.33985835 4.15918908 4.01723594 3.91154807 3.8396746  3.79916466
 3.78756737 3.80243186 3.84130726 3.90174269 3.98128729 4.07749019
 4.18790051 4.31006737 4.44153992 4.57986727 4.72259855 4.8672829
 5.01146943 5.15270729 5.28854559 5.41653346 5.53422004 5.63915445
 5.72888581 5.80096326 5.85293593 5.88235294]
a_x_fitting=[8.61326443e-01 1.09362357e+01 2.10111450e+01 3.10860543e+01
 4.11609636e+01 5.12358729e+01 6.13107822e+01 7.13856915e+01
 8.14606008e+01 9.15355101e+01 1.01610419e+02 1.11685329e+02
 1.21760238e+02 1.31835147e+02 1.41910057e+02 1.51984966e+02
 1.62059875e+02 1.72134785e+02 1.82209694e+02 1.92284603e+02
 2.02359512e+02 2.12434422e+02 2.22509331e+02 2.32584240e+02
 2.42659150e+02 2.52734059e+02 2.62808968e+02 2.72883878e+02
 2.82958787e+02 2.93033696e+02 3.03108605e+02 3.13183515e+02
 3.23258424e+02 3.33333333e+02 3.43408243e+02 3.53483152e+02
 3.63558061e+02 3.73632971e+02 3.83707880e+02 3.93782789e+02
 4.03857698e+02 4.13932608e+02 4.24007517e+02 4.34082426e+02
 4.44157336e+02 4.54232245e+02 4.64307154e+02 4.74382064e+02
 4.84456973e+02 4.94531882e+02 5.04606791e+02 5.14681701e+02
 5.24756610e+02 5.34831519e+02 5.44906429e+02 5.54981338e+02
 5.65056247e+02 5.75131157e+02 5.85206066e+02 5.95280975e+02
 6.05355884e+02 6.15430794e+02 6.25505703e+02 6.35580612e+02
 6.45655522e+02 6.55730431e+02 6.65805340e+02 6.75880250e+02
 6.85955159e+02 6.96030068e+02 7.06104977e+02 7.16179887e+02
 7.26254796e+02 7.36329705e+02 7.46404615e+02 7.56479524e+02
 7.66554433e+02 7.76629343e+02 7.86704252e+02 7.96779161e+02
 8.06854070e+02 8.16928980e+02 8.27003889e+02 8.37078798e+02
 8.47153708e+02 8.57228617e+02 8.67303526e+02 8.77378436e+02
 8.87453345e+02 8.97528254e+02 9.07603163e+02 9.17678073e+02
 9.27752982e+02 9.37827891e+02 9.47902801e+02 9.57977710e+02
 9.68052619e+02 9.78127529e+02 9.88202438e+02 9.98277347e+02]
a_y_fitting=[-3.4502924  -3.66401084 -3.76492643 -3.77086144 -3.69963812 -3.56907872
 -3.39700551 -3.20124073 -2.99960666 -2.80992553 -2.65001961 -2.53771116
 -2.49082243 -2.52717568 -2.66459316 -2.92089714 -3.31390986 -3.85599537
 -4.43516412 -4.90333924 -5.25734666 -5.50841933 -5.66779019 -5.74669216
 -5.75635819 -5.70802122 -5.61291418 -5.48227001 -5.32732164 -5.15930201
 -4.98944406 -4.82898073 -4.68914495 -4.58116966 -4.51628779 -4.50569787
 -4.55371727 -4.6495098  -4.78021945 -4.93299016 -5.09496592 -5.25329067
 -5.3951084  -5.50756307 -5.57779864 -5.59295908 -5.54018836 -5.40663043
 -5.17942928 -4.84572886 -4.39267314 -3.84633796 -3.33902883 -2.89355351
 -2.50731168 -2.17770304 -1.90212726 -1.67798404 -1.50267306 -1.373594
 -1.28814656 -1.24373041 -1.23774525 -1.26759075 -1.33066661 -1.42437252
 -1.54610815 -1.69327319 -1.86326733 -2.05349026 -2.26134166 -2.48422122
 -2.71952862 -2.96466355 -3.2170257  -3.47401475 -3.73303038 -3.99147229
 -4.24674015 -4.49623367 -4.73735251 -4.96749637 -5.18406494 -5.38445789
 -5.56607492 -5.72631571 -5.86257995 -5.97226732 -6.05277751 -6.1015102
 -6.11586509 -6.09324185 -6.03104018 -5.92665975 -5.77750026 -5.58096139
 -5.33444283 -5.03534426 -4.68106537 -4.26900585]
d_x_fitting=[  0.          10.08360957  20.16721913  30.2508287   40.33443827
  50.41804783  60.5016574   70.58526697  80.66887653  90.7524861
 100.83609567 110.91970523 121.0033148  131.08692437 141.17053394
 151.2541435  161.33775307 171.42136264 181.5049722  191.58858177
 201.67219134 211.7558009  221.83941047 231.92302004 242.0066296
 252.09023917 262.17384874 272.2574583  282.34106787 292.42467744
 302.508287   312.59189657 322.67550614 332.7591157  342.84272527
 352.92633484 363.00994441 373.09355397 383.17716354 393.26077311
 403.34438267 413.42799224 423.51160181 433.59521137 443.67882094
 453.76243051 463.84604007 473.92964964 484.01325921 494.09686877
 504.18047834 514.26408791 524.34769747 534.43130704 544.51491661
 554.59852617 564.68213574 574.76574531 584.84935488 594.93296444
 605.01657401 615.10018358 625.18379314 635.26740271 645.35101228
 655.43462184 665.51823141 675.60184098 685.68545054 695.76906011
 705.85266968 715.93627924 726.01988881 736.10349838 746.18710794
 756.27071751 766.35432708 776.43793664 786.52154621 796.60515578
 806.68876535 816.77237491 826.85598448 836.93959405 847.02320361
 857.10681318 867.19042275 877.27403231 887.35764188 897.44125145
 907.52486101 917.60847058 927.69208015 937.77568971 947.85929928
 957.94290885 968.02651841 978.11012798 988.19373755 998.27734711]
d_y_fitting=[ 2.16374269  1.76637224  1.53240687  1.43833875  1.46066006  1.57586295
  1.76043961  1.9908822   2.24368289  2.49533386  2.72232727  2.90115531
  3.00831013  3.02028391  2.91356882  2.66465703  2.25004071  1.64926724
  0.94268249  0.32571028 -0.11540491 -0.39667818 -0.53760334 -0.55767422
 -0.47638461 -0.31322834 -0.08769923  0.18070893  0.4725023   0.76818708
  1.04826945  1.2932556   1.48365172  1.59996399  1.62269859  1.53236171
  1.30947814  0.9482727   0.48090303 -0.05396238 -0.61765501 -1.17150639
 -1.676848   -2.09501135 -2.38732794 -2.51512928 -2.43974687 -2.12251221
 -1.5247568  -0.60781214  0.66699025  2.25490389  3.6757322   4.7579785
  5.53410144  6.03715295  6.30018495  6.3562494   6.23839821  5.97968333
  5.61315669  5.17187023  4.68887587  4.19722555  3.72997121  3.31991927
  2.98565055  2.72398213  2.52989197  2.398358    2.32435818  2.30287044
  2.32887274  2.39734301  2.50325921  2.64159927  2.80734115  2.99546279
  3.20094213  3.41875712  3.6438857   3.87130583  4.09599544  4.31293247
  4.51709489  4.70346062  4.86700763  5.00271384  5.10555721  5.17051568
  5.1925672   5.16668971  5.08786116  4.95105949  4.75126265  4.48344858
  4.14259523  3.72368054  3.22168247  2.63157895]