
p_x=[0.8613264427217916, 118.86304909560722, 478.8975021533161, 997.4160206718346]
p_y=[1.882352941176471, 2.11764705882353, 2.7058823529411766, 2.7058823529411766]
a_x=[0.0, 125.75366063738159, 486.64944013781223, 995.693367786391]
a_y=[-2.163742690058479, -2.7485380116959064, -2.7485380116959064, -2.280701754385966]
d_x=[3.4453057708871664, 126.61498708010335, 484.9267872523686, 999.1386735572783]
d_y=[3.333333333333334, 3.8011695906432754, 3.450292397660819, 4.269005847953217]
p_x_fitting=[8.61326443e-01 1.09275355e+01 2.09937445e+01 3.10599535e+01
 4.11261626e+01 5.11923716e+01 6.12585806e+01 7.13247897e+01
 8.13909987e+01 9.14572077e+01 1.01523417e+02 1.11589626e+02
 1.21655835e+02 1.31722044e+02 1.41788253e+02 1.51854462e+02
 1.61920671e+02 1.71986880e+02 1.82053089e+02 1.92119298e+02
 2.02185507e+02 2.12251716e+02 2.22317925e+02 2.32384134e+02
 2.42450343e+02 2.52516552e+02 2.62582761e+02 2.72648970e+02
 2.82715179e+02 2.92781388e+02 3.02847597e+02 3.12913806e+02
 3.22980015e+02 3.33046225e+02 3.43112434e+02 3.53178643e+02
 3.63244852e+02 3.73311061e+02 3.83377270e+02 3.93443479e+02
 4.03509688e+02 4.13575897e+02 4.23642106e+02 4.33708315e+02
 4.43774524e+02 4.53840733e+02 4.63906942e+02 4.73973151e+02
 4.84039360e+02 4.94105569e+02 5.04171778e+02 5.14237987e+02
 5.24304196e+02 5.34370405e+02 5.44436614e+02 5.54502823e+02
 5.64569032e+02 5.74635241e+02 5.84701450e+02 5.94767659e+02
 6.04833868e+02 6.14900077e+02 6.24966286e+02 6.35032495e+02
 6.45098705e+02 6.55164914e+02 6.65231123e+02 6.75297332e+02
 6.85363541e+02 6.95429750e+02 7.05495959e+02 7.15562168e+02
 7.25628377e+02 7.35694586e+02 7.45760795e+02 7.55827004e+02
 7.65893213e+02 7.75959422e+02 7.86025631e+02 7.96091840e+02
 8.06158049e+02 8.16224258e+02 8.26290467e+02 8.36356676e+02
 8.46422885e+02 8.56489094e+02 8.66555303e+02 8.76621512e+02
 8.86687721e+02 8.96753930e+02 9.06820139e+02 9.16886348e+02
 9.26952557e+02 9.37018766e+02 9.47084976e+02 9.57151185e+02
 9.67217394e+02 9.77283603e+02 9.87349812e+02 9.97416021e+02]
p_y_fitting=[1.88235294 1.902679   1.92297968 1.94324817 1.96347769 1.98366144
 2.00379263 2.02386445 2.04387013 2.06380286 2.08365586 2.10342232
 2.12309546 2.14266848 2.16213459 2.18148698 2.20071888 2.21982348
 2.238794   2.25762363 2.27630559 2.29483308 2.3131993  2.33139747
 2.34942079 2.36726246 2.3849157  2.4023737  2.41962968 2.43667684
 2.45350838 2.47011752 2.48649746 2.5026414  2.51854256 2.53419413
 2.54958933 2.56472135 2.57958342 2.59416873 2.60847048 2.6224819
 2.63619617 2.64960651 2.66270613 2.67548823 2.68794601 2.70007269
 2.71186147 2.72330555 2.73439814 2.74513245 2.75550169 2.76549906
 2.77511776 2.78435101 2.793192   2.80163396 2.80967007 2.81729355
 2.82449761 2.83127544 2.83762027 2.84352528 2.8489837  2.85398872
 2.85853355 2.8626114  2.86621548 2.86933898 2.87197513 2.87411711
 2.87575815 2.87689144 2.87751019 2.87760761 2.87717691 2.87621128
 2.87470394 2.8726481  2.87003695 2.86686371 2.86312158 2.85880377
 2.85390349 2.84841393 2.84232831 2.83563983 2.82834171 2.82042714
 2.81188933 2.80272149 2.79291682 2.78246853 2.77136983 2.75961393
 2.74719402 2.73410332 2.72033503 2.70588235]
a_x_fitting=[  0.          10.05750877  20.11501753  30.1725263   40.23003506
  50.28754383  60.34505259  70.40256136  80.46007012  90.51757889
 100.57508766 110.63259642 120.69010519 130.74761395 140.80512272
 150.86263148 160.92014025 170.97764901 181.03515778 191.09266654
 201.15017531 211.20768408 221.26519284 231.32270161 241.38021037
 251.43771914 261.4952279  271.55273667 281.61024543 291.6677542
 301.72526297 311.78277173 321.8402805  331.89778926 341.95529803
 352.01280679 362.07031556 372.12782432 382.18533309 392.24284186
 402.30035062 412.35785939 422.41536815 432.47287692 442.53038568
 452.58789445 462.64540321 472.70291198 482.76042074 492.81792951
 502.87543828 512.93294704 522.99045581 533.04796457 543.10547334
 553.1629821  563.22049087 573.27799963 583.3355084  593.39301717
 603.45052593 613.5080347  623.56554346 633.62305223 643.68056099
 653.73806976 663.79557852 673.85308729 683.91059606 693.96810482
 704.02561359 714.08312235 724.14063112 734.19813988 744.25564865
 754.31315741 764.37066618 774.42817494 784.48568371 794.54319248
 804.60070124 814.65821001 824.71571877 834.77322754 844.8307363
 854.88824507 864.94575383 875.0032626  885.06077137 895.11828013
 905.1757889  915.23329766 925.29080643 935.34831519 945.40582396
 955.46333272 965.52084149 975.57835026 985.63585902 995.69336779]
a_y_fitting=[-2.16374269 -2.22636651 -2.28605166 -2.34285025 -2.39681438 -2.44799616
 -2.4964477  -2.54222109 -2.58536845 -2.62594188 -2.66399349 -2.69957537
 -2.73273965 -2.76353841 -2.79202378 -2.81824784 -2.84226272 -2.8641205
 -2.88387331 -2.90157324 -2.9172724  -2.93102289 -2.94287683 -2.95288631
 -2.96110344 -2.96758033 -2.97236908 -2.97552179 -2.97709058 -2.97712755
 -2.9756848  -2.97281444 -2.96856857 -2.9629993  -2.95615874 -2.94809899
 -2.93887215 -2.92853033 -2.91712564 -2.90471018 -2.89133606 -2.87705538
 -2.86192025 -2.84598277 -2.82929505 -2.8119092  -2.79387731 -2.7752515
 -2.75608387 -2.73642652 -2.71633156 -2.6958511  -2.67503724 -2.65394209
 -2.63261775 -2.61111633 -2.58948993 -2.56779066 -2.54607062 -2.52438192
 -2.50277667 -2.48130697 -2.46002492 -2.43898263 -2.41823221 -2.39782576
 -2.37781539 -2.35825319 -2.33919129 -2.32068178 -2.30277676 -2.28552836
 -2.26898865 -2.25320977 -2.2382438  -2.22414286 -2.21095905 -2.19874447
 -2.18755124 -2.17743145 -2.16843722 -2.16062064 -2.15403382 -2.14872887
 -2.1447579  -2.142173   -2.14102629 -2.14136987 -2.14325585 -2.14673632
 -2.1518634  -2.15868919 -2.1672658  -2.17764532 -2.18987988 -2.20402157
 -2.22012249 -2.23823476 -2.25841048 -2.28070175]
d_x_fitting=[  3.44530577  13.50281454  23.5603233   33.61783207  43.67534083
  53.7328496   63.79035836  73.84786713  83.9053759   93.96288466
 104.02039343 114.07790219 124.13541096 134.19291972 144.25042849
 154.30793725 164.36544602 174.42295478 184.48046355 194.53797232
 204.59548108 214.65298985 224.71049861 234.76800738 244.82551614
 254.88302491 264.94053367 274.99804244 285.05555121 295.11305997
 305.17056874 315.2280775  325.28558627 335.34309503 345.4006038
 355.45811256 365.51562133 375.5731301  385.63063886 395.68814763
 405.74565639 415.80316516 425.86067392 435.91818269 445.97569145
 456.03320022 466.09070898 476.14821775 486.20572652 496.26323528
 506.32074405 516.37825281 526.43576158 536.49327034 546.55077911
 556.60828787 566.66579664 576.72330541 586.78081417 596.83832294
 606.8958317  616.95334047 627.01084923 637.068358   647.12586676
 657.18337553 667.2408843  677.29839306 687.35590183 697.41341059
 707.47091936 717.52842812 727.58593689 737.64344565 747.70095442
 757.75846318 767.81597195 777.87348072 787.93098948 797.98849825
 808.04600701 818.10351578 828.16102454 838.21853331 848.27604207
 858.33355084 868.39105961 878.44856837 888.50607714 898.5635859
 908.62109467 918.67860343 928.7361122  938.79362096 948.85112973
 958.9086385  968.96614726 979.02365603 989.08116479 999.13867356]
d_y_fitting=[3.33333333 3.38975502 3.4426671  3.49214845 3.53827798 3.58113459
 3.62079717 3.65734462 3.69085584 3.72140974 3.7490852  3.77396112
 3.79611641 3.81562996 3.83258066 3.84704742 3.85910914 3.86884471
 3.87633304 3.88165301 3.88488353 3.88610349 3.8853918  3.88282735
 3.87848903 3.87245576 3.86480642 3.85561992 3.84497514 3.832951
 3.81962638 3.80508019 3.78939132 3.77263868 3.75490115 3.73625765
 3.71678706 3.69656828 3.67568022 3.65420176 3.63221182 3.60978928
 3.58701304 3.56396201 3.54071508 3.51735114 3.49394911 3.47058787
 3.44734632 3.42430336 3.40153789 3.37912881 3.35715501 3.3356954
 3.31482886 3.29463431 3.27519063 3.25657673 3.2388715  3.22215385
 3.20650266 3.19199684 3.17871529 3.1667369  3.15614057 3.1470052
 3.13940969 3.13343293 3.12915383 3.12665128 3.12600418 3.12729143
 3.13059193 3.13598457 3.14354825 3.15336187 3.16550433 3.18005453
 3.19709136 3.21669372 3.23894052 3.26391064 3.29168299 3.32233646
 3.35594996 3.39260238 3.43237262 3.47533957 3.52158214 3.57117923
 3.62420972 3.68075252 3.74088653 3.80469065 3.87224377 3.94362479
 4.01891261 4.09818613 4.18152424 4.26900585]