
p_x=[1.7226528854435832, 204.9956933677864, 344.53057708871665, 368.64771748492683, 546.0809646856159, 755.3832902670113, 1000.0]
p_y=[-1.0588235294117645, -1.1764705882352935, -1.0588235294117645, -0.47058823529411775, 0.117647058823529, -0.117647058823529, -0.47058823529411775]
a_x=[1.7226528854435832, 148.14814814814815, 263.56589147286826, 340.22394487510763, 360.89577950043065, 376.3996554694229, 448.7510766580534, 508.182601205857, 535.7450473729543, 647.7174849267873, 725.2368647717485, 801.0335917312663, 838.0706287683032, 862.1877691645134, 896.640826873385, 939.7071490094746, 995.693367786391]
a_y=[-2.163742690058479, -0.1754385964912295, -1.2280701754385959, -1.6959064327485365, 0.526315789473685, 2.1637426900584797, 0.4093567251461998, -2.280701754385966, -2.163742690058479, -2.163742690058479, -2.6315789473684212, -3.099415204678362, -2.8654970760233915, 1.1111111111111107, 1.8128654970760234, 2.0467836257309946, 1.9298245614035086]
d_x=[4.3066322136089585, 111.1111111111111, 227.39018087855297, 290.26701119724373, 319.5521102497847, 341.08527131782944, 363.479758828596, 381.56761412575366, 403.1007751937984, 410.8527131782946, 417.7433247200689, 451.3350559862188, 495.2627045650301, 517.6571920757967, 541.7743324720069, 690.7838070628768, 772.609819121447, 807.9242032730405, 819.9827734711456, 833.7639965546942, 846.683893195521, 861.3264427217916, 881.1369509043928, 929.3712316968131, 969.8535745047373, 993.1093884582257]
d_y=[3.2163742690058488, 4.502923976608187, 3.8011695906432754, 3.0994152046783627, 2.8654970760233924, 3.2163742690058488, 7.192982456140351, 7.6608187134502925, 7.426900584795321, 7.309941520467836, 7.426900584795321, 7.076023391812866, 7.192982456140351, 4.269005847953217, 3.6842105263157894, 3.450292397660819, 3.0994152046783627, 2.7485380116959064, 2.8654970760233924, 2.514619883040936, 6.608187134502924, 7.309941520467836, 7.076023391812866, 6.7251461988304095, 6.608187134502924, 6.374269005847953]
p_x_fitting=[   1.72265289   11.80626245   21.88987202   31.97348159   42.05709115
   52.14070072   62.22431029   72.30791985   82.39152942   92.47513899
  102.55874855  112.64235812  122.72596769  132.80957725  142.89318682
  152.97679639  163.06040595  173.14401552  183.22762509  193.31123465
  203.39484422  213.47845379  223.56206336  233.64567292  243.72928249
  253.81289206  263.89650162  273.98011119  284.06372076  294.14733032
  304.23093989  314.31454946  324.39815902  334.48176859  344.56537816
  354.64898772  364.73259729  374.81620686  384.89981642  394.98342599
  405.06703556  415.15064512  425.23425469  435.31786426  445.40147383
  455.48508339  465.56869296  475.65230253  485.73591209  495.81952166
  505.90313123  515.98674079  526.07035036  536.15395993  546.23756949
  556.32117906  566.40478863  576.48839819  586.57200776  596.65561733
  606.73922689  616.82283646  626.90644603  636.99005559  647.07366516
  657.15727473  667.2408843   677.32449386  687.40810343  697.491713
  707.57532256  717.65893213  727.7425417   737.82615126  747.90976083
  757.9933704   768.07697996  778.16058953  788.2441991   798.32780866
  808.41141823  818.4950278   828.57863736  838.66224693  848.7458565
  858.82946606  868.91307563  878.9966852   889.08029477  899.16390433
  909.2475139   919.33112347  929.41473303  939.4983426   949.58195217
  959.66556173  969.7491713   979.83278087  989.91639043 1000.        ]
p_y_fitting=[-1.05882353e+00 -7.88801923e-01 -5.63889201e-01 -3.81390489e-01
 -2.38610913e-01 -1.32855599e-01 -6.14296710e-02 -2.16382559e-02
 -1.07864789e-02 -2.61794654e-02 -6.51223412e-02 -1.24920232e-01
 -2.02878262e-01 -2.96301559e-01 -4.02495247e-01 -5.18764452e-01
 -6.42414299e-01 -7.70749915e-01 -9.01076424e-01 -1.03069895e+00
 -1.15692262e+00 -1.27705257e+00 -1.38839391e+00 -1.48825177e+00
 -1.57393128e+00 -1.64273756e+00 -1.69197573e+00 -1.71895093e+00
 -1.72096829e+00 -1.69533291e+00 -1.63934994e+00 -1.55032449e+00
 -1.42556169e+00 -1.26236667e+00 -1.05804455e+00 -8.16020562e-01
 -5.63948160e-01 -3.34101605e-01 -1.39123785e-01  2.29947380e-02
  1.54614676e-01  2.58096742e-01  3.35801646e-01  3.90090100e-01
  4.23322817e-01  4.37860509e-01  4.36063886e-01  4.20293661e-01
  3.92910546e-01  3.56275253e-01  3.12748493e-01  2.64690978e-01
  2.14463420e-01  1.64426530e-01  1.16941020e-01  7.39155819e-02
  3.55331289e-02  1.56477150e-03 -2.82183796e-02 -5.40452138e-02
 -7.61446204e-02 -9.47454887e-02 -1.10076708e-01 -1.22367168e-01
 -1.31845757e-01 -1.38741366e-01 -1.43282883e-01 -1.45699198e-01
 -1.46219199e-01 -1.45071778e-01 -1.42485822e-01 -1.38690220e-01
 -1.33913864e-01 -1.28385641e-01 -1.22334441e-01 -1.15989154e-01
 -1.09578668e-01 -1.03331873e-01 -9.74776587e-02 -9.22449141e-02
 -8.78625285e-02 -8.45593914e-02 -8.25643919e-02 -8.21064195e-02
 -8.34143635e-02 -8.67171132e-02 -9.22435579e-02 -1.00222587e-01
 -1.10883090e-01 -1.24453956e-01 -1.41164074e-01 -1.61242334e-01
 -1.84917625e-01 -2.12418836e-01 -2.43974858e-01 -2.79814578e-01
 -3.20166886e-01 -3.65260672e-01 -4.15324826e-01 -4.70588235e-01]
a_x_fitting=[  1.72265289  11.76276112  21.80286935  31.84297758  41.88308581
  51.92319404  61.96330227  72.0034105   82.04351874  92.08362697
 102.1237352  112.16384343 122.20395166 132.24405989 142.28416812
 152.32427636 162.36438459 172.40449282 182.44460105 192.48470928
 202.52481751 212.56492574 222.60503397 232.64514221 242.68525044
 252.72535867 262.7654669  272.80557513 282.84568336 292.88579159
 302.92589983 312.96600806 323.00611629 333.04622452 343.08633275
 353.12644098 363.16654921 373.20665744 383.24676568 393.28687391
 403.32698214 413.36709037 423.4071986  433.44730683 443.48741506
 453.52752329 463.56763153 473.60773976 483.64784799 493.68795622
 503.72806445 513.76817268 523.80828091 533.84838915 543.88849738
 553.92860561 563.96871384 574.00882207 584.0489303  594.08903853
 604.12914676 614.169255   624.20936323 634.24947146 644.28957969
 654.32968792 664.36979615 674.40990438 684.45001262 694.49012085
 704.53022908 714.57033731 724.61044554 734.65055377 744.690662
 754.73077023 764.77087847 774.8109867  784.85109493 794.89120316
 804.93131139 814.97141962 825.01152785 835.05163609 845.09174432
 855.13185255 865.17196078 875.21206901 885.25217724 895.29228547
 905.3323937  915.37250194 925.41261017 935.4527184  945.49282663
 955.53293486 965.57304309 975.61315132 985.65325956 995.69336779]
a_y_fitting=[-2.16374269 -2.12372115 -2.05363481 -1.9572705  -1.83841505 -1.7008553
 -1.54837807 -1.3847702  -1.21381851 -1.03930984 -0.86503101 -0.69476886
 -0.53231022 -0.38144191 -0.24595077 -0.12962363 -0.03624732  0.03039133
  0.0665055   0.06830834  0.03201303 -0.04616726 -0.17001936 -0.3433301
 -0.56988631 -0.85347482 -1.19788247 -1.59881348 -2.01087016 -2.37562221
 -2.63463407 -2.72947016 -2.60169493 -2.1928728  -1.44555716 -0.38892152
  0.79482987  1.88241925  2.61636584  2.9377619   2.91473558  2.6173059
  2.11549186  1.47931246  0.77878671  0.08303626 -0.5620126  -1.13514487
 -1.61634645 -1.98560323 -2.22290112 -2.31069516 -2.27562173 -2.18245601
 -2.09128378 -2.01980804 -1.96731866 -1.93303041 -1.91615811 -1.91591652
 -1.93152045 -1.96218468 -2.00712401 -2.06555322 -2.13668711 -2.21946334
 -2.30950171 -2.40023471 -2.48505626 -2.55736026 -2.6105406  -2.6379912
 -2.63310594 -2.59360254 -2.53806266 -2.49135295 -2.47834132 -2.5238957
 -2.652884   -2.89017414 -3.25728318 -3.63591382 -3.7204186  -3.19203605
 -1.79843076  0.02531019  1.44299734  2.02459437  2.04271358  1.83869191
  1.71282628  1.71876124  1.81842712  1.97360095  2.14605975  2.29758057
  2.38994043  2.38491636  2.24428539  1.92982456]
d_x_fitting=[  4.30663221  14.29453884  24.28244547  34.2703521   44.25825873
  54.24616536  64.23407199  74.22197861  84.20988524  94.19779187
 104.1856985  114.17360513 124.16151176 134.14941839 144.13732502
 154.12523164 164.11313827 174.1010449  184.08895153 194.07685816
 204.06476479 214.05267142 224.04057805 234.02848467 244.0163913
 254.00429793 263.99220456 273.98011119 283.96801782 293.95592445
 303.94383108 313.9317377  323.91964433 333.90755096 343.89545759
 353.88336422 363.87127085 373.85917748 383.84708411 393.83499073
 403.82289736 413.81080399 423.79871062 433.78661725 443.77452388
 453.76243051 463.75033714 473.73824376 483.72615039 493.71405702
 503.70196365 513.68987028 523.67777691 533.66568354 543.65359017
 553.64149679 563.62940342 573.61731005 583.60521668 593.59312331
 603.58102994 613.56893657 623.5568432  633.54474982 643.53265645
 653.52056308 663.50846971 673.49637634 683.48428297 693.4721896
 703.46009622 713.44800285 723.43590948 733.42381611 743.41172274
 753.39962937 763.387536   773.37544263 783.36334925 793.35125588
 803.33916251 813.32706914 823.31497577 833.3028824  843.29078903
 853.27869566 863.26660228 873.25450891 883.24241554 893.23032217
 903.2182288  913.20613543 923.19404206 933.18194869 943.16985531
 953.15776194 963.14566857 973.1335752  983.12148183 993.10938846]
d_y_fitting=[3.21637427 3.42990511 3.62295472 3.79595374 3.94933279 4.08352249
 4.19895348 4.29605638 4.37526182 4.43700043 4.48170283 4.50979966
 4.52172154 4.5178991  4.49876296 4.46474376 4.41627212 4.35377867
 4.27769404 4.18844885 4.08647373 3.97219931 3.84605622 3.70889719
 3.56651819 3.42792179 3.30216476 3.19830387 3.1253959  3.09172168
 3.0691204  2.97810277 2.74778466 2.7001503  3.61177641 5.54434328
 7.23768493 7.73381116 7.63318436 7.55003086 7.4117412  7.34749965
 7.45450423 7.296384   7.09957492 7.11013042 7.40683907 7.73735034
 7.81037574 7.33462678 6.1284136  4.71260501 3.84197914 3.63034263
 3.70160595 3.77529033 3.82007621 3.83965874 3.8377331  3.81799445
 3.78413795 3.73985877 3.68885208 3.63481304 3.58143681 3.53241856
 3.49145345 3.46223666 3.44846334 3.45377527 3.47643008 3.50476289
 3.52603997 3.52752758 3.49649197 3.42019942 3.28591618 3.08091973
 2.82352721 2.63083764 2.63955688 2.93177485 2.59029479 2.43844103
 5.56901133 7.46097745 7.2454887  7.0928222  7.07113026 7.02156887
 6.94199375 6.85073769 6.76613352 6.70618797 6.67473038 6.65625465
 6.63386571 6.5906685  6.50976795 6.37426901]