
p_x=[0.0, 422.04995693367783, 468.56158484065463, 998.2773471145564]
p_y=[2.9411764705882346, 3.4117647058823533, 3.0588235294117645, 3.647058823529412]
a_x=[0.0, 407.4074074074074, 452.1963824289406, 993.1093884582257]
a_y=[-3.099415204678362, -3.8011695906432745, -3.450292397660819, -3.6842105263157894]
d_x=[0.8613264427217916, 392.76485788113695, 442.72179155900085, 997.4160206718346]
d_y=[1.8128654970760234, 2.7485380116959064, 2.280701754385966, 1.9298245614035086]
p_x_fitting=[  0.          10.08360957  20.16721913  30.2508287   40.33443827
  50.41804783  60.5016574   70.58526697  80.66887653  90.7524861
 100.83609567 110.91970523 121.0033148  131.08692437 141.17053394
 151.2541435  161.33775307 171.42136264 181.5049722  191.58858177
 201.67219134 211.7558009  221.83941047 231.92302004 242.0066296
 252.09023917 262.17384874 272.2574583  282.34106787 292.42467744
 302.508287   312.59189657 322.67550614 332.7591157  342.84272527
 352.92633484 363.00994441 373.09355397 383.17716354 393.26077311
 403.34438267 413.42799224 423.51160181 433.59521137 443.67882094
 453.76243051 463.84604007 473.92964964 484.01325921 494.09686877
 504.18047834 514.26408791 524.34769747 534.43130704 544.51491661
 554.59852617 564.68213574 574.76574531 584.84935488 594.93296444
 605.01657401 615.10018358 625.18379314 635.26740271 645.35101228
 655.43462184 665.51823141 675.60184098 685.68545054 695.76906011
 705.85266968 715.93627924 726.01988881 736.10349838 746.18710794
 756.27071751 766.35432708 776.43793664 786.52154621 796.60515578
 806.68876535 816.77237491 826.85598448 836.93959405 847.02320361
 857.10681318 867.19042275 877.27403231 887.35764188 897.44125145
 907.52486101 917.60847058 927.69208015 937.77568971 947.85929928
 957.94290885 968.02651841 978.11012798 988.19373755 998.27734711]
p_y_fitting=[2.94117647 3.09381782 3.23678074 3.37027271 3.49450122 3.60967376
 3.71599782 3.81368089 3.90293045 3.98395401 4.05695904 4.12215304
 4.1797435  4.2299379  4.27294373 4.30896849 4.33821966 4.36090473
 4.37723119 4.38740654 4.39163825 4.39013382 4.38310075 4.37074651
 4.35327859 4.3309045  4.30383171 4.27226771 4.23642    4.19649606
 4.15270338 4.10524946 4.05434178 4.00018783 3.9429951  3.88297108
 3.82032325 3.75525912 3.68798616 3.61871187 3.54764373 3.47498924
 3.40095588 3.32575115 3.24958253 3.17265751 3.09518359 3.01736824
 2.93941896 2.86154325 2.78394858 2.70684245 2.63043235 2.55492576
 2.48053018 2.40745309 2.33590199 2.26608437 2.1982077  2.13247949
 2.06910722 2.00829838 1.95026046 1.89520095 1.84332733 1.79484711
 1.74996776 1.70889678 1.67184166 1.63900988 1.61060893 1.58684631
 1.5679295  1.554066   1.54546328 1.54232885 1.54487018 1.55329478
 1.56781012 1.58862371 1.61594301 1.64997554 1.69092877 1.7390102
 1.79442731 1.8573876  1.92809854 2.00676764 2.09360239 2.18881026
 2.29259875 2.40517535 2.52674755 2.65752284 2.79770871 2.94751264
 3.10714213 3.27680466 3.45670773 3.64705882]
a_x_fitting=[  0.          10.03140796  20.06281593  30.09422389  40.12563186
  50.15703982  60.18844779  70.21985575  80.25126371  90.28267168
 100.31407964 110.34548761 120.37689557 130.40830353 140.4397115
 150.47111946 160.50252743 170.53393539 180.56534336 190.59675132
 200.62815928 210.65956725 220.69097521 230.72238318 240.75379114
 250.78519911 260.81660707 270.84801503 280.879423   290.91083096
 300.94223893 310.97364689 321.00505486 331.03646282 341.06787078
 351.09927875 361.13068671 371.16209468 381.19350264 391.2249106
 401.25631857 411.28772653 421.3191345  431.35054246 441.38195043
 451.41335839 461.44476635 471.47617432 481.50758228 491.53899025
 501.57039821 511.60180618 521.63321414 531.6646221  541.69603007
 551.72743803 561.758846   571.79025396 581.82166193 591.85306989
 601.88447785 611.91588582 621.94729378 631.97870175 642.01010971
 652.04151767 662.07292564 672.1043336  682.13574157 692.16714953
 702.1985575  712.22996546 722.26137342 732.29278139 742.32418935
 752.35559732 762.38700528 772.41841325 782.44982121 792.48122917
 802.51263714 812.5440451  822.57545307 832.60686103 842.63826899
 852.66967696 862.70108492 872.73249289 882.76390085 892.79530882
 902.82671678 912.85812474 922.88953271 932.92094067 942.95234864
 952.9837566  963.01516457 973.04657253 983.07798049 993.10938846]
a_y_fitting=[-3.0994152  -3.26349449 -3.41739527 -3.56133252 -3.69552119 -3.82017625
 -3.93551267 -4.0417454  -4.13908942 -4.22775967 -4.30797114 -4.37993878
 -4.44387756 -4.50000243 -4.54852837 -4.58967034 -4.6236433  -4.65066222
 -4.67094205 -4.68469777 -4.69214433 -4.69349671 -4.68896986 -4.67877874
 -4.66313833 -4.64226359 -4.61636947 -4.58567095 -4.55038298 -4.51072054
 -4.46689858 -4.41913207 -4.36763597 -4.31262525 -4.25431487 -4.19291979
 -4.12865498 -4.0617354  -3.99237602 -3.9207918  -3.84719769 -3.77180868
 -3.69483972 -3.61650576 -3.53702179 -3.45660276 -3.37546364 -3.29381938
 -3.21188496 -3.12987534 -3.04800547 -2.96649034 -2.88554489 -2.80538409
 -2.72622291 -2.6482763  -2.57175925 -2.4968867  -2.42387362 -2.35293497
 -2.28428573 -2.21814084 -2.15471529 -2.09422402 -2.03688201 -1.98290422
 -1.93250561 -1.88590114 -1.84330579 -1.8049345  -1.77100226 -1.74172401
 -1.71731473 -1.69798938 -1.68396292 -1.67545032 -1.67266653 -1.67582653
 -1.68514528 -1.70083774 -1.72311887 -1.75220364 -1.78830702 -1.83164396
 -1.88242943 -1.9408784  -2.00720582 -2.08162666 -2.1643559  -2.25560848
 -2.35559937 -2.46454354 -2.58265595 -2.71015157 -2.84724535 -2.99415227
 -3.15108728 -3.31826535 -3.49590144 -3.68421053]
d_x_fitting=[8.61326443e-01 1.09275355e+01 2.09937445e+01 3.10599535e+01
 4.11261626e+01 5.11923716e+01 6.12585806e+01 7.13247897e+01
 8.13909987e+01 9.14572077e+01 1.01523417e+02 1.11589626e+02
 1.21655835e+02 1.31722044e+02 1.41788253e+02 1.51854462e+02
 1.61920671e+02 1.71986880e+02 1.82053089e+02 1.92119298e+02
 2.02185507e+02 2.12251716e+02 2.22317925e+02 2.32384134e+02
 2.42450343e+02 2.52516552e+02 2.62582761e+02 2.72648970e+02
 2.82715179e+02 2.92781388e+02 3.02847597e+02 3.12913806e+02
 3.22980015e+02 3.33046225e+02 3.43112434e+02 3.53178643e+02
 3.63244852e+02 3.73311061e+02 3.83377270e+02 3.93443479e+02
 4.03509688e+02 4.13575897e+02 4.23642106e+02 4.33708315e+02
 4.43774524e+02 4.53840733e+02 4.63906942e+02 4.73973151e+02
 4.84039360e+02 4.94105569e+02 5.04171778e+02 5.14237987e+02
 5.24304196e+02 5.34370405e+02 5.44436614e+02 5.54502823e+02
 5.64569032e+02 5.74635241e+02 5.84701450e+02 5.94767659e+02
 6.04833868e+02 6.14900077e+02 6.24966286e+02 6.35032495e+02
 6.45098705e+02 6.55164914e+02 6.65231123e+02 6.75297332e+02
 6.85363541e+02 6.95429750e+02 7.05495959e+02 7.15562168e+02
 7.25628377e+02 7.35694586e+02 7.45760795e+02 7.55827004e+02
 7.65893213e+02 7.75959422e+02 7.86025631e+02 7.96091840e+02
 8.06158049e+02 8.16224258e+02 8.26290467e+02 8.36356676e+02
 8.46422885e+02 8.56489094e+02 8.66555303e+02 8.76621512e+02
 8.86687721e+02 8.96753930e+02 9.06820139e+02 9.16886348e+02
 9.26952557e+02 9.37018766e+02 9.47084976e+02 9.57151185e+02
 9.67217394e+02 9.77283603e+02 9.87349812e+02 9.97416021e+02]
d_y_fitting=[ 1.8128655   2.00747621  2.18999054  2.36066051  2.51973816  2.6674755
  2.80412457  2.92993739  3.04516598  3.15006238  3.2448786   3.32986668
  3.40527864  3.4713665   3.5283823   3.57657806  3.6162058   3.64751755
  3.67076534  3.68620119  3.69407714  3.69464519  3.68815739  3.67486576
  3.65502232  3.6288791   3.59668812  3.55870142  3.51517101  3.46634893
  3.4124872   3.35383784  3.29065289  3.22318437  3.1516843   3.07640471
  2.99759762  2.91551507  2.83040908  2.74253168  2.65213488  2.55947072
  2.46479123  2.36834842  2.27039433  2.17118098  2.0709604   1.96998461
  1.86850564  1.76677552  1.66504627  1.56356992  1.46259849  1.36238402
  1.26317851  1.16523402  1.06880255  0.97413613  0.88148679  0.79110657
  0.70324747  0.61816154  0.53610078  0.45731724  0.38206294  0.3105899
  0.24315015  0.17999572  0.12137862  0.0675509   0.01876457 -0.02472834
 -0.06267581 -0.0948258  -0.1209263  -0.14072527 -0.15397069 -0.16041053
 -0.15979277 -0.15186539 -0.13637634 -0.11307362 -0.08170519 -0.04201903
  0.00623689  0.0633146   0.12946612  0.20494348  0.28999869  0.3848838
  0.48985083  0.60515179  0.73103873  0.86776366  1.01557861  1.1747356
  1.34548667  1.52808383  1.72277912  1.92982456]