
p_x=[2.5839793281653747, 46.51162790697674, 101.63652024117141, 159.34539190353144, 223.083548664944, 228.25150732127477, 275.62446167097335, 307.49354005167953, 397.9328165374677, 453.0577088716624, 541.7743324720069, 622.7390180878552, 829.4573643410853, 995.693367786391]
p_y=[2.8235294117647056, 4.352941176470589, 3.5294117647058822, 3.4117647058823533, 3.647058823529412, 4.9411764705882355, 5.882352941176471, 6.705882352941177, 4.470588235294118, 3.4117647058823533, 4.117647058823529, 6.117647058823529, 6.0, 6.588235294117647]
a_x=[2.5839793281653747, 107.66580534022395, 211.88630490956072, 226.5288544358312, 267.87252368647717, 305.77088716623604, 436.69250645994833, 461.6709732988803, 539.1903531438415, 625.3229974160207, 841.5159345391904, 998.2773471145564]
a_y=[-0.9941520467836256, -0.058479532163742576, -0.7602339181286553, 1.2280701754385976, 2.1637426900584797, 2.7485380116959064, 1.9298245614035086, -0.7602339181286553, 0.6432748538011701, 2.6315789473684212, 2.1637426900584797, 2.514619883040936]
d_x=[2.5839793281653747, 111.1111111111111, 205.85701981050818, 215.3316106804479, 267.87252368647717, 305.77088716623604, 382.4289405684754, 446.167097329888, 465.1162790697674, 538.3290267011197, 622.7390180878552, 850.1291989664082, 995.693367786391]
d_y=[2.7485380116959064, 3.450292397660819, 2.397660818713451, 3.333333333333334, 4.970760233918129, 7.426900584795321, 7.426900584795321, 6.959064327485381, 3.0994152046783627, 3.9181286549707606, 7.192982456140351, 6.842105263157895, 7.6608187134502925]
p_x_fitting=[  2.58397933  12.61538729  22.64679526  32.67820322  42.70961119
  52.74101915  62.77242711  72.80383508  82.83524304  92.86665101
 102.89805897 112.92946693 122.9608749  132.99228286 143.02369083
 153.05509879 163.08650676 173.11791472 183.14932268 193.18073065
 203.21213861 213.24354658 223.27495454 233.30636251 243.33777047
 253.36917843 263.4005864  273.43199436 283.46340233 293.49481029
 303.52621825 313.55762622 323.58903418 333.62044215 343.65185011
 353.68325808 363.71466604 373.746074   383.77748197 393.80888993
 403.8402979  413.87170586 423.90311383 433.93452179 443.96592975
 453.99733772 464.02874568 474.06015365 484.09156161 494.12296958
 504.15437754 514.1857855  524.21719347 534.24860143 544.2800094
 554.31141736 564.34282532 574.37423329 584.40564125 594.43704922
 604.46845718 614.49986515 624.53127311 634.56268107 644.59408904
 654.625497   664.65690497 674.68831293 684.7197209  694.75112886
 704.78253682 714.81394479 724.84535275 734.87676072 744.90816868
 754.93957665 764.97098461 775.00239257 785.03380054 795.0652085
 805.09661647 815.12802443 825.15943239 835.19084036 845.22224832
 855.25365629 865.28506425 875.31647222 885.34788018 895.37928814
 905.41069611 915.44210407 925.47351204 935.50492    945.53632797
 955.56773593 965.59914389 975.63055186 985.66195982 995.69336779]
p_y_fitting=[2.82352941 3.59617271 4.07814167 4.31997595 4.37221521 4.28539912
 4.11006735 3.89675956 3.6960154  3.55837456 3.53432965 3.64082317
 3.80231011 3.92744464 3.92488091 3.70327309 3.17435104 2.39099775
 1.603026   1.07486889 1.07095951 1.85573094 3.69360931 5.92334623
 6.87290708 6.88192622 6.41617897 5.94144065 5.86681966 6.15673024
 6.56567169 6.85721434 6.94648696 6.8639115  6.64279718 6.31645323
 5.91818889 5.48131337 5.0391359  4.62496571 4.27072301 3.98660212
 3.76557743 3.6001508  3.48282409 3.40610013 3.36398533 3.35503762
 3.37867283 3.43430676 3.52135523 3.63923407 3.78735909 3.96514611
 4.17199289 4.40510664 4.65743772 4.92144705 5.18959553 5.45434408
 5.70815362 5.94348506 6.15280817 6.33110252 6.47929413 6.59917026
 6.69251816 6.76112507 6.80677827 6.83126499 6.8363725  6.82388804
 6.79559887 6.75329224 6.69875541 6.63377563 6.56014016 6.47963624
 6.39405113 6.30517209 6.21478637 6.12468122 6.03664389 5.95246164
 5.87392172 5.80281139 5.7409179  5.69002851 5.65193046 5.62841101
 5.62125741 5.63225692 5.66319679 5.71586428 5.79204663 5.89353111
 6.02210496 6.17955544 6.3676698  6.58823529]
a_x_fitting=[  2.58397933  12.64148809  22.69899686  32.75650562  42.81401439
  52.87152316  62.92903192  72.98654069  83.04404945  93.10155822
 103.15906698 113.21657575 123.27408451 133.33159328 143.38910205
 153.44661081 163.50411958 173.56162834 183.61913711 193.67664587
 203.73415464 213.7916634  223.84917217 233.90668094 243.9641897
 254.02169847 264.07920723 274.136716   284.19422476 294.25173353
 304.30924229 314.36675106 324.42425982 334.48176859 344.53927736
 354.59678612 364.65429489 374.71180365 384.76931242 394.82682118
 404.88432995 414.94183871 424.99934748 435.05685625 445.11436501
 455.17187378 465.22938254 475.28689131 485.34440007 495.40190884
 505.4594176  515.51692637 525.57443514 535.6319439  545.68945267
 555.74696143 565.8044702  575.86197896 585.91948773 595.97699649
 606.03450526 616.09201402 626.14952279 636.20703156 646.26454032
 656.32204909 666.37955785 676.43706662 686.49457538 696.55208415
 706.60959291 716.66710168 726.72461045 736.78211921 746.83962798
 756.89713674 766.95464551 777.01215427 787.06966304 797.1271718
 807.18468057 817.24218934 827.2996981  837.35720687 847.41471563
 857.4722244  867.52973316 877.58724193 887.64475069 897.70225946
 907.75976822 917.81727699 927.87478576 937.93229452 947.98980329
 958.04731205 968.10482082 978.16232958 988.21983835 998.27734711]
a_y_fitting=[-0.99415205  0.456676    1.50290799  2.1858921   2.54697649  2.62750932
  2.46883876  2.11231297  1.59928011  0.97108834  0.26908584 -0.46537924
 -1.19095873 -1.86630446 -2.45006828 -2.90090203 -3.17745753 -3.23838662
 -3.04234114 -2.54797293 -1.71393382 -0.49980827  0.90772591  1.86549315
  2.25905951  2.29810927  2.19546161  2.154184    2.24385413  2.43729432
  2.70516142  3.01884398  3.35428053  3.68915594  4.00115868  4.26797723
  4.46730007  4.57681566  4.57421248  4.43717901  4.14340372  3.67057508
  2.99638156  2.09851165  0.98389752 -0.14856645 -1.02511783 -1.50426538
 -1.63897156 -1.49771403 -1.14897043 -0.66121842 -0.10293565  0.45740022
  0.95479428  1.36790121  1.70511511  1.97540169  2.18772669  2.35105584
  2.47435486  2.56658949  2.63672471  2.69201057  2.73432775  2.76450885
  2.78338651  2.79179334  2.79056197  2.78052501  2.76251509  2.73736482
  2.70590683  2.66897375  2.62739818  2.58201275  2.53365009  2.48314281
  2.43132354  2.37902489  2.32707949  2.27631996  2.22757892  2.18168899
  2.13948279  2.10179294  2.06945207  2.04329279  2.02414772  2.01284949
  2.01023072  2.01712403  2.03436204  2.06277737  2.10320265  2.15647048
  2.2234135   2.30486433  2.40165558  2.51461988]
d_x_fitting=[  2.58397933  12.61538729  22.64679526  32.67820322  42.70961119
  52.74101915  62.77242711  72.80383508  82.83524304  92.86665101
 102.89805897 112.92946693 122.9608749  132.99228286 143.02369083
 153.05509879 163.08650676 173.11791472 183.14932268 193.18073065
 203.21213861 213.24354658 223.27495454 233.30636251 243.33777047
 253.36917843 263.4005864  273.43199436 283.46340233 293.49481029
 303.52621825 313.55762622 323.58903418 333.62044215 343.65185011
 353.68325808 363.71466604 373.746074   383.77748197 393.80888993
 403.8402979  413.87170586 423.90311383 433.93452179 443.96592975
 453.99733772 464.02874568 474.06015365 484.09156161 494.12296958
 504.15437754 514.1857855  524.21719347 534.24860143 544.2800094
 554.31141736 564.34282532 574.37423329 584.40564125 594.43704922
 604.46845718 614.49986515 624.53127311 634.56268107 644.59408904
 654.625497   664.65690497 674.68831293 684.7197209  694.75112886
 704.78253682 714.81394479 724.84535275 734.87676072 744.90816868
 754.93957665 764.97098461 775.00239257 785.03380054 795.0652085
 805.09661647 815.12802443 825.15943239 835.19084036 845.22224832
 855.25365629 865.28506425 875.31647222 885.34788018 895.37928814
 905.41069611 915.44210407 925.47351204 935.50492    945.53632797
 955.56773593 965.59914389 975.63055186 985.66195982 995.69336779]
d_y_fitting=[2.74853801 4.03959118 4.9745055  5.58946771 5.92066457 6.00428283
 5.87650923 5.57353052 5.13153346 4.58670479 3.97523126 3.33329962
 2.69709662 2.10280901 1.58662354 1.18472695 0.933306   0.86854744
 1.026638   1.44376446 2.15611354 3.1388307  3.89661414 4.28754444
 4.46527121 4.58500186 4.80194379 5.2620994  5.9452724  6.68700093
 7.31803232 7.68841039 7.80219952 7.73722722 7.57178327 7.38415743
 7.25263948 7.25551919 7.47097795 7.91250226 8.41964943 8.80304742
 8.87332417 8.44110764 7.31702578 5.40127652 3.2989457  1.82147332
 1.07644512 0.92798691 1.23999584 1.87636907 2.70100373 3.57779698
 4.37586299 5.04450829 5.59587971 6.0438059  6.40211549 6.68463711
 6.90519939 7.07763096 7.2157486  7.33000936 7.42291017 7.49579505
 7.55000805 7.5868932  7.60779453 7.61405608 7.60702188 7.58803598
 7.5584424  7.51958517 7.47280835 7.41945595 7.36087202 7.29840059
 7.23338569 7.16717136 7.10110164 7.03652056 6.97477216 6.91720047
 6.86514952 6.81996335 6.782986   6.75556151 6.73903389 6.7347472
 6.74404547 6.76827273 6.80877301 6.86689036 6.9439688  7.04135238
 7.16038513 7.30241107 7.46877426 7.66081871]