
p_x=[0.0, 231.69681309216193, 408.2687338501292, 550.3875968992248, 998.2773471145564]
p_y=[-1.1764705882352935, 1.4117647058823533, 1.6470588235294112, -1.2941176470588225, -0.8235294117647047]
a_x=[6.029285099052541, 213.6089577950043, 414.2980189491817, 548.6649440137812, 997.4160206718346]
a_y=[-4.970760233918128, -2.8654970760233915, -4.035087719298245, -4.970760233918128, -4.385964912280702]
d_x=[6.890611541774333, 207.57967269595176, 403.96210163652023, 552.9715762273901, 993.1093884582257]
d_y=[0.1754385964912295, 1.6959064327485383, 2.1637426900584797, 0.526315789473685, 0.058479532163742576]
p_x_fitting=[  0.          10.08360957  20.16721913  30.2508287   40.33443827
  50.41804783  60.5016574   70.58526697  80.66887653  90.7524861
 100.83609567 110.91970523 121.0033148  131.08692437 141.17053394
 151.2541435  161.33775307 171.42136264 181.5049722  191.58858177
 201.67219134 211.7558009  221.83941047 231.92302004 242.0066296
 252.09023917 262.17384874 272.2574583  282.34106787 292.42467744
 302.508287   312.59189657 322.67550614 332.7591157  342.84272527
 352.92633484 363.00994441 373.09355397 383.17716354 393.26077311
 403.34438267 413.42799224 423.51160181 433.59521137 443.67882094
 453.76243051 463.84604007 473.92964964 484.01325921 494.09686877
 504.18047834 514.26408791 524.34769747 534.43130704 544.51491661
 554.59852617 564.68213574 574.76574531 584.84935488 594.93296444
 605.01657401 615.10018358 625.18379314 635.26740271 645.35101228
 655.43462184 665.51823141 675.60184098 685.68545054 695.76906011
 705.85266968 715.93627924 726.01988881 736.10349838 746.18710794
 756.27071751 766.35432708 776.43793664 786.52154621 796.60515578
 806.68876535 816.77237491 826.85598448 836.93959405 847.02320361
 857.10681318 867.19042275 877.27403231 887.35764188 897.44125145
 907.52486101 917.60847058 927.69208015 937.77568971 947.85929928
 957.94290885 968.02651841 978.11012798 988.19373755 998.27734711]
p_y_fitting=[-1.17647059 -1.112541   -1.03922032 -0.95721764 -0.867242   -0.77000249
 -0.66620817 -0.55656811 -0.44179137 -0.32258704 -0.19966416 -0.07373182
  0.05450091  0.18432498  0.31503131  0.44591084  0.57625448  0.70535319
  0.83249788  0.95697949  1.07808895  1.1951172   1.30735516  1.41409376
  1.51462394  1.60823663  1.69422276  1.77187327  1.84047907  1.89933111
  1.94772032  1.98493762  2.01027396  2.02302025  2.02246744  2.00790645
  1.97862822  1.93392368  1.87308375  1.79539937  1.70016148  1.58670091
  1.45521803  1.30675675  1.14239565  0.96321334  0.77028839  0.56469942
  0.347525    0.11984374 -0.11726578 -0.36272495 -0.61545519 -0.8743779
 -1.13841449 -1.40648636 -1.67751492 -1.95042158 -2.22412775 -2.49755482
 -2.76962421 -3.03925733 -3.30537557 -3.56690035 -3.82275307 -4.07185514
 -4.31312796 -4.54549295 -4.7678715  -4.97918502 -5.17835493 -5.36430262
 -5.53594951 -5.692217   -5.83202649 -5.95429939 -6.05795711 -6.14192106
 -6.20511264 -6.24645326 -6.26486432 -6.25926723 -6.2285834  -6.17173424
 -6.08764114 -5.97522552 -5.83340878 -5.66111233 -5.45725758 -5.22076592
 -4.95055878 -4.64555755 -4.30468364 -3.92685846 -3.51100341 -3.05603991
 -2.56088935 -2.02447314 -1.44571269 -0.82352941]
a_x_fitting=[  6.0292851   16.04329253  26.05729996  36.07130739  46.08531482
  56.09932225  66.11332968  76.12733711  86.14134454  96.15535197
 106.1693594  116.18336683 126.19737426 136.21138169 146.22538912
 156.23939655 166.25340398 176.26741141 186.28141884 196.29542627
 206.3094337  216.32344113 226.33744856 236.35145599 246.36546342
 256.37947085 266.39347828 276.40748571 286.42149314 296.43550057
 306.449508   316.46351543 326.47752286 336.49153029 346.50553772
 356.51954515 366.53355258 376.54756001 386.56156744 396.57557487
 406.5895823  416.60358973 426.61759716 436.63160459 446.64561202
 456.65961945 466.67362688 476.68763431 486.70164174 496.71564917
 506.7296566  516.74366403 526.75767146 536.77167889 546.78568632
 556.79969375 566.81370118 576.82770861 586.84171604 596.85572347
 606.8697309  616.88373833 626.89774576 636.91175319 646.92576062
 656.93976805 666.95377548 676.96778291 686.98179034 696.99579777
 707.0098052  717.02381263 727.03782006 737.05182749 747.06583492
 757.07984235 767.09384978 777.10785721 787.12186464 797.13587207
 807.1498795  817.16388693 827.17789436 837.19190179 847.20590922
 857.21991665 867.23392408 877.24793151 887.26193894 897.27594637
 907.2899538  917.30396123 927.31796866 937.33197609 947.34598352
 957.35999095 967.37399838 977.38800581 987.40201324 997.41602067]
a_y_fitting=[-4.97076023 -4.73538868 -4.51627559 -4.31298949 -4.12509892 -3.95217242
 -3.79377853 -3.64948579 -3.51886273 -3.40147788 -3.2968998  -3.20469701
 -3.12443805 -3.05569146 -2.99802578 -2.95100954 -2.91421128 -2.88719955
 -2.86954287 -2.86080978 -2.86056883 -2.86838855 -2.88383747 -2.90648414
 -2.93589709 -2.97164485 -3.01329598 -3.060419   -3.11258245 -3.16935487
 -3.2303048  -3.29500077 -3.36301132 -3.43390499 -3.50725032 -3.58261585
 -3.6595701  -3.73768162 -3.81651895 -3.89565062 -3.97464518 -4.05307186
 -4.13060573 -4.20713883 -4.28258981 -4.35687735 -4.4299201  -4.50163671
 -4.57194586 -4.64076621 -4.70801641 -4.77361513 -4.83748102 -4.89953275
 -4.95968899 -5.01786838 -5.07398959 -5.12797129 -5.17973213 -5.22919077
 -5.27626588 -5.32087611 -5.36294014 -5.40237661 -5.43910419 -5.47304154
 -5.50410733 -5.53222021 -5.55729884 -5.57926188 -5.598028   -5.61351586
 -5.62564412 -5.63433143 -5.63949647 -5.64105789 -5.63893434 -5.63304451
 -5.62330703 -5.60964058 -5.59196382 -5.57019541 -5.544254   -5.51405826
 -5.47952686 -5.44057844 -5.39713168 -5.34910523 -5.29641775 -5.23898792
 -5.17673437 -5.10957579 -5.03743082 -4.96021814 -4.87785639 -4.79026425
 -4.69736037 -4.59906341 -4.49529204 -4.38596491]
d_x_fitting=[  6.89061154  16.85241737  26.8142232   36.77602902  46.73783485
  56.69964068  66.66144651  76.62325233  86.58505816  96.54686399
 106.50866982 116.47047564 126.43228147 136.3940873  146.35589313
 156.31769895 166.27950478 176.24131061 186.20311644 196.16492226
 206.12672809 216.08853392 226.05033975 236.01214557 245.9739514
 255.93575723 265.89756306 275.85936888 285.82117471 295.78298054
 305.74478636 315.70659219 325.66839802 335.63020385 345.59200967
 355.5538155  365.51562133 375.47742716 385.43923298 395.40103881
 405.36284464 415.32465047 425.28645629 435.24826212 445.21006795
 455.17187378 465.1336796  475.09548543 485.05729126 495.01909709
 504.98090291 514.94270874 524.90451457 534.8663204  544.82812622
 554.78993205 564.75173788 574.71354371 584.67534953 594.63715536
 604.59896119 614.56076702 624.52257284 634.48437867 644.4461845
 654.40799033 664.36979615 674.33160198 684.29340781 694.25521364
 704.21701946 714.17882529 724.14063112 734.10243694 744.06424277
 754.0260486  763.98785443 773.94966025 783.91146608 793.87327191
 803.83507774 813.79688356 823.75868939 833.72049522 843.68230105
 853.64410687 863.6059127  873.56771853 883.52952436 893.49133018
 903.45313601 913.41494184 923.37674767 933.33855349 943.30035932
 953.26216515 963.22397098 973.1857768  983.14758263 993.10938846]
d_y_fitting=[ 0.1754386   0.22747624  0.28431746  0.34557283  0.41085291  0.47976829
  0.55192954  0.62694724  0.70443195  0.78399426  0.86524474  0.94779396
  1.0312525   1.11523093  1.19933983  1.28318978  1.36639133  1.44855509
  1.5292916   1.60821146  1.68492523  1.7590435   1.83017682  1.89793579
  1.96193097  2.02177295  2.07707228  2.12743955  2.17248534  2.21182021
  2.24505475  2.27179952  2.2916651   2.30426207  2.309201    2.30609247
  2.29454705  2.27417531  2.24458783  2.20539519  2.15620839  2.09686992
  2.02783362  1.94965305  1.86288179  1.76807342  1.66578152  1.55655967
  1.44096143  1.3195404   1.19285014  1.06144424  0.92587627  0.78669981
  0.64446844  0.49973573  0.35305527  0.20498062  0.05606537 -0.09313691
 -0.24207263 -0.39018823 -0.53693012 -0.68174472 -0.82407847 -0.96337778
 -1.09908907 -1.23065876 -1.35753329 -1.47915907 -1.59498252 -1.70445007
 -1.80700814 -1.90210315 -1.98918152 -2.06768969 -2.13707406 -2.19678106
 -2.24625712 -2.28494866 -2.3123021  -2.32776386 -2.33078036 -2.32079804
 -2.2972633  -2.25962258 -2.20732229 -2.13980886 -2.05652871 -1.95692827
 -1.84045395 -1.70655218 -1.55466938 -1.38425197 -1.19474638 -0.98559903
 -0.75625634 -0.50616474 -0.23477064  0.05847953]