
p_x=[3.4453057708871664, 53.402239448751075, 96.46856158484066, 124.89233419465978, 211.02497846683892, 223.9448751076658, 357.4504737295435, 398.7941429801895, 451.3350559862188, 524.547803617571, 537.4677002583979, 610.6804478897502, 651.1627906976745, 714.0396210163652, 754.5219638242894, 839.7932816537468, 927.6485788113695, 987.0801033591732, 993.1093884582257]
p_y=[-0.117647058823529, 2.8235294117647056, 4.0, 3.647058823529412, 4.588235294117648, 4.470588235294118, 4.0, 5.0588235294117645, 0.117647058823529, 1.882352941176471, 5.294117647058823, 5.176470588235294, 5.176470588235294, 5.176470588235294, 2.9411764705882346, 4.9411764705882355, 5.176470588235294, 3.2941176470588243, 3.647058823529412]
a_x=[3.4453057708871664, 58.57019810508183, 94.74590869939708, 126.61498708010335, 201.5503875968992, 209.30232558139537, 221.36089577950042, 296.2962962962963, 363.479758828596, 398.7941429801895, 454.78036175710594, 538.3290267011197, 550.3875968992248, 609.8191214470285, 616.7097329888027, 635.6589147286821, 660.637381567614, 720.0689061154177, 754.5219638242894, 845.8225667527993, 994.8320413436692]
a_y=[-1.578947368421053, 0.058479532163742576, 1.2280701754385976, -0.4093567251461998, 0.058479532163742576, 0.1754385964912295, 0.8771929824561404, 1.6959064327485383, 1.1111111111111107, 1.3450292397660828, -0.7602339181286553, -1.2280701754385959, 1.578947368421053, 1.461988304093568, 1.9298245614035086, 1.6959064327485383, 0.9941520467836256, 0.9941520467836256, -0.2923976608187129, 1.6959064327485383, 1.1111111111111107]
d_x=[1.7226528854435832, 60.29285099052541, 98.19121447028424, 126.61498708010335, 180.87855297157623, 214.4702842377261, 291.12833763996554, 359.1731266149871, 391.90353143841514, 458.2256675279931, 507.32127476313525, 543.4969853574505, 551.2489233419467, 561.5848406546081, 619.2937123169681, 658.0534022394487, 719.2075796726959, 728.6821705426356, 757.1059431524549, 837.2093023255815, 998.2773471145564]
d_y=[1.6959064327485383, 5.43859649122807, 5.555555555555555, 1.3450292397660828, 1.9298245614035086, 4.269005847953217, 5.7894736842105265, 5.672514619883041, 5.43859649122807, 0.7602339181286553, 1.1111111111111107, 0.1754385964912295, 2.9824561403508776, 5.555555555555555, 6.023391812865498, 6.257309941520468, 5.555555555555555, 6.140350877192983, 5.7894736842105265, 6.257309941520468, 3.450292397660819]
p_x_fitting=[  3.44530577  13.44191267  23.43851956  33.43512646  43.43173335
  53.42834025  63.42494715  73.42155404  83.41816094  93.41476783
 103.41137473 113.40798163 123.40458852 133.40119542 143.39780231
 153.39440921 163.3910161  173.387623   183.3842299  193.38083679
 203.37744369 213.37405058 223.37065748 233.36726438 243.36387127
 253.36047817 263.35708506 273.35369196 283.35029885 293.34690575
 303.34351265 313.34011954 323.33672644 333.33333333 343.32994023
 353.32654712 363.32315402 373.31976092 383.31636781 393.31297471
 403.3095816  413.3061885  423.3027954  433.29940229 443.29600919
 453.29261608 463.28922298 473.28582987 483.28243677 493.27904367
 503.27565056 513.27225746 523.26886435 533.26547125 543.26207815
 553.25868504 563.25529194 573.25189883 583.24850573 593.24511262
 603.24171952 613.23832642 623.23493331 633.23154021 643.2281471
 653.224754   663.2213609  673.21796779 683.21457469 693.21118158
 703.20778848 713.20439537 723.20100227 733.19760917 743.19421606
 753.19082296 763.18742985 773.18403675 783.18064365 793.17725054
 803.17385744 813.17046433 823.16707123 833.16367812 843.16028502
 853.15689192 863.15349881 873.15010571 883.1467126  893.1433195
 903.1399264  913.13653329 923.13314019 933.12974708 943.12635398
 953.12296087 963.11956777 973.11617467 983.11278156 993.10938846]
p_y_fitting=[-0.11764706  0.48255269  1.09928397  1.71016341  2.29280761  2.8248332
  3.28385679  3.64749499  3.89336443  3.99908171  3.94928045  3.80244175
  3.66126142  3.61559343  3.67080163  3.79949474  3.97420968  4.16748336
  4.35185267  4.49985453  4.58402583  4.57708965  4.47804865  4.33251308
  4.16120695  3.97556028  3.78700162  3.60695949  3.44686243  3.31813897
  3.23221766  3.20052701  3.23449557  3.34555188  3.54512446  3.84464185
  4.25059169  4.69173331  5.03498665  5.14556075  4.89237719  4.25274945
  3.32694934  2.22188903  1.04448072 -0.0983691  -1.10102618 -1.86072824
 -2.27510687 -2.24179366 -1.65842017 -0.422618    1.56798127  4.23164564
  6.45928406  7.6796213   8.07918131  7.86642168  7.24979999  6.43777382
  5.63880076  5.06048851  4.81335769  4.82238583  4.99164753  5.22531309
  5.44631293  5.61870589  5.71200466  5.69572195  5.53937044  5.21246284
  4.70248023  4.08934468  3.48262214  2.99189215  2.7110371   2.6399354
  2.74362785  2.98709834  3.33533075  3.75330897  4.20601688  4.65843838
  5.07571823  5.4324166   5.71755251  5.92137311  6.03412553  6.04605694
  5.94741447  5.72844527  5.37939648  4.89355176  4.32042096  3.75907921
  3.31029931  3.07485408  3.15351631  3.64705882]
a_x_fitting=[  3.44530577  13.4593132   23.47332063  33.48732806  43.50133549
  53.51534292  63.52935035  73.54335778  83.55736521  93.57137264
 103.58538007 113.5993875  123.61339493 133.62740236 143.64140979
 153.65541722 163.66942465 173.68343208 183.69743951 193.71144694
 203.72545437 213.7394618  223.75346923 233.76747666 243.78148409
 253.79549152 263.80949895 273.82350638 283.83751381 293.85152124
 303.86552867 313.8795361  323.89354353 333.90755096 343.92155839
 353.93556582 363.94957325 373.96358068 383.97758811 393.99159554
 404.00560297 414.0196104  424.03361783 434.04762526 444.06163269
 454.07564012 464.08964755 474.10365498 484.11766241 494.13166984
 504.14567727 514.1596847  524.17369213 534.18769956 544.20170699
 554.21571442 564.22972185 574.24372928 584.25773671 594.27174414
 604.28575157 614.299759   624.31376643 634.32777386 644.34178129
 654.35578872 664.36979615 674.38380358 684.39781101 694.41181844
 704.42582587 714.4398333  724.45384073 734.46784816 744.48185559
 754.49586302 764.50987045 774.52387788 784.53788531 794.55189274
 804.56590017 814.5799076  824.59391503 834.60792246 844.62192989
 854.63593732 864.64994475 874.66395218 884.67795961 894.69196704
 904.70597447 914.7199819  924.73398933 934.74799676 944.76200419
 954.77601162 964.79001905 974.80402648 984.81803391 994.83204134]
a_y_fitting=[-1.57894737 -1.90272304 -1.8340947  -1.4728639  -0.91883223 -0.27180124
  0.36842749  0.9020524   1.2292719   1.25028444  0.90143608  0.32521441
 -0.26292921 -0.66279548 -0.8323731  -0.82290757 -0.68684716 -0.47664017
 -0.24473488 -0.04357957  0.07638361  0.38192492  1.02540056  1.5211485
  1.83733251  2.00279745  2.04638817  1.99694954  1.8833264   1.73436362
  1.57748949  1.42804125  1.29523012  1.18821957  1.1161731   1.08825417
  1.11362534  1.19091797  1.28215727  1.34141982  1.32348871  1.19793902
  0.9483704   0.55893545  0.01378677 -0.70292306 -1.58701435 -2.53530904
 -3.41409358 -4.08964576 -4.42824335 -4.29616413 -3.55968588 -2.08508638
  0.18907207  2.20515008  2.98022294  2.84755705  2.23651089  1.57644292
  1.29671158  1.77357113  2.07208339  1.75200053  1.3686764   1.09584612
  0.9619101   0.95965696  1.03249058  1.12014535  1.16235567  1.09885595
  0.87170713  0.4960419   0.07293513 -0.29161644 -0.51193514 -0.58425745
 -0.52545918 -0.35241614 -0.08200413  0.26890105  0.6834236   1.14468772
  1.63581759  2.13993742  2.64017141  3.11964375  3.56147864  3.94880028
  4.26473286  4.49240058  4.61492764  4.61543824  4.47705657  4.18290683
  3.71611321  3.05979993  2.19709116  1.11111111]
d_x_fitting=[  1.72265289  11.78886192  21.85507095  31.92127998  41.98748902
  52.05369805  62.11990708  72.18611611  82.25232515  92.31853418
 102.38474321 112.45095224 122.51716128 132.58337031 142.64957934
 152.71578837 162.78199741 172.84820644 182.91441547 192.98062451
 203.04683354 213.11304257 223.1792516  233.24546064 243.31166967
 253.3778787  263.44408773 273.51029677 283.5765058  293.64271483
 303.70892386 313.7751329  323.84134193 333.90755096 343.97375999
 354.03996903 364.10617806 374.17238709 384.23859612 394.30480516
 404.37101419 414.43722322 424.50343226 434.56964129 444.63585032
 454.70205935 464.76826839 474.83447742 484.90068645 494.96689548
 505.03310452 515.09931355 525.16552258 535.23173161 545.29794065
 555.36414968 565.43035871 575.49656774 585.56277678 595.62898581
 605.69519484 615.76140388 625.82761291 635.89382194 645.96003097
 656.02624001 666.09244904 676.15865807 686.2248671  696.29107614
 706.35728517 716.4234942  726.48970323 736.55591227 746.6221213
 756.68833033 766.75453936 776.8207484  786.88695743 796.95316646
 807.01937549 817.08558453 827.15179356 837.21800259 847.28421163
 857.35042066 867.41662969 877.48283872 887.54904776 897.61525679
 907.68146582 917.74767485 927.81388389 937.88009292 947.94630195
 958.01251098 968.07872002 978.14492905 988.21113808 998.27734711]
d_y_fitting=[ 1.69590643  1.63442485  2.0524129   2.80298338  3.7392491   4.71432288
  5.58131751  6.1933458   6.40352057  6.06495461  5.03892079  3.47489202
  1.88074881  0.76379434  0.27751382  0.2978988   0.69350038  1.33286966
  2.084682    2.84321993  3.55954027  4.19232653  4.70624273  5.10195353
  5.39352989  5.5950654   5.72065362  5.78438815  5.80036257  5.78266292
  5.74446198  5.69715768  5.6519439   5.62001454  5.61256348  5.64078461
  5.71306338  5.77007372  5.68299933  5.32046532  4.63344718  3.737979
  2.76979399  1.86462539  1.15820641  0.78627028  0.86444085  1.2598045
  1.67179898  1.79672075  1.33086627  0.08477684 -1.20848753 -1.36968733
  0.77527014  4.22445619  6.14961241  7.07613877  7.28956921  7.03731661
  6.56679385  6.12541378  5.94180922  6.01176051  6.17361814  6.26276535
  6.13903875  5.84380526  5.50011019  5.23139093  5.16108485  5.41262934
  6.02226763  6.32022424  6.14881003  5.80319657  5.53537304  5.38953942
  5.35107725  5.40536434  5.53777851  5.73369759  5.97849939  6.25756172
  6.55626242  6.85997928  7.15409015  7.42397283  7.65500514  7.8325649
  7.94202993  7.96877805  7.89818707  7.71563482  7.40649912  6.95615777
  6.34998861  5.57336945  4.6116781   3.4502924 ]