
p_x=[3.4453057708871664, 279.93109388458225, 628.7683031869078, 998.2773471145564]
p_y=[-2.117647058823529, -1.764705882352942, -1.5294117647058805, -1.764705882352942]
a_x=[0.0, 288.5443583118002, 627.9069767441861, 995.693367786391]
a_y=[-2.0467836257309955, -2.163742690058479, -2.397660818713449, -1.4619883040935662]
d_x=[1.7226528854435832, 266.14987080103356, 633.0749354005169, 997.4160206718346]
d_y=[-1.2280701754385959, -1.3450292397660828, -0.9941520467836256, -0.9941520467836256]
p_x_fitting=[  3.44530577  13.49411427  23.54292277  33.59173127  43.64053976
  53.68934826  63.73815676  73.78696526  83.83577376  93.88458226
 103.93339076 113.98219925 124.03100775 134.07981625 144.12862475
 154.17743325 164.22624175 174.27505024 184.32385874 194.37266724
 204.42147574 214.47028424 224.51909274 234.56790123 244.61670973
 254.66551823 264.71432673 274.76313523 284.81194373 294.86075223
 304.90956072 314.95836922 325.00717772 335.05598622 345.10479472
 355.15360322 365.20241171 375.25122021 385.30002871 395.34883721
 405.39764571 415.44645421 425.4952627  435.5440712  445.5928797
 455.6416882  465.6904967  475.7393052  485.7881137  495.83692219
 505.88573069 515.93453919 525.98334769 536.03215619 546.08096469
 556.12977318 566.17858168 576.22739018 586.27619868 596.32500718
 606.37381568 616.42262417 626.47143267 636.52024117 646.56904967
 656.61785817 666.66666667 676.71547517 686.76428366 696.81309216
 706.86190066 716.91070916 726.95951766 737.00832616 747.05713465
 757.10594315 767.15475165 777.20356015 787.25236865 797.30117715
 807.34998564 817.39879414 827.44760264 837.49641114 847.54521964
 857.59402814 867.64283664 877.69164513 887.74045363 897.78926213
 907.83807063 917.88687913 927.93568763 937.98449612 948.03330462
 958.08211312 968.13092162 978.17973012 988.22853862 998.27734711]
p_y_fitting=[-2.11764706 -2.10367043 -2.08973558 -2.07584777 -2.06201231 -2.04823445
 -2.03451948 -2.02087269 -2.00729935 -1.99380474 -1.98039414 -1.96707283
 -1.95384608 -1.94071919 -1.92769743 -1.91478608 -1.90199041 -1.88931571
 -1.87676726 -1.86435033 -1.85207022 -1.83993218 -1.82794152 -1.8161035
 -1.8044234  -1.79290651 -1.7815581  -1.77038346 -1.75938786 -1.74857658
 -1.73795491 -1.72752811 -1.71730148 -1.70728029 -1.69746983 -1.68787536
 -1.67850217 -1.66935555 -1.66044076 -1.65176309 -1.64332782 -1.63514023
 -1.62720559 -1.6195292  -1.61211632 -1.60497224 -1.59810223 -1.59151158
 -1.58520557 -1.57918947 -1.57346857 -1.56804814 -1.56293346 -1.55812982
 -1.55364249 -1.54947676 -1.5456379  -1.54213119 -1.53896191 -1.53613534
 -1.53365676 -1.53153146 -1.5297647  -1.52836177 -1.52732796 -1.52666853
 -1.52638877 -1.52649396 -1.52698938 -1.5278803  -1.52917201 -1.53086979
 -1.53297892 -1.53550467 -1.53845232 -1.54182716 -1.54563447 -1.54987952
 -1.5545676  -1.55970397 -1.56529393 -1.57134276 -1.57785572 -1.58483811
 -1.5922952  -1.60023227 -1.60865461 -1.61756748 -1.62697617 -1.63688596
 -1.64730213 -1.65822996 -1.66967473 -1.68164172 -1.69413621 -1.70716347
 -1.72072879 -1.73483744 -1.74949471 -1.76470588]
a_x_fitting=[  0.          10.05750877  20.11501753  30.1725263   40.23003506
  50.28754383  60.34505259  70.40256136  80.46007012  90.51757889
 100.57508766 110.63259642 120.69010519 130.74761395 140.80512272
 150.86263148 160.92014025 170.97764901 181.03515778 191.09266654
 201.15017531 211.20768408 221.26519284 231.32270161 241.38021037
 251.43771914 261.4952279  271.55273667 281.61024543 291.6677542
 301.72526297 311.78277173 321.8402805  331.89778926 341.95529803
 352.01280679 362.07031556 372.12782432 382.18533309 392.24284186
 402.30035062 412.35785939 422.41536815 432.47287692 442.53038568
 452.58789445 462.64540321 472.70291198 482.76042074 492.81792951
 502.87543828 512.93294704 522.99045581 533.04796457 543.10547334
 553.1629821  563.22049087 573.27799963 583.3355084  593.39301717
 603.45052593 613.5080347  623.56554346 633.62305223 643.68056099
 653.73806976 663.79557852 673.85308729 683.91059606 693.96810482
 704.02561359 714.08312235 724.14063112 734.19813988 744.25564865
 754.31315741 764.37066618 774.42817494 784.48568371 794.54319248
 804.60070124 814.65821001 824.71571877 834.77322754 844.8307363
 854.88824507 864.94575383 875.0032626  885.06077137 895.11828013
 905.1757889  915.23329766 925.29080643 935.34831519 945.40582396
 955.46333272 965.52084149 975.57835026 985.63585902 995.69336779]
a_y_fitting=[-2.04678363 -2.04086099 -2.03593465 -2.0319738  -2.02894763 -2.02682534
 -2.02557613 -2.0251692  -2.02557374 -2.02675894 -2.02869402 -2.03134815
 -2.03469055 -2.0386904  -2.0433169  -2.04853925 -2.05432664 -2.06064828
 -2.06747336 -2.07477107 -2.08251062 -2.09066119 -2.09919199 -2.10807221
 -2.11727106 -2.12675771 -2.13650138 -2.14647126 -2.15663655 -2.16696644
 -2.17743013 -2.18799681 -2.19863569 -2.20931596 -2.22000681 -2.23067745
 -2.24129706 -2.25183486 -2.26226002 -2.27254176 -2.28264926 -2.29255173
 -2.30221835 -2.31161834 -2.32072087 -2.32949516 -2.33791039 -2.34593577
 -2.35354048 -2.36069374 -2.36736473 -2.37352264 -2.37913669 -2.38417606
 -2.38860995 -2.39240755 -2.39553807 -2.3979707  -2.39967464 -2.40061909
 -2.40077323 -2.40010627 -2.3985874  -2.39618583 -2.39287074 -2.38861134
 -2.38337682 -2.37713637 -2.36985921 -2.36151451 -2.35207148 -2.34149931
 -2.32976721 -2.31684436 -2.30269997 -2.28730323 -2.27062333 -2.25262949
 -2.23329088 -2.21257671 -2.19045618 -2.16689848 -2.1418728  -2.11534836
 -2.08729433 -2.05767992 -2.02647433 -1.99364675 -1.95916638 -1.92300241
 -1.88512404 -1.84550048 -1.80410091 -1.76089453 -1.71585054 -1.66893813
 -1.62012651 -1.56938487 -1.5166824  -1.4619883 ]
d_x_fitting=[  1.72265289  11.78016165  21.83767042  31.89517918  41.95268795
  52.01019671  62.06770548  72.12521424  82.18272301  92.24023178
 102.29774054 112.35524931 122.41275807 132.47026684 142.5277756
 152.58528437 162.64279313 172.7003019  182.75781066 192.81531943
 202.8728282  212.93033696 222.98784573 233.04535449 243.10286326
 253.16037202 263.21788079 273.27538955 283.33289832 293.39040709
 303.44791585 313.50542462 323.56293338 333.62044215 343.67795091
 353.73545968 363.79296844 373.85047721 383.90798598 393.96549474
 404.02300351 414.08051227 424.13802104 434.1955298  444.25303857
 454.31054733 464.3680561  474.42556486 484.48307363 494.5405824
 504.59809116 514.65559993 524.71310869 534.77061746 544.82812622
 554.88563499 564.94314375 575.00065252 585.05816129 595.11567005
 605.17317882 615.23068758 625.28819635 635.34570511 645.40321388
 655.46072264 665.51823141 675.57574018 685.63324894 695.69075771
 705.74826647 715.80577524 725.863284   735.92079277 745.97830153
 756.0358103  766.09331906 776.15082783 786.2083366  796.26584536
 806.32335413 816.38086289 826.43837166 836.49588042 846.55338919
 856.61089795 866.66840672 876.72591549 886.78342425 896.84093302
 906.89844178 916.95595055 927.01345931 937.07096808 947.12847684
 957.18598561 967.24349438 977.30100314 987.35851191 997.41602067]
d_y_fitting=[-1.22807018 -1.2438097  -1.25848148 -1.27210711 -1.2847082  -1.29630634
 -1.30692312 -1.31658015 -1.32529901 -1.33310132 -1.34000866 -1.34604263
 -1.35122483 -1.35557686 -1.35912031 -1.36187678 -1.36386787 -1.36511518
 -1.36564029 -1.36546482 -1.36461035 -1.36309848 -1.36095081 -1.35818895
 -1.35483447 -1.35090899 -1.3464341  -1.34143139 -1.33592246 -1.32992892
 -1.32347235 -1.31657436 -1.30925653 -1.30154048 -1.29344779 -1.28500007
 -1.2762189  -1.2671259  -1.25774264 -1.24809074 -1.23819178 -1.22806737
 -1.21773911 -1.20722858 -1.19655739 -1.18574713 -1.17481941 -1.16379581
 -1.15269794 -1.14154739 -1.13036576 -1.11917465 -1.10799565 -1.09685036
 -1.08576037 -1.0747473  -1.06383272 -1.05303825 -1.04238547 -1.03189598
 -1.02159139 -1.01149328 -1.00162326 -0.99200292 -0.98265386 -0.97359767
 -0.96485596 -0.95645032 -0.94840234 -0.94073363 -0.93346579 -0.9266204
 -0.92021906 -0.91428338 -0.90883495 -0.90389537 -0.89948623 -0.89562913
 -0.89234568 -0.88965745 -0.88758606 -0.8861531  -0.88538017 -0.88528886
 -0.88590077 -0.8872375  -0.88932065 -0.89217181 -0.89581258 -0.90026455
 -0.90554933 -0.91168851 -0.91870369 -0.92661647 -0.93544843 -0.94522119
 -0.95595633 -0.96767546 -0.98040016 -0.99415205]