
p_x=[1.7226528854435832, 82.68733850129199, 214.4702842377261, 668.3893195521102, 1000.0]
p_y=[3.5294117647058822, 2.9411764705882346, 3.764705882352941, 4.470588235294118, 4.117647058823529]
a_x=[0.8613264427217916, 455.64168819982774, 600.3445305770887, 996.5546942291128]
a_y=[-4.970760233918128, -4.7368421052631575, -4.619883040935672, -4.970760233918128]
d_x=[2.5839793281653747, 84.40999138673558, 206.71834625322995, 650.3014642549526, 998.2773471145564]
d_y=[1.1111111111111107, 0.526315789473685, 1.6959064327485383, 1.461988304093568, 0.9941520467836256]
p_x_fitting=[   1.72265289   11.80626245   21.88987202   31.97348159   42.05709115
   52.14070072   62.22431029   72.30791985   82.39152942   92.47513899
  102.55874855  112.64235812  122.72596769  132.80957725  142.89318682
  152.97679639  163.06040595  173.14401552  183.22762509  193.31123465
  203.39484422  213.47845379  223.56206336  233.64567292  243.72928249
  253.81289206  263.89650162  273.98011119  284.06372076  294.14733032
  304.23093989  314.31454946  324.39815902  334.48176859  344.56537816
  354.64898772  364.73259729  374.81620686  384.89981642  394.98342599
  405.06703556  415.15064512  425.23425469  435.31786426  445.40147383
  455.48508339  465.56869296  475.65230253  485.73591209  495.81952166
  505.90313123  515.98674079  526.07035036  536.15395993  546.23756949
  556.32117906  566.40478863  576.48839819  586.57200776  596.65561733
  606.73922689  616.82283646  626.90644603  636.99005559  647.07366516
  657.15727473  667.2408843   677.32449386  687.40810343  697.491713
  707.57532256  717.65893213  727.7425417   737.82615126  747.90976083
  757.9933704   768.07697996  778.16058953  788.2441991   798.32780866
  808.41141823  818.4950278   828.57863736  838.66224693  848.7458565
  858.82946606  868.91307563  878.9966852   889.08029477  899.16390433
  909.2475139   919.33112347  929.41473303  939.4983426   949.58195217
  959.66556173  969.7491713   979.83278087  989.91639043 1000.        ]
p_y_fitting=[3.52941176 3.37567742 3.24783303 3.14438914 3.06385632 3.0047451
 2.96556606 2.94482974 2.9410467  2.95272749 2.97838268 3.01652281
 3.06565844 3.12430012 3.19095842 3.26414388 3.34236706 3.42413852
 3.5079688  3.59236848 3.67584809 3.7569182  3.83428137 3.90767343
 3.97717632 4.04287224 4.10484336 4.16317188 4.21793997 4.26922983
 4.31712364 4.36170358 4.40305184 4.44125061 4.47638207 4.5085284
 4.5377718  4.56419444 4.58787852 4.60890621 4.62735971 4.6433212
 4.65687287 4.6680969  4.67707547 4.68389077 4.68862499 4.69136032
 4.69217893 4.69116302 4.68839477 4.68395636 4.67792998 4.67039782
 4.66144206 4.65114489 4.63958849 4.62685505 4.61302675 4.59818578
 4.58241433 4.56579458 4.54840871 4.53033892 4.51166738 4.49247628
 4.47284782 4.45286416 4.43260751 4.41216004 4.39160394 4.37102139
 4.35049459 4.33010572 4.30993695 4.29007049 4.2705885  4.25157319
 4.23310673 4.21527131 4.19814912 4.18182234 4.16637315 4.15188375
 4.13843631 4.12611303 4.11499609 4.10516767 4.09670996 4.08970514
 4.08423541 4.08038294 4.07822993 4.07785855 4.07935099 4.08278945
 4.0882561  4.09583312 4.10560272 4.11764706]
a_x_fitting=[8.61326443e-01 1.09188352e+01 2.09763440e+01 3.10338527e+01
 4.10913615e+01 5.11488703e+01 6.12063790e+01 7.12638878e+01
 8.13213966e+01 9.13789053e+01 1.01436414e+02 1.11493923e+02
 1.21551432e+02 1.31608940e+02 1.41666449e+02 1.51723958e+02
 1.61781467e+02 1.71838975e+02 1.81896484e+02 1.91953993e+02
 2.02011502e+02 2.12069011e+02 2.22126519e+02 2.32184028e+02
 2.42241537e+02 2.52299046e+02 2.62356554e+02 2.72414063e+02
 2.82471572e+02 2.92529081e+02 3.02586589e+02 3.12644098e+02
 3.22701607e+02 3.32759116e+02 3.42816624e+02 3.52874133e+02
 3.62931642e+02 3.72989151e+02 3.83046660e+02 3.93104168e+02
 4.03161677e+02 4.13219186e+02 4.23276695e+02 4.33334203e+02
 4.43391712e+02 4.53449221e+02 4.63506730e+02 4.73564238e+02
 4.83621747e+02 4.93679256e+02 5.03736765e+02 5.13794273e+02
 5.23851782e+02 5.33909291e+02 5.43966800e+02 5.54024309e+02
 5.64081817e+02 5.74139326e+02 5.84196835e+02 5.94254344e+02
 6.04311852e+02 6.14369361e+02 6.24426870e+02 6.34484379e+02
 6.44541887e+02 6.54599396e+02 6.64656905e+02 6.74714414e+02
 6.84771922e+02 6.94829431e+02 7.04886940e+02 7.14944449e+02
 7.25001958e+02 7.35059466e+02 7.45116975e+02 7.55174484e+02
 7.65231993e+02 7.75289501e+02 7.85347010e+02 7.95404519e+02
 8.05462028e+02 8.15519536e+02 8.25577045e+02 8.35634554e+02
 8.45692063e+02 8.55749572e+02 8.65807080e+02 8.75864589e+02
 8.85922098e+02 8.95979607e+02 9.06037115e+02 9.16094624e+02
 9.26152133e+02 9.36209642e+02 9.46267150e+02 9.56324659e+02
 9.66382168e+02 9.76439677e+02 9.86497185e+02 9.96554694e+02]
a_y_fitting=[-4.97076023 -4.9773697  -4.98312637 -4.98805246 -4.99217016 -4.99550168
 -4.99806922 -4.99989498 -5.00100117 -5.00141    -5.00114366 -5.00022435
 -4.99867429 -4.99651567 -4.9937707  -4.99046158 -4.98661052 -4.98223971
 -4.97737136 -4.97202767 -4.96623085 -4.9600031  -4.95336663 -4.94634363
 -4.93895631 -4.93122687 -4.92317752 -4.91483046 -4.90620789 -4.89733202
 -4.88822505 -4.87890917 -4.86940661 -4.85973955 -4.8499302  -4.84000077
 -4.82997346 -4.81987047 -4.809714   -4.79952627 -4.78932946 -4.77914579
 -4.76899745 -4.75890666 -4.74889561 -4.73898651 -4.72920156 -4.71956296
 -4.71009292 -4.70081364 -4.69174732 -4.68291617 -4.67434239 -4.66604818
 -4.65805575 -4.6503873  -4.64306503 -4.63611115 -4.62954786 -4.62339736
 -4.61768185 -4.61242355 -4.60764464 -4.60336735 -4.59961386 -4.59640638
 -4.59376712 -4.59171827 -4.59028205 -4.58948065 -4.58933628 -4.58987114
 -4.59110744 -4.59306737 -4.59577315 -4.59924697 -4.60351103 -4.60858755
 -4.61449872 -4.62126675 -4.62891383 -4.63746219 -4.646934   -4.65735149
 -4.66873685 -4.68111229 -4.69450001 -4.70892221 -4.72440109 -4.74095887
 -4.75861773 -4.7773999  -4.79732756 -4.81842292 -4.84070819 -4.86420557
 -4.88893726 -4.91492547 -4.94219239 -4.97076023]
d_x_fitting=[  2.58397933  12.64148809  22.69899686  32.75650562  42.81401439
  52.87152316  62.92903192  72.98654069  83.04404945  93.10155822
 103.15906698 113.21657575 123.27408451 133.33159328 143.38910205
 153.44661081 163.50411958 173.56162834 183.61913711 193.67664587
 203.73415464 213.7916634  223.84917217 233.90668094 243.9641897
 254.02169847 264.07920723 274.136716   284.19422476 294.25173353
 304.30924229 314.36675106 324.42425982 334.48176859 344.53927736
 354.59678612 364.65429489 374.71180365 384.76931242 394.82682118
 404.88432995 414.94183871 424.99934748 435.05685625 445.11436501
 455.17187378 465.22938254 475.28689131 485.34440007 495.40190884
 505.4594176  515.51692637 525.57443514 535.6319439  545.68945267
 555.74696143 565.8044702  575.86197896 585.91948773 595.97699649
 606.03450526 616.09201402 626.14952279 636.20703156 646.26454032
 656.32204909 666.37955785 676.43706662 686.49457538 696.55208415
 706.60959291 716.66710168 726.72461045 736.78211921 746.83962798
 756.89713674 766.95464551 777.01215427 787.06966304 797.1271718
 807.18468057 817.24218934 827.2996981  837.35720687 847.41471563
 857.4722244  867.52973316 877.58724193 887.64475069 897.70225946
 907.75976822 917.81727699 927.87478576 937.93229452 947.98980329
 958.04731205 968.10482082 978.16232958 988.21983835 998.27734711]
d_y_fitting=[1.11111111 0.92875261 0.78193922 0.66843144 0.5859898  0.53237482
 0.50534701 0.50266689 0.52209498 0.5613918  0.61831786 0.69063368
 0.77609978 0.87247667 0.97752488 1.08900492 1.20467731 1.32230256
 1.4396412  1.55445374 1.6645007  1.76768299 1.86333446 1.95162682
 2.03274231 2.10686318 2.1741717  2.23485012 2.28908068 2.33704564
 2.37892726 2.41490778 2.44516947 2.46989457 2.48926533 2.50346401
 2.51267287 2.51707415 2.51685011 2.512183   2.50325508 2.49024859
 2.4733458  2.45272895 2.42858029 2.40108209 2.37041659 2.33676604
 2.3003127  2.26123883 2.21972667 2.17595848 2.13011651 2.08238302
 2.03294025 1.98197046 1.92965591 1.87617885 1.82172152 1.76646619
 1.7105951  1.65429051 1.59773467 1.54110984 1.48459827 1.4283822
 1.37264391 1.31756562 1.26332961 1.21011813 1.15811342 1.10749773
 1.05845333 1.01116247 0.9658074  0.92257036 0.88163363 0.84317944
 0.80739005 0.77444771 0.74453468 0.71783321 0.69452556 0.67479397
 0.6588207  0.646788   0.63887813 0.63527334 0.63615588 0.641708
 0.65211196 0.66755001 0.6882044  0.71425739 0.74589124 0.78328818
 0.82663048 0.87610039 0.93188016 0.99415205]