
p_x=[0.8613264427217916, 113.69509043927648, 133.50559862187768, 249.78466838931956, 259.25925925925924, 296.2962962962963, 355.72782084409994, 426.3565891472868, 521.102497846684, 559.0008613264428, 658.0534022394487, 671.8346253229975, 732.1274763135228, 783.8070628768303, 917.312661498708, 996.5546942291128]
p_y=[1.4117647058823533, 1.5294117647058822, 0.9411764705882355, 1.4117647058823533, 3.0588235294117645, 3.5294117647058822, 4.23529411764706, 1.6470588235294112, 2.235294117647059, 1.6470588235294112, 1.0588235294117645, 3.88235294117647, 4.23529411764706, 3.647058823529412, 4.0, 3.5294117647058822]
a_x=[0.8613264427217916, 114.55641688199827, 127.47631352282515, 239.44875107665806, 283.3763996554694, 360.03445305770884, 438.4151593453919, 565.0301464254953, 595.176571920758, 660.637381567614, 783.8070628768303, 997.4160206718346]
a_y=[-2.0467836257309955, -2.0467836257309955, -2.7485380116959064, -2.7485380116959064, -3.450292397660819, -2.9824561403508767, -2.280701754385966, -3.2163742690058488, -2.6315789473684212, -2.280701754385966, -2.514619883040936, -1.8128654970760234]
d_x=[0.8613264427217916, 109.38845822566753, 121.44702842377261, 236.8647717484927, 282.51507321274767, 361.75710594315245, 430.6632213608958, 435.83118001722653, 439.2764857881137, 446.167097329888, 472.0068906115418, 505.59862187769164, 561.5848406546081, 592.5925925925926, 652.885443583118, 726.959517657192, 787.2523686477175, 998.2773471145564]
d_y=[1.2280701754385976, 1.461988304093568, 0.7602339181286553, 0.9941520467836256, 0.526315789473685, 0.9941520467836256, 1.2280701754385976, 1.3450292397660828, 1.8128654970760234, 1.461988304093568, 3.8011695906432754, 4.970760233918129, 5.43859649122807, 2.0467836257309946, 3.6842105263157894, 2.6315789473684212, 2.280701754385966, 1.9298245614035086]
p_x_fitting=[8.61326443e-01 1.09188352e+01 2.09763440e+01 3.10338527e+01
 4.10913615e+01 5.11488703e+01 6.12063790e+01 7.12638878e+01
 8.13213966e+01 9.13789053e+01 1.01436414e+02 1.11493923e+02
 1.21551432e+02 1.31608940e+02 1.41666449e+02 1.51723958e+02
 1.61781467e+02 1.71838975e+02 1.81896484e+02 1.91953993e+02
 2.02011502e+02 2.12069011e+02 2.22126519e+02 2.32184028e+02
 2.42241537e+02 2.52299046e+02 2.62356554e+02 2.72414063e+02
 2.82471572e+02 2.92529081e+02 3.02586589e+02 3.12644098e+02
 3.22701607e+02 3.32759116e+02 3.42816624e+02 3.52874133e+02
 3.62931642e+02 3.72989151e+02 3.83046660e+02 3.93104168e+02
 4.03161677e+02 4.13219186e+02 4.23276695e+02 4.33334203e+02
 4.43391712e+02 4.53449221e+02 4.63506730e+02 4.73564238e+02
 4.83621747e+02 4.93679256e+02 5.03736765e+02 5.13794273e+02
 5.23851782e+02 5.33909291e+02 5.43966800e+02 5.54024309e+02
 5.64081817e+02 5.74139326e+02 5.84196835e+02 5.94254344e+02
 6.04311852e+02 6.14369361e+02 6.24426870e+02 6.34484379e+02
 6.44541887e+02 6.54599396e+02 6.64656905e+02 6.74714414e+02
 6.84771922e+02 6.94829431e+02 7.04886940e+02 7.14944449e+02
 7.25001958e+02 7.35059466e+02 7.45116975e+02 7.55174484e+02
 7.65231993e+02 7.75289501e+02 7.85347010e+02 7.95404519e+02
 8.05462028e+02 8.15519536e+02 8.25577045e+02 8.35634554e+02
 8.45692063e+02 8.55749572e+02 8.65807080e+02 8.75864589e+02
 8.85922098e+02 8.95979607e+02 9.06037115e+02 9.16094624e+02
 9.26152133e+02 9.36209642e+02 9.46267150e+02 9.56324659e+02
 9.66382168e+02 9.76439677e+02 9.86497185e+02 9.96554694e+02]
p_y_fitting=[ 1.41176471e+00  1.28107371e+00  1.23436814e+00  1.25330906e+00
  1.31955757e+00  1.41477474e+00  1.52062164e+00  1.61875937e+00
  1.69084899e+00  1.71855159e+00  1.68352825e+00  1.56744004e+00
  1.35194806e+00  1.01871336e+00  5.56112079e-01  3.68610265e-04
 -5.91524120e-01 -1.16248889e+00 -1.65544849e+00 -2.01332568e+00
 -2.17904327e+00 -2.09552401e+00 -1.70569071e+00 -9.52466130e-01
  2.21226940e-01  1.86749512e+00  3.44803067e+00  4.05724456e+00
  3.98397131e+00  3.64219581e+00  3.42542130e+00  3.44955213e+00
  3.63066028e+00  3.88041819e+00  4.11049824e+00  4.23257287e+00
  4.16692395e+00  3.91783893e+00  3.53703094e+00  3.07674830e+00
  2.58923933e+00  2.12675235e+00  1.74153568e+00  1.48166579e+00
  1.35119873e+00  1.32778126e+00  1.38870136e+00  1.51124702e+00
  1.67270622e+00  1.85036695e+00  2.02151719e+00  2.16344493e+00
  2.25336704e+00  2.26159771e+00  2.14587445e+00  1.86259919e+00
  1.37120791e+00  6.99247530e-01 -5.85400491e-02 -8.04562125e-01
 -1.44122599e+00 -1.87093894e+00 -1.99610826e+00 -1.71914126e+00
 -9.42445211e-01  4.31572581e-01  2.43739903e+00  4.35400884e+00
  5.44354629e+00  5.81680327e+00  5.67169017e+00  5.20611740e+00
  4.61799536e+00  4.10424087e+00  3.77934836e+00  3.61486377e+00
  3.56807139e+00  3.59625552e+00  3.65672580e+00  3.71751169e+00
  3.77395637e+00  3.82568978e+00  3.87234188e+00  3.91354262e+00
  3.94892195e+00  3.97810983e+00  4.00073622e+00  4.01643106e+00
  4.02482431e+00  4.02554592e+00  4.01822585e+00  4.00249405e+00
  3.97798047e+00  3.94431506e+00  3.90112779e+00  3.84804861e+00
  3.78470746e+00  3.71073430e+00  3.62575908e+00  3.52941176e+00]
a_x_fitting=[8.61326443e-01 1.09275355e+01 2.09937445e+01 3.10599535e+01
 4.11261626e+01 5.11923716e+01 6.12585806e+01 7.13247897e+01
 8.13909987e+01 9.14572077e+01 1.01523417e+02 1.11589626e+02
 1.21655835e+02 1.31722044e+02 1.41788253e+02 1.51854462e+02
 1.61920671e+02 1.71986880e+02 1.82053089e+02 1.92119298e+02
 2.02185507e+02 2.12251716e+02 2.22317925e+02 2.32384134e+02
 2.42450343e+02 2.52516552e+02 2.62582761e+02 2.72648970e+02
 2.82715179e+02 2.92781388e+02 3.02847597e+02 3.12913806e+02
 3.22980015e+02 3.33046225e+02 3.43112434e+02 3.53178643e+02
 3.63244852e+02 3.73311061e+02 3.83377270e+02 3.93443479e+02
 4.03509688e+02 4.13575897e+02 4.23642106e+02 4.33708315e+02
 4.43774524e+02 4.53840733e+02 4.63906942e+02 4.73973151e+02
 4.84039360e+02 4.94105569e+02 5.04171778e+02 5.14237987e+02
 5.24304196e+02 5.34370405e+02 5.44436614e+02 5.54502823e+02
 5.64569032e+02 5.74635241e+02 5.84701450e+02 5.94767659e+02
 6.04833868e+02 6.14900077e+02 6.24966286e+02 6.35032495e+02
 6.45098705e+02 6.55164914e+02 6.65231123e+02 6.75297332e+02
 6.85363541e+02 6.95429750e+02 7.05495959e+02 7.15562168e+02
 7.25628377e+02 7.35694586e+02 7.45760795e+02 7.55827004e+02
 7.65893213e+02 7.75959422e+02 7.86025631e+02 7.96091840e+02
 8.06158049e+02 8.16224258e+02 8.26290467e+02 8.36356676e+02
 8.46422885e+02 8.56489094e+02 8.66555303e+02 8.76621512e+02
 8.86687721e+02 8.96753930e+02 9.06820139e+02 9.16886348e+02
 9.26952557e+02 9.37018766e+02 9.47084976e+02 9.57151185e+02
 9.67217394e+02 9.77283603e+02 9.87349812e+02 9.97416021e+02]
a_y_fitting=[-2.04678363 -0.47909776  0.60932344  1.27486798  1.57392389  1.56287917
  1.29812185  0.83603993  0.23302144 -0.45454561 -1.1702732  -1.85777332
 -2.46065795 -2.92355641 -3.22599571 -3.39031553 -3.44147657 -3.40443957
 -3.30416523 -3.16561429 -3.01374747 -2.87352547 -2.76990903 -2.72785887
 -2.77204423 -2.90424801 -3.08726872 -3.28010459 -3.44175384 -3.53814021
 -3.56894    -3.5440968  -3.47355664 -3.36726551 -3.23516942 -3.08721439
 -2.93332517 -2.7820095  -2.63949232 -2.51179178 -2.40492601 -2.32491315
 -2.27777134 -2.26951872 -2.30577347 -2.38421703 -2.4952377  -2.62895289
 -2.77547998 -2.92493638 -3.06743947 -3.19310666 -3.29205532 -3.35440286
 -3.37026666 -3.32976413 -3.22301266 -3.0479611  -2.83850491 -2.6388469
 -2.48548283 -2.38007699 -2.3144594  -2.2804595  -2.26990672 -2.2746305
 -2.28658367 -2.30123626 -2.31799989 -2.33649482 -2.3563413  -2.37715959
 -2.39856995 -2.42019263 -2.44164788 -2.46255597 -2.48253715 -2.50121167
 -2.51819979 -2.53312177 -2.54559786 -2.55524832 -2.56169341 -2.56455338
 -2.56344848 -2.55799898 -2.54782512 -2.53254717 -2.51178538 -2.48516001
 -2.45229131 -2.41279954 -2.36630495 -2.3124278  -2.25078835 -2.18100685
 -2.10270356 -2.01549873 -1.91901263 -1.8128655 ]
d_x_fitting=[8.61326443e-01 1.09362357e+01 2.10111450e+01 3.10860543e+01
 4.11609636e+01 5.12358729e+01 6.13107822e+01 7.13856915e+01
 8.14606008e+01 9.15355101e+01 1.01610419e+02 1.11685329e+02
 1.21760238e+02 1.31835147e+02 1.41910057e+02 1.51984966e+02
 1.62059875e+02 1.72134785e+02 1.82209694e+02 1.92284603e+02
 2.02359512e+02 2.12434422e+02 2.22509331e+02 2.32584240e+02
 2.42659150e+02 2.52734059e+02 2.62808968e+02 2.72883878e+02
 2.82958787e+02 2.93033696e+02 3.03108605e+02 3.13183515e+02
 3.23258424e+02 3.33333333e+02 3.43408243e+02 3.53483152e+02
 3.63558061e+02 3.73632971e+02 3.83707880e+02 3.93782789e+02
 4.03857698e+02 4.13932608e+02 4.24007517e+02 4.34082426e+02
 4.44157336e+02 4.54232245e+02 4.64307154e+02 4.74382064e+02
 4.84456973e+02 4.94531882e+02 5.04606791e+02 5.14681701e+02
 5.24756610e+02 5.34831519e+02 5.44906429e+02 5.54981338e+02
 5.65056247e+02 5.75131157e+02 5.85206066e+02 5.95280975e+02
 6.05355884e+02 6.15430794e+02 6.25505703e+02 6.35580612e+02
 6.45655522e+02 6.55730431e+02 6.65805340e+02 6.75880250e+02
 6.85955159e+02 6.96030068e+02 7.06104977e+02 7.16179887e+02
 7.26254796e+02 7.36329705e+02 7.46404615e+02 7.56479524e+02
 7.66554433e+02 7.76629343e+02 7.86704252e+02 7.96779161e+02
 8.06854070e+02 8.16928980e+02 8.27003889e+02 8.37078798e+02
 8.47153708e+02 8.57228617e+02 8.67303526e+02 8.77378436e+02
 8.87453345e+02 8.97528254e+02 9.07603163e+02 9.17678073e+02
 9.27752982e+02 9.37827891e+02 9.47902801e+02 9.57977710e+02
 9.68052619e+02 9.78127529e+02 9.88202438e+02 9.98277347e+02]
d_y_fitting=[ 1.22807018  2.90275479  4.04983591  4.73405241  5.02014319  4.97284714
  4.65690314  4.13705008  3.47802685  2.74457235  2.00142546  1.31332507
  0.74500962  0.3449442   0.10229077 -0.00729356 -0.0081517   0.07537345
  0.21893901  0.39820205  0.58881969  0.76644902  0.90674714  0.98537115
  0.97980748  0.89780402  0.77197631  0.63567736  0.52225962  0.45760027
  0.44136886  0.46749479  0.52990746  0.62253628  0.73931067  0.87416001
  1.02100247  1.17057476  1.30607775  1.40962119  1.46331484  1.44926847
  1.34959183  1.21757246  1.64781489  1.50232159  2.72861189  4.05766973
  4.70161882  4.88558862  4.95672824  5.20040165  5.56937162  5.90497359
  6.04846256  5.84109354  5.12799399  3.96891075  2.74643864  1.86805237
  1.55828318  1.70236687  2.14870136  2.74568455  3.34171435  3.785933
  3.99421808  4.00109098  3.85328927  3.59755051  3.28061228  2.94921213
  2.65008765  2.42274218  2.27096467  2.18754201  2.16525806  2.19689663
  2.27524157  2.39307671  2.54318588  2.71835291  2.91136164  3.1149959
  3.32203953  3.52527636  3.71749022  3.89146494  4.03998437  4.15583233
  4.23179265  4.26064917  4.23518573  4.14818615  3.99243427  3.76071393
  3.44580895  3.04050318  2.53758044  1.92982456]