
p_x=[0.8613264427217916, 110.24978466838932, 213.6089577950043, 313.52282515073216, 448.7510766580534, 552.1102497846684, 757.9672695951766, 783.8070628768303, 920.7579672695952, 996.5546942291128]
p_y=[1.764705882352942, 2.235294117647059, 4.0, 5.764705882352941, 3.764705882352941, 5.411764705882353, 4.23529411764706, 6.0, 5.882352941176471, 5.294117647058823]
a_x=[3.4453057708871664, 101.63652024117141, 212.7476313522825, 312.66149870801036, 448.7510766580534, 547.8036175710595, 995.693367786391]
a_y=[-3.099415204678362, -2.397660818713449, -1.3450292397660828, -1.2280701754385959, -0.5263157894736832, 0.058479532163742576, 0.4093567251461998]
d_x=[0.8613264427217916, 119.72437553832903, 223.083548664944, 318.69078380706287, 450.473729543497, 557.2782084409992, 686.4771748492678, 785.5297157622739, 803.6175710594315, 906.1154177433248, 998.2773471145564]
d_y=[1.578947368421053, 1.6959064327485383, 4.152046783625732, 6.842105263157895, 3.450292397660819, 6.7251461988304095, 4.970760233918129, 3.0994152046783627, 6.023391812865498, 7.6608187134502925, 7.309941520467836]
p_x_fitting=[8.61326443e-01 1.09188352e+01 2.09763440e+01 3.10338527e+01
 4.10913615e+01 5.11488703e+01 6.12063790e+01 7.12638878e+01
 8.13213966e+01 9.13789053e+01 1.01436414e+02 1.11493923e+02
 1.21551432e+02 1.31608940e+02 1.41666449e+02 1.51723958e+02
 1.61781467e+02 1.71838975e+02 1.81896484e+02 1.91953993e+02
 2.02011502e+02 2.12069011e+02 2.22126519e+02 2.32184028e+02
 2.42241537e+02 2.52299046e+02 2.62356554e+02 2.72414063e+02
 2.82471572e+02 2.92529081e+02 3.02586589e+02 3.12644098e+02
 3.22701607e+02 3.32759116e+02 3.42816624e+02 3.52874133e+02
 3.62931642e+02 3.72989151e+02 3.83046660e+02 3.93104168e+02
 4.03161677e+02 4.13219186e+02 4.23276695e+02 4.33334203e+02
 4.43391712e+02 4.53449221e+02 4.63506730e+02 4.73564238e+02
 4.83621747e+02 4.93679256e+02 5.03736765e+02 5.13794273e+02
 5.23851782e+02 5.33909291e+02 5.43966800e+02 5.54024309e+02
 5.64081817e+02 5.74139326e+02 5.84196835e+02 5.94254344e+02
 6.04311852e+02 6.14369361e+02 6.24426870e+02 6.34484379e+02
 6.44541887e+02 6.54599396e+02 6.64656905e+02 6.74714414e+02
 6.84771922e+02 6.94829431e+02 7.04886940e+02 7.14944449e+02
 7.25001958e+02 7.35059466e+02 7.45116975e+02 7.55174484e+02
 7.65231993e+02 7.75289501e+02 7.85347010e+02 7.95404519e+02
 8.05462028e+02 8.15519536e+02 8.25577045e+02 8.35634554e+02
 8.45692063e+02 8.55749572e+02 8.65807080e+02 8.75864589e+02
 8.85922098e+02 8.95979607e+02 9.06037115e+02 9.16094624e+02
 9.26152133e+02 9.36209642e+02 9.46267150e+02 9.56324659e+02
 9.66382168e+02 9.76439677e+02 9.86497185e+02 9.96554694e+02]
p_y_fitting=[1.76470588 1.75433403 1.75425948 1.76467316 1.78576599 1.8177289
 1.8607528  1.91502863 1.9807473  2.05809974 2.14727688 2.24846962
 2.36186891 2.48766566 2.6260508  2.77721525 2.94134993 3.11864577
 3.30929368 3.5134846  3.73140945 3.96325915 4.20838266 4.46076428
 4.71228282 4.95481214 5.18022608 5.38039848 5.5472032  5.67251407
 5.74820495 5.76614968 5.72058988 5.61809074 5.46921401 5.28452351
 5.07458308 4.84995655 4.62120774 4.39890049 4.19359863 4.01586598
 3.87626638 3.78536365 3.75372163 3.79146634 3.89691172 4.05550155
 4.25202979 4.47129036 4.69807722 4.91718429 5.11340551 5.27153483
 5.37636617 5.41272341 5.37263194 5.26462808 5.09955253 4.88824601
 4.64154922 4.37030287 4.08534766 3.7975243  3.5176735  3.25663596
 3.0252524  2.83436351 2.69481001 2.6174326  2.61307198 2.69256888
 2.86676398 3.14649801 3.54261166 4.06594564 4.71959928 5.4326897
 6.0933228  6.62070434 7.01440184 7.28659532 7.4494648  7.51519032
 7.49595189 7.40392953 7.25130327 7.05025314 6.81295915 6.55160133
 6.27835971 6.0054143  5.74494513 5.50913223 5.31015561 5.1601953
 5.07143133 5.05604371 5.12621248 5.29411765]
a_x_fitting=[  3.44530577  13.46801347  23.49072117  33.51342886  43.53613656
  53.55884426  63.58155195  73.60425965  83.62696735  93.64967505
 103.67238274 113.69509044 123.71779814 133.74050583 143.76321353
 153.78592123 163.80862892 173.83133662 183.85404432 193.87675202
 203.89945971 213.92216741 223.94487511 233.9675828  243.9902905
 254.0129982  264.0357059  274.05841359 284.08112129 294.10382899
 304.12653668 314.14924438 324.17195208 334.19465978 344.21736747
 354.24007517 364.26278287 374.28549056 384.30819826 394.33090596
 404.35361366 414.37632135 424.39902905 434.42173675 444.44444444
 454.46715214 464.48985984 474.51256754 484.53527523 494.55798293
 504.58069063 514.60339832 524.62610602 534.64881372 544.67152142
 554.69422911 564.71693681 574.73964451 584.7623522  594.7850599
 604.8077676  614.8304753  624.85318299 634.87589069 644.89859839
 654.92130608 664.94401378 674.96672148 684.98942918 695.01213687
 705.03484457 715.05755227 725.08025996 735.10296766 745.12567536
 755.14838306 765.17109075 775.19379845 785.21650615 795.23921384
 805.26192154 815.28462924 825.30733694 835.33004463 845.35275233
 855.37546003 865.39816772 875.42087542 885.44358312 895.46629082
 905.48899851 915.51170621 925.53441391 935.5571216  945.5798293
 955.602537   965.6252447  975.64795239 985.67066009 995.69336779]
a_y_fitting=[-3.0994152  -3.08378208 -3.05130122 -3.00355656 -2.942132   -2.86861149
 -2.78457893 -2.69161826 -2.5913134  -2.48524827 -2.3750068  -2.2621729
 -2.14833051 -2.03506355 -1.92395594 -1.8165916  -1.71455446 -1.61942844
 -1.53279746 -1.45624546 -1.39135635 -1.339713   -1.30199404 -1.27632252
 -1.26037327 -1.25182108 -1.24834077 -1.24760715 -1.24729503 -1.24507921
 -1.23863451 -1.2256374  -1.20452555 -1.17570237 -1.1398843  -1.09778777
 -1.05012922 -0.99762509 -0.94099182 -0.88094584 -0.81820361 -0.75348155
 -0.6874961  -0.62096371 -0.55460081 -0.48910268 -0.42480751 -0.36175635
 -0.29998116 -0.23951395 -0.18038668 -0.12263134 -0.06627992 -0.0113644
  0.04208323  0.094031    0.14444692  0.19329901  0.24055528  0.28618375
  0.33015243  0.37242935  0.41298252  0.45177996  0.48878967  0.52397969
  0.55731802  0.58877269  0.6183117   0.64590308  0.67151484  0.695115
  0.71667158  0.73615259  0.75352605  0.76875997  0.78182237  0.79268127
  0.80130469  0.80766064  0.81171713  0.81344219  0.81280383  0.80977007
  0.80430893  0.79638841  0.78597654  0.77304134  0.75755082  0.73947299
  0.71877588  0.6954275   0.66939586  0.64064899  0.6091549   0.5748816
  0.53779712  0.49786947  0.45506667  0.40935673]
d_x_fitting=[8.61326443e-01 1.09362357e+01 2.10111450e+01 3.10860543e+01
 4.11609636e+01 5.12358729e+01 6.13107822e+01 7.13856915e+01
 8.14606008e+01 9.15355101e+01 1.01610419e+02 1.11685329e+02
 1.21760238e+02 1.31835147e+02 1.41910057e+02 1.51984966e+02
 1.62059875e+02 1.72134785e+02 1.82209694e+02 1.92284603e+02
 2.02359512e+02 2.12434422e+02 2.22509331e+02 2.32584240e+02
 2.42659150e+02 2.52734059e+02 2.62808968e+02 2.72883878e+02
 2.82958787e+02 2.93033696e+02 3.03108605e+02 3.13183515e+02
 3.23258424e+02 3.33333333e+02 3.43408243e+02 3.53483152e+02
 3.63558061e+02 3.73632971e+02 3.83707880e+02 3.93782789e+02
 4.03857698e+02 4.13932608e+02 4.24007517e+02 4.34082426e+02
 4.44157336e+02 4.54232245e+02 4.64307154e+02 4.74382064e+02
 4.84456973e+02 4.94531882e+02 5.04606791e+02 5.14681701e+02
 5.24756610e+02 5.34831519e+02 5.44906429e+02 5.54981338e+02
 5.65056247e+02 5.75131157e+02 5.85206066e+02 5.95280975e+02
 6.05355884e+02 6.15430794e+02 6.25505703e+02 6.35580612e+02
 6.45655522e+02 6.55730431e+02 6.65805340e+02 6.75880250e+02
 6.85955159e+02 6.96030068e+02 7.06104977e+02 7.16179887e+02
 7.26254796e+02 7.36329705e+02 7.46404615e+02 7.56479524e+02
 7.66554433e+02 7.76629343e+02 7.86704252e+02 7.96779161e+02
 8.06854070e+02 8.16928980e+02 8.27003889e+02 8.37078798e+02
 8.47153708e+02 8.57228617e+02 8.67303526e+02 8.77378436e+02
 8.87453345e+02 8.97528254e+02 9.07603163e+02 9.17678073e+02
 9.27752982e+02 9.37827891e+02 9.47902801e+02 9.57977710e+02
 9.68052619e+02 9.78127529e+02 9.88202438e+02 9.98277347e+02]
d_y_fitting=[1.57894737 1.50150036 1.43808063 1.38934762 1.35596076 1.33857949
 1.33786325 1.35447147 1.38906358 1.44229902 1.51483722 1.60733762
 1.72045966 1.85486277 2.01120637 2.19014992 2.39235285 2.61847458
 2.86917456 3.14511221 3.44694698 3.7753383  4.1309456  4.51228758
 4.9077199  5.30258546 5.68222667 6.03198595 6.3372057  6.58322834
 6.75539628 6.83905194 6.82003329 6.69852197 6.49089996 6.21441786
 5.88632628 5.52387584 5.14431715 4.76490081 4.40287744 4.07549765
 3.80001205 3.59367125 3.47372585 3.45714085 3.54778257 3.73124841
 3.99178008 4.31361928 4.6810077  5.07818704 5.48939901 5.8988853
 6.29088762 6.64964765 6.96026617 7.21479587 7.40865805 7.5372961
 7.59615343 7.58067344 7.48629953 7.3084751  7.04264356 6.68424831
 6.22873275 5.67154029 5.00811432 4.24406385 3.43251004 2.64044353
 1.93485663 1.38274163 1.05109084 1.00689655 1.31715106 2.04884669
 3.26881778 4.90576468 6.50046935 7.73160719 8.60864066 9.17075418
 9.45713216 9.50695902 9.35941918 9.05369706 8.62897708 8.12444365
 7.57928118 7.03267411 6.52380683 6.09186378 5.77602937 5.61548802
 5.64942414 5.91702215 6.45746647 7.30994152]