
p_x=[0.0, 264.42721791559, 537.4677002583979, 997.4160206718346]
p_y=[3.5294117647058822, 3.88235294117647, 4.0, 4.9411764705882355]
a_x=[3.4453057708871664, 272.17915590008613, 552.1102497846684, 996.5546942291128]
a_y=[-2.280701754385966, -2.280701754385966, -2.514619883040936, -1.8128654970760234]
d_x=[0.0, 338.5012919896641, 560.7235142118863, 997.4160206718346]
d_y=[4.035087719298246, 3.6842105263157894, 3.6842105263157894, 4.035087719298246]
p_x_fitting=[  0.          10.0749093   20.1498186   30.2247279   40.2996372
  50.3745465   60.4494558   70.5243651   80.5992744   90.6741837
 100.749093   110.8240023  120.8989116  130.9738209  141.0487302
 151.1236395  161.1985488  171.2734581  181.34836739 191.42327669
 201.49818599 211.57309529 221.64800459 231.72291389 241.79782319
 251.87273249 261.94764179 272.02255109 282.09746039 292.17236969
 302.24727899 312.32218829 322.39709759 332.47200689 342.54691619
 352.62182549 362.69673479 372.77164409 382.84655339 392.92146269
 402.99637199 413.07128129 423.14619059 433.22109989 443.29600919
 453.37091849 463.44582779 473.52073709 483.59564639 493.67055569
 503.74546499 513.82037429 523.89528359 533.97019288 544.04510218
 554.12001148 564.19492078 574.26983008 584.34473938 594.41964868
 604.49455798 614.56946728 624.64437658 634.71928588 644.79419518
 654.86910448 664.94401378 675.01892308 685.09383238 695.16874168
 705.24365098 715.31856028 725.39346958 735.46837888 745.54328818
 755.61819748 765.69310678 775.76801608 785.84292538 795.91783468
 805.99274398 816.06765328 826.14256258 836.21747188 846.29238118
 856.36729048 866.44219978 876.51710908 886.59201837 896.66692767
 906.74183697 916.81674627 926.89165557 936.96656487 947.04147417
 957.11638347 967.19129277 977.26620207 987.34111137 997.41602067]
p_y_fitting=[3.52941176 3.55243347 3.57450352 3.59564581 3.61588423 3.6352427
 3.65374512 3.67141539 3.68827741 3.70435509 3.71967232 3.73425302
 3.74812108 3.76130041 3.77381491 3.78568848 3.79694503 3.80760845
 3.81770266 3.82725155 3.83627903 3.844809   3.85286536 3.86047202
 3.86765287 3.87443183 3.88083279 3.88687966 3.89259634 3.89800673
 3.90313474 3.90800427 3.91263921 3.91706348 3.92130098 3.92537561
 3.92931127 3.93313187 3.9368613  3.94052348 3.9441423  3.94774167
 3.95134549 3.95497766 3.95866208 3.96242267 3.96628331 3.97026792
 3.9744004  3.97870465 3.98320456 3.98792406 3.99288703 3.99811739
 4.00363902 4.00947585 4.01565176 4.02219067 4.02911647 4.03645308
 4.04422438 4.05245429 4.0611667  4.07038552 4.08013466 4.09043801
 4.10131948 4.11280297 4.12491238 4.13767162 4.1511046  4.1652352
 4.18008734 4.19568491 4.21205183 4.22921199 4.2471893  4.26600766
 4.28569097 4.30626314 4.32774806 4.35016965 4.3735518  4.39791841
 4.4232934  4.44970066 4.47716409 4.5057076  4.5353551  4.56613047
 4.59805763 4.63116049 4.66546293 4.70098887 4.73776221 4.77580685
 4.81514669 4.85580564 4.8978076  4.94117647]
a_x_fitting=[  3.44530577  13.47671374  23.5081217   33.53952966  43.57093763
  53.60234559  63.63375356  73.66516152  83.69656948  93.72797745
 103.75938541 113.79079338 123.82220134 133.85360931 143.88501727
 153.91642523 163.9478332  173.97924116 184.01064913 194.04205709
 204.07346506 214.10487302 224.13628098 234.16768895 244.19909691
 254.23050488 264.26191284 274.2933208  284.32472877 294.35613673
 304.3875447  314.41895266 324.45036063 334.48176859 344.51317655
 354.54458452 364.57599248 374.60740045 384.63880841 394.67021638
 404.70162434 414.7330323  424.76444027 434.79584823 444.8272562
 454.85866416 464.89007213 474.92148009 484.95288805 494.98429602
 505.01570398 515.04711195 525.07851991 535.10992787 545.14133584
 555.1727438  565.20415177 575.23555973 585.2669677  595.29837566
 605.32978362 615.36119159 625.39259955 635.42400752 645.45541548
 655.48682345 665.51823141 675.54963937 685.58104734 695.6124553
 705.64386327 715.67527123 725.7066792  735.73808716 745.76949512
 755.80090309 765.83231105 775.86371902 785.89512698 795.92653494
 805.95794291 815.98935087 826.02075884 836.0521668  846.08357477
 856.11498273 866.14639069 876.17779866 886.20920662 896.24061459
 906.27202255 916.30343052 926.33483848 936.36624644 946.39765441
 956.42906237 966.46047034 976.4918783  986.52328626 996.55469423]
a_y_fitting=[-2.28070175 -2.26991383 -2.26020726 -2.25155243 -2.24391971 -2.2372795
 -2.23160217 -2.22685811 -2.22301769 -2.22005131 -2.21792934 -2.21662217
 -2.21610018 -2.21633374 -2.21729325 -2.21894909 -2.22127163 -2.22423127
 -2.22779838 -2.23194335 -2.23663655 -2.24184838 -2.2475492  -2.25370942
 -2.2602994  -2.26728953 -2.2746502  -2.28235178 -2.29036466 -2.29865922
 -2.30720585 -2.31597492 -2.32493682 -2.33406192 -2.34332063 -2.3526833
 -2.36212034 -2.37160211 -2.38109901 -2.39058142 -2.40001971 -2.40938427
 -2.41864548 -2.42777373 -2.4367394  -2.44551287 -2.45406452 -2.46236474
 -2.4703839  -2.47809239 -2.4854606  -2.4924589  -2.49905768 -2.50522731
 -2.5109382  -2.5161607  -2.52086521 -2.52502212 -2.52860179 -2.53157462
 -2.53391099 -2.53558128 -2.53655587 -2.53680514 -2.53629948 -2.53500927
 -2.53290489 -2.52995673 -2.52613516 -2.52141058 -2.51575335 -2.50913387
 -2.50152252 -2.49288968 -2.48320572 -2.47244105 -2.46056603 -2.44755104
 -2.43336648 -2.41798273 -2.40137016 -2.38349916 -2.36434011 -2.3438634
 -2.3220394  -2.2988385  -2.27423108 -2.24818753 -2.22067822 -2.19167354
 -2.16114388 -2.12905961 -2.09539111 -2.06010877 -2.02318297 -1.9845841
 -1.94428254 -1.90224866 -1.85845285 -1.8128655 ]
d_x_fitting=[  0.          10.0749093   20.1498186   30.2247279   40.2996372
  50.3745465   60.4494558   70.5243651   80.5992744   90.6741837
 100.749093   110.8240023  120.8989116  130.9738209  141.0487302
 151.1236395  161.1985488  171.2734581  181.34836739 191.42327669
 201.49818599 211.57309529 221.64800459 231.72291389 241.79782319
 251.87273249 261.94764179 272.02255109 282.09746039 292.17236969
 302.24727899 312.32218829 322.39709759 332.47200689 342.54691619
 352.62182549 362.69673479 372.77164409 382.84655339 392.92146269
 402.99637199 413.07128129 423.14619059 433.22109989 443.29600919
 453.37091849 463.44582779 473.52073709 483.59564639 493.67055569
 503.74546499 513.82037429 523.89528359 533.97019288 544.04510218
 554.12001148 564.19492078 574.26983008 584.34473938 594.41964868
 604.49455798 614.56946728 624.64437658 634.71928588 644.79419518
 654.86910448 664.94401378 675.01892308 685.09383238 695.16874168
 705.24365098 715.31856028 725.39346958 735.46837888 745.54328818
 755.61819748 765.69310678 775.76801608 785.84292538 795.91783468
 805.99274398 816.06765328 826.14256258 836.21747188 846.29238118
 856.36729048 866.44219978 876.51710908 886.59201837 896.66692767
 906.74183697 916.81674627 926.89165557 936.96656487 947.04147417
 957.11638347 967.19129277 977.26620207 987.34111137 997.41602067]
d_y_fitting=[4.03508772 4.01737826 4.00015537 3.98341518 3.96715382 3.95136741
 3.93605209 3.92120399 3.90681924 3.89289396 3.87942428 3.86640634
 3.85383626 3.84171017 3.8300242  3.81877449 3.80795716 3.79756833
 3.78760414 3.77806073 3.76893421 3.76022071 3.75191637 3.74401732
 3.73651968 3.72941959 3.72271317 3.71639655 3.71046587 3.70491724
 3.69974681 3.69495069 3.69052503 3.68646594 3.68276956 3.67943202
 3.67644945 3.67381797 3.67153371 3.66959281 3.66799139 3.66672559
 3.66579153 3.66518534 3.66490315 3.66494109 3.66529529 3.66596188
 3.66693699 3.66821674 3.66979728 3.67167471 3.67384519 3.67630482
 3.67904976 3.68207611 3.68538002 3.68895761 3.69280501 3.69691835
 3.70129376 3.70592737 3.71081531 3.71595371 3.72133869 3.72696639
 3.73283294 3.73893446 3.74526708 3.75182694 3.75861016 3.76561288
 3.77283121 3.7802613  3.78789927 3.79574124 3.80378336 3.81202174
 3.82045252 3.82907183 3.83787579 3.84686054 3.8560222  3.86535691
 3.87486079 3.88452997 3.89436059 3.90434876 3.91449063 3.92478232
 3.93521995 3.94579967 3.95651759 3.96736985 3.97835257 3.98946189
 4.00069394 4.01204484 4.02351072 4.03508772]