
p_x=[0.0, 54.263565891472865, 161.92937123169682, 225.6675279931094, 273.04048234280793, 288.5443583118002, 347.114556416882, 428.0792420327304, 536.6063738156761, 583.9793281653747, 689.0611541774333, 884.58225667528, 1000.0]
p_y=[1.4117647058823533, 2.0, 2.3529411764705888, 2.235294117647059, 1.882352941176471, 3.647058823529412, 4.588235294117648, 4.117647058823529, 4.470588235294118, 7.294117647058824, 7.411764705882353, 5.764705882352941, 4.823529411764706]
a_x=[0.8613264427217916, 122.3083548664944, 204.9956933677864, 273.04048234280793, 284.2377260981912, 346.2532299741602, 421.1886304909561, 519.3798449612403, 574.5047372954349, 584.8406546080964, 634.7975882859604, 679.5865633074935, 783.8070628768303, 906.1154177433248, 992.2480620155038]
a_y=[-2.7485380116959064, -2.280701754385966, -2.280701754385966, -2.0467836257309955, -0.4093567251461998, 0.526315789473685, 0.9941520467836256, 1.9298245614035086, 1.6959064327485383, 4.035087719298246, 5.2046783625731, 4.853801169590644, 5.321637426900585, 4.970760233918129, 4.970760233918129]
d_x=[2.5839793281653747, 80.1033591731266, 169.68130921619291, 236.0034453057709, 273.90180878552974, 294.57364341085275, 350.55986218776917, 419.4659776055125, 565.0301464254953, 678.7252368647717, 994.8320413436692]
d_y=[0.1754385964912295, 0.9941520467836256, 0.4093567251461998, 0.29239766081871466, 0.7602339181286553, 2.0467836257309946, 3.8011695906432754, 3.6842105263157894, 5.7894736842105265, 7.192982456140351, 6.842105263157895]
p_x_fitting=[   0.           10.1010101    20.2020202    30.3030303    40.4040404
   50.50505051   60.60606061   70.70707071   80.80808081   90.90909091
  101.01010101  111.11111111  121.21212121  131.31313131  141.41414141
  151.51515152  161.61616162  171.71717172  181.81818182  191.91919192
  202.02020202  212.12121212  222.22222222  232.32323232  242.42424242
  252.52525253  262.62626263  272.72727273  282.82828283  292.92929293
  303.03030303  313.13131313  323.23232323  333.33333333  343.43434343
  353.53535354  363.63636364  373.73737374  383.83838384  393.93939394
  404.04040404  414.14141414  424.24242424  434.34343434  444.44444444
  454.54545455  464.64646465  474.74747475  484.84848485  494.94949495
  505.05050505  515.15151515  525.25252525  535.35353535  545.45454545
  555.55555556  565.65656566  575.75757576  585.85858586  595.95959596
  606.06060606  616.16161616  626.26262626  636.36363636  646.46464646
  656.56565657  666.66666667  676.76767677  686.86868687  696.96969697
  707.07070707  717.17171717  727.27272727  737.37373737  747.47474747
  757.57575758  767.67676768  777.77777778  787.87878788  797.97979798
  808.08080808  818.18181818  828.28282828  838.38383838  848.48484848
  858.58585859  868.68686869  878.78787879  888.88888889  898.98989899
  909.09090909  919.19191919  929.29292929  939.39393939  949.49494949
  959.5959596   969.6969697   979.7979798   989.8989899  1000.        ]
p_y_fitting=[1.41176471 1.58978437 1.73156514 1.841461   1.92382599 1.98301411
 2.02337938 2.04927582 2.06505743 2.07507823 2.08369224 2.09525347
 2.11411593 2.14463365 2.19116062 2.25805087 2.34965842 2.46471595
 2.5772776  2.65462708 2.6640479  2.57282359 2.34823767 1.96825212
 1.53852418 1.24881685 1.29037434 1.85444083 2.98204253 4.06698098
 4.71507636 4.99888442 5.01811628 4.87248306 4.66169587 4.48059024
 4.36043625 4.28796781 4.24900075 4.22935089 4.21483408 4.19126614
 4.14446291 4.061509   3.94703739 3.81849077 3.6936034  3.59010955
 3.52574347 3.51823941 3.58533164 3.74475441 4.01424197 4.41152859
 4.94534341 5.57198554 6.22882988 6.8532258  7.38260664 7.77583979
 8.04152822 8.19531136 8.25282864 8.22971949 8.14162334 8.00417962
 7.83302777 7.64380722 7.45215739 7.27238807 7.1084256  6.95931538
 6.82407447 6.70171993 6.59126884 6.49173826 6.40214526 6.3215069
 6.24884024 6.18316236 6.12349033 6.0688412  6.01823204 5.97067992
 5.92520191 5.88081507 5.83653647 5.79138317 5.74437225 5.69452076
 5.64084577 5.58236435 5.51809356 5.44705048 5.36825216 5.28071568
 5.1834581  5.07549648 4.9558479  4.82352941]
a_x_fitting=[8.61326443e-01 1.08753339e+01 2.08893413e+01 3.09033487e+01
 4.09173562e+01 5.09313636e+01 6.09453710e+01 7.09593785e+01
 8.09733859e+01 9.09873933e+01 1.01001401e+02 1.11015408e+02
 1.21029416e+02 1.31043423e+02 1.41057430e+02 1.51071438e+02
 1.61085445e+02 1.71099453e+02 1.81113460e+02 1.91127468e+02
 2.01141475e+02 2.11155482e+02 2.21169490e+02 2.31183497e+02
 2.41197505e+02 2.51211512e+02 2.61225520e+02 2.71239527e+02
 2.81253534e+02 2.91267542e+02 3.01281549e+02 3.11295557e+02
 3.21309564e+02 3.31323572e+02 3.41337579e+02 3.51351586e+02
 3.61365594e+02 3.71379601e+02 3.81393609e+02 3.91407616e+02
 4.01421624e+02 4.11435631e+02 4.21449639e+02 4.31463646e+02
 4.41477653e+02 4.51491661e+02 4.61505668e+02 4.71519676e+02
 4.81533683e+02 4.91547691e+02 5.01561698e+02 5.11575705e+02
 5.21589713e+02 5.31603720e+02 5.41617728e+02 5.51631735e+02
 5.61645743e+02 5.71659750e+02 5.81673757e+02 5.91687765e+02
 6.01701772e+02 6.11715780e+02 6.21729787e+02 6.31743795e+02
 6.41757802e+02 6.51771809e+02 6.61785817e+02 6.71799824e+02
 6.81813832e+02 6.91827839e+02 7.01841847e+02 7.11855854e+02
 7.21869861e+02 7.31883869e+02 7.41897876e+02 7.51911884e+02
 7.61925891e+02 7.71939899e+02 7.81953906e+02 7.91967913e+02
 8.01981921e+02 8.11995928e+02 8.22009936e+02 8.32023943e+02
 8.42037951e+02 8.52051958e+02 8.62065965e+02 8.72079973e+02
 8.82093980e+02 8.92107988e+02 9.02121995e+02 9.12136003e+02
 9.22150010e+02 9.32164017e+02 9.42178025e+02 9.52192032e+02
 9.62206040e+02 9.72220047e+02 9.82234055e+02 9.92248062e+02]
a_y_fitting=[-2.74853801 -3.17416223 -3.47078871 -3.65191499 -3.73103862 -3.72165712
 -3.63726805 -3.49136893 -3.29745731 -3.06903074 -2.81958673 -2.56262285
 -2.31163662 -2.08012559 -1.88158729 -1.72951926 -1.63741905 -1.61878419
 -1.68711222 -1.85590068 -2.13864711 -2.54389268 -3.01028142 -3.42475147
 -3.67302682 -3.64083144 -3.21388933 -2.27792447 -0.83422047  0.38784065
  1.0658123   1.31381298  1.25152844  0.99864441  0.67484663  0.39704985
  0.22108573  0.14313933  0.15691208  0.25610543  0.43442082  0.6855597
  1.00322341  1.37609162  1.77426685  2.16355679  2.50976913  2.77871156
  2.93619176  2.94801742  2.77999624  2.3979359   1.76820835  0.95043096
  0.20059722 -0.20044726  0.02814314  1.16721401  3.33324488  5.18050071
  6.02537778  6.14134745  5.81608592  5.33726941  4.97363607  4.79498984
  4.7521969   4.7945239   4.87132971  4.94691349  5.01688735  5.08080375
  5.13821519  5.18867415  5.23173309  5.26694451  5.29386087  5.31203467
  5.32101838  5.3205071   5.31120092  5.29423178  5.27073332  5.24183916
  5.20868294  5.17239829  5.13411883  5.0949782   5.05611002  5.01864793
  4.98372555  4.95247652  4.92603446  4.90553301  4.89210579  4.88688643
  4.89100857  4.90560583  4.93181184  4.97076023]
d_x_fitting=[  2.58397933  12.60668703  22.62939472  32.65210242  42.67481012
  52.69751781  62.72022551  72.74293321  82.76564091  92.7883486
 102.8110563  112.833764   122.85647169 132.87917939 142.90188709
 152.92459479 162.94730248 172.97001018 182.99271788 193.01542557
 203.03813327 213.06084097 223.08354866 233.10625636 243.12896406
 253.15167176 263.17437945 273.19708715 283.21979485 293.24250254
 303.26521024 313.28791794 323.31062564 333.33333333 343.35604103
 353.37874873 363.40145642 373.42416412 383.44687182 393.46957952
 403.49228721 413.51499491 423.53770261 433.5604103  443.583118
 453.6058257  463.6285334  473.65124109 483.67394879 493.69665649
 503.71936418 513.74207188 523.76477958 533.78748728 543.81019497
 553.83290267 563.85561037 573.87831806 583.90102576 593.92373346
 603.94644116 613.96914885 623.99185655 634.01456425 644.03727194
 654.05997964 664.08268734 674.10539504 684.12810273 694.15081043
 704.17351813 714.19622582 724.21893352 734.24164122 744.26434892
 754.28705661 764.30976431 774.33247201 784.3551797  794.3778874
 804.4005951  814.4233028  824.44601049 834.46871819 844.49142589
 854.51413358 864.53684128 874.55954898 884.58225668 894.60496437
 904.62767207 914.65037977 924.67308746 934.69579516 944.71850286
 954.74121056 964.76391825 974.78662595 984.80933365 994.83204134]
d_y_fitting=[0.1754386  0.43276    0.63615698 0.79030712 0.89988802 0.96957728
 1.00405249 1.00799125 0.98607115 0.94296979 0.88336476 0.81193365
 0.73335406 0.6523036  0.57345984 0.50150039 0.44110283 0.39688439
 0.36969926 0.35448721 0.34566959 0.33766773 0.32490297 0.30179663
 0.26792556 0.27410329 0.40048977 0.72759149 1.29749142 1.9623714
 2.53984685 2.99106979 3.33033947 3.57204134 3.73056087 3.82028098
 3.85535534 3.84952877 3.81650383 3.76998307 3.72366906 3.69126436
 3.68628263 3.71515816 3.77527885 3.86344283 3.97644827 4.1110933
 4.26417606 4.43249472 4.61284741 4.80203228 4.99684748 5.19409115
 5.39056144 5.58305649 5.76837446 5.94370898 6.10850833 6.26301861
 6.40748682 6.54215998 6.66728511 6.78310922 6.88987932 6.98784243
 7.07724555 7.15833571 7.23135992 7.29656519 7.35419854 7.40450697
 7.44773751 7.48413716 7.51395295 7.53743187 7.55482096 7.56636722
 7.57231766 7.57291931 7.56841916 7.55906424 7.54510157 7.52677815
 7.50434099 7.47803712 7.44811355 7.41481728 7.37839534 7.33909473
 7.29716248 7.25284559 7.20639108 7.15804596 7.10805725 7.05667196
 7.0041371  6.95069969 6.89660674 6.84210526]