
p_x=[3.4453057708871664, 99.91386735572783, 149.00947459086993, 257.5366063738157, 335.9173126614987, 459.0869939707149, 557.2782084409992, 628.7683031869078, 760.551248923342, 792.4203273040482, 878.5529715762274, 997.4160206718346]
p_y=[1.4117647058823533, 1.6470588235294112, 1.882352941176471, 2.3529411764705888, 1.764705882352942, 0.7058823529411757, 1.6470588235294112, 2.4705882352941178, 2.0, 2.3529411764705888, 2.11764705882353, 3.647058823529412]
a_x=[0.0, 93.88458225667529, 157.62273901808786, 263.56589147286826, 329.02670111972435, 458.2256675279931, 552.1102497846684, 627.9069767441861, 757.9672695951766, 788.1136950904393, 874.2463393626184, 993.9707149009474]
a_y=[0.1754385964912295, 1.3450292397660828, -0.6432748538011701, 1.6959064327485383, 3.450292397660819, 2.0467836257309946, 2.8654970760233924, 3.8011695906432754, 3.2163742690058488, 1.2280701754385976, 0.9941520467836256, 1.6959064327485383]
d_x=[2.5839793281653747, 87.85529715762273, 161.06804478897502, 217.05426356589146, 259.25925925925924, 270.4565030146425, 296.2962962962963, 324.72006890611544, 386.73557278208443, 425.495262704565, 456.50301464254954, 501.29198966408273, 536.6063738156761, 553.8329026701119, 585.7019810508183, 617.5710594315245, 748.4926787252368, 780.3617571059432, 874.2463393626184, 939.7071490094746, 999.1386735572783]
d_y=[6.608187134502924, 6.257309941520468, 4.035087719298246, 5.087719298245615, 4.736842105263158, 8.011695906432749, 8.24561403508772, 8.24561403508772, 7.894736842105264, 7.777777777777778, 3.9181286549707606, 4.152046783625732, 3.9181286549707606, 7.426900584795321, 8.24561403508772, 7.777777777777778, 6.959064327485381, 3.333333333333334, 3.9181286549707606, 4.035087719298246, 6.374269005847953]
p_x_fitting=[  3.44530577  13.485414    23.52552223  33.56563046  43.6057387
  53.64584693  63.68595516  73.72606339  83.76617162  93.80627985
 103.84638808 113.88649632 123.92660455 133.96671278 144.00682101
 154.04692924 164.08703747 174.1271457  184.16725393 194.20736217
 204.2474704  214.28757863 224.32768686 234.36779509 244.40790332
 254.44801155 264.48811979 274.52822802 284.56833625 294.60844448
 304.64855271 314.68866094 324.72876917 334.7688774  344.80898564
 354.84909387 364.8892021  374.92931033 384.96941856 395.00952679
 405.04963502 415.08974326 425.12985149 435.16995972 445.21006795
 455.25017618 465.29028441 475.33039264 485.37050087 495.41060911
 505.45071734 515.49082557 525.5309338  535.57104203 545.61115026
 555.65125849 565.69136672 575.73147496 585.77158319 595.81169142
 605.85179965 615.89190788 625.93201611 635.97212434 646.01223258
 656.05234081 666.09244904 676.13255727 686.1726655  696.21277373
 706.25288196 716.29299019 726.33309843 736.37320666 746.41331489
 756.45342312 766.49353135 776.53363958 786.57374781 796.61385605
 806.65396428 816.69407251 826.73418074 836.77428897 846.8143972
 856.85450543 866.89461366 876.9347219  886.97483013 897.01493836
 907.05504659 917.09515482 927.13526305 937.17537128 947.21547952
 957.25558775 967.29569598 977.33580421 987.37591244 997.41602067]
p_y_fitting=[1.41176471 1.42820342 1.44572928 1.46465106 1.48527756 1.50791755
 1.53287982 1.56047316 1.59100635 1.62478818 1.66212743 1.70333289
 1.74871335 1.79857758 1.85323437 1.9129378  1.97669365 2.04226506
 2.10736157 2.16969273 2.22696808 2.27689718 2.31718957 2.34555479
 2.3597024  2.35734194 2.33640794 2.29722076 2.24153744 2.17113478
 2.08778956 1.99327859 1.88937864 1.77786651 1.66060693 1.53996161
 1.41846672 1.29865862 1.18307366 1.07424819 0.97471856 0.88702114
 0.81369227 0.7572683  0.7202856  0.70528051 0.71460397 0.74801961
 0.8033909  0.8785374  0.9712787  1.07943438 1.20082402 1.3332672
 1.47458351 1.62259251 1.77474179 1.9260414  2.07052005 2.20220374
 2.31511849 2.4032903  2.4607452  2.48227686 2.47013757 2.43077621
 2.37068852 2.29637024 2.21431713 2.13102492 2.05298935 1.98670617
 1.93867112 1.91537994 1.92332838 1.96901218 2.05770413 2.17577426
 2.29472626 2.38608929 2.4363659  2.45062681 2.4350987  2.39600827
 2.33958219 2.27204715 2.19962983 2.12855692 2.0650551  2.01535105
 1.98567147 1.98224303 2.01129241 2.07904632 2.19173142 2.3555744
 2.57680194 2.86164074 3.21631747 3.64705882]
a_x_fitting=[  0.          10.04010823  20.08021646  30.12032469  40.16043293
  50.20054116  60.24064939  70.28075762  80.32086585  90.36097408
 100.40108231 110.44119054 120.48129878 130.52140701 140.56151524
 150.60162347 160.6417317  170.68183993 180.72194816 190.7620564
 200.80216463 210.84227286 220.88238109 230.92248932 240.96259755
 251.00270578 261.04281401 271.08292225 281.12303048 291.16313871
 301.20324694 311.24335517 321.2834634  331.32357163 341.36367986
 351.4037881  361.44389633 371.48400456 381.52411279 391.56422102
 401.60432925 411.64443748 421.68454572 431.72465395 441.76476218
 451.80487041 461.84497864 471.88508687 481.9251951  491.96530333
 502.00541157 512.0455198  522.08562803 532.12573626 542.16584449
 552.20595272 562.24606095 572.28616919 582.32627742 592.36638565
 602.40649388 612.44660211 622.48671034 632.52681857 642.5669268
 652.60703504 662.64714327 672.6872515  682.72735973 692.76746796
 702.80757619 712.84768442 722.88779266 732.92790089 742.96800912
 753.00811735 763.04822558 773.08833381 783.12844204 793.16855027
 803.20865851 813.24876674 823.28887497 833.3289832  843.36909143
 853.40919966 863.44930789 873.48941613 883.52952436 893.56963259
 903.60974082 913.64984905 923.68995728 933.73006551 943.77017374
 953.81028198 963.85039021 973.89049844 983.93060667 993.9707149 ]
a_y_fitting=[ 0.1754386   0.9797705   1.56799416  1.96191535  2.18333984  2.2540734
  2.19592179  2.0306908   1.78018617  1.4662137   1.11057914  0.73508826
  0.36154684  0.01176064 -0.29246457 -0.52932301 -0.67715682 -0.72568685
 -0.68388566 -0.56258612 -0.37262108 -0.12482341  0.16997402  0.50093835
  0.85723672  1.22803626  1.60250412  1.96988158  2.32005834  2.64325908
  2.92971132  3.16964257  3.35328032  3.47089084  3.51858888  3.50453284
  3.43836547  3.32972954  3.18826782  3.02362307  2.84543807  2.66335557
  2.48701834  2.32606914  2.19015075  2.08890592  2.03184959  2.022136
  2.05374765  2.1199533   2.2140217   2.32922157  2.45882168  2.59609076
  2.73429755  2.86671082  2.98854034  3.10254122  3.21330173  3.32541012
  3.44345465  3.57202358  3.71570517  3.87880831  4.0578328   4.24061315
  4.4145327   4.5669748   4.68532278  4.75695997  4.76926973  4.70963538
  4.56544028  4.32406774  3.97290113  3.49932377  2.89324994  2.20118044
  1.52531423  0.96761928  0.57158321  0.3227397   0.2041435   0.19884938
  0.28991209  0.46038638  0.69332702  0.97178875  1.27882634  1.59749453
  1.9108481   2.20194178  2.45383034  2.64956854  2.77221113  2.80481287
  2.73042852  2.53211282  2.19292054  1.69590643]
d_x_fitting=[  2.58397933  12.65018836  22.71639739  32.78260643  42.84881546
  52.91502449  62.98123352  73.04744256  83.11365159  93.17986062
 103.24606965 113.31227869 123.37848772 133.44469675 143.51090578
 153.57711482 163.64332385 173.70953288 183.77574192 193.84195095
 203.90815998 213.97436901 224.04057805 234.10678708 244.17299611
 254.23920514 264.30541418 274.37162321 284.43783224 294.50404127
 304.57025031 314.63645934 324.70266837 334.7688774  344.83508644
 354.90129547 364.9675045  375.03371354 385.09992257 395.1661316
 405.23234063 415.29854967 425.3647587  435.43096773 445.49717676
 455.5633858  465.62959483 475.69580386 485.76201289 495.82822193
 505.89443096 515.96063999 526.02684902 536.09305806 546.15926709
 556.22547612 566.29168515 576.35789419 586.42410322 596.49031225
 606.55652129 616.62273032 626.68893935 636.75514838 646.82135742
 656.88756645 666.95377548 677.01998451 687.08619355 697.15240258
 707.21861161 717.28482064 727.35102968 737.41723871 747.48344774
 757.54965677 767.61586581 777.68207484 787.74828387 797.8144929
 807.88070194 817.94691097 828.01312    838.07932904 848.14553807
 858.2117471  868.27795613 878.34416517 888.4103742  898.47658323
 908.54279226 918.6090013  928.67521033 938.74141936 948.80762839
 958.87383743 968.94004646 979.00625549 989.07246452 999.13867356]
d_y_fitting=[6.60818713 7.39685228 7.88050135 8.09752162 8.08630039 7.88522494
 7.53268256 7.06706055 6.52674619 5.95012678 5.37558959 4.84152193
 4.38631109 4.04834434 3.86600899 3.87769232 4.12121896 4.57011065
 5.07498631 5.47261694 5.59977356 5.29322718 4.43764833 3.42266025
 2.94060829 3.68794166 6.24860371 8.69409024 9.00445123 8.35488795
 7.99170287 8.06100937 8.24538002 8.29014205 8.19947107 8.04259124
 7.88872673 7.80710169 7.8669403  8.10507515 8.34580723 8.32776192
 7.78932802 6.59723318 5.15192209 3.9925594  3.54850638 3.66714808
 4.0037907  4.21362058 3.9679113  3.39440624 3.13124616 3.84348672
 5.84214607 7.7928078  8.59247191 8.56875365 8.22047053 7.94279093
 7.79619716 7.7737444  7.86552961 8.04592948 8.28411913 8.54927034
 8.81055488 9.03714455 9.19821112 9.26292637 9.20046209 8.97999006
 8.57068206 7.94170987 7.06224528 5.93051531 4.70202489 3.58525032
 2.77138511 2.29241133 2.09461476 2.1234541  2.32438803 2.64287523
 3.0243744  3.41434423 3.75824339 4.00248974 4.129273   4.16639382
 4.1446163  4.09470453 4.04742261 4.03353463 4.0838047  4.2289969
 4.49987534 4.9272041  5.54174729 6.37426901]