
p_x=[0.0, 129.19896640826872, 272.17915590008613, 298.01894918173986, 462.5322997416021, 616.7097329888027, 835.4866494401379, 1000.0]
p_y=[-1.764705882352942, 1.2941176470588225, 1.882352941176471, 4.588235294117648, -1.647058823529413, 4.705882352941177, 4.352941176470589, 5.176470588235294]
a_x=[0.8613264427217916, 154.17743324720067, 298.01894918173986, 468.56158484065463, 605.5124892334195, 818.260120585702, 999.1386735572783]
a_y=[-3.9181286549707615, -3.450292397660819, -0.8771929824561404, -4.269005847953215, -0.6432748538011701, -0.2923976608187129, -0.5263157894736832]
d_x=[0.8613264427217916, 140.39621016365203, 293.71231696813095, 465.1162790697674, 600.3445305770887, 820.8440999138674, 996.5546942291128]
d_y=[1.3450292397660828, 4.385964912280702, 5.555555555555555, 1.2280701754385976, 5.321637426900585, 5.7894736842105265, 6.023391812865498]
p_x_fitting=[   0.           10.1010101    20.2020202    30.3030303    40.4040404
   50.50505051   60.60606061   70.70707071   80.80808081   90.90909091
  101.01010101  111.11111111  121.21212121  131.31313131  141.41414141
  151.51515152  161.61616162  171.71717172  181.81818182  191.91919192
  202.02020202  212.12121212  222.22222222  232.32323232  242.42424242
  252.52525253  262.62626263  272.72727273  282.82828283  292.92929293
  303.03030303  313.13131313  323.23232323  333.33333333  343.43434343
  353.53535354  363.63636364  373.73737374  383.83838384  393.93939394
  404.04040404  414.14141414  424.24242424  434.34343434  444.44444444
  454.54545455  464.64646465  474.74747475  484.84848485  494.94949495
  505.05050505  515.15151515  525.25252525  535.35353535  545.45454545
  555.55555556  565.65656566  575.75757576  585.85858586  595.95959596
  606.06060606  616.16161616  626.26262626  636.36363636  646.46464646
  656.56565657  666.66666667  676.76767677  686.86868687  696.96969697
  707.07070707  717.17171717  727.27272727  737.37373737  747.47474747
  757.57575758  767.67676768  777.77777778  787.87878788  797.97979798
  808.08080808  818.18181818  828.28282828  838.38383838  848.48484848
  858.58585859  868.68686869  878.78787879  888.88888889  898.98989899
  909.09090909  919.19191919  929.29292929  939.39393939  949.49494949
  959.5959596   969.6969697   979.7979798   989.8989899  1000.        ]
p_y_fitting=[-1.76470588 -0.57923004  0.3850633   1.14503888  1.71756146  2.11949577
  2.36770656  2.47905859  2.4704166   2.35864534  2.16060956  1.893174
  1.57320341  1.21756254  0.84311615  0.46672897  0.10526575 -0.22440876
 -0.5054298  -0.72093264 -0.85405253 -0.88792471 -0.80568444 -0.59046697
 -0.22540755  0.30635856  1.02169611  1.93746382  3.02627023  4.11023864
  4.98442381  5.55847148  5.85778299  5.9128846   5.75430257  5.41256315
  4.9181926   4.30171719  3.59366317  2.82455681  2.02492436  1.22529207
  0.45618623 -0.25186693 -0.86834114 -1.36271014 -1.70451951 -1.87688272
 -1.89240738 -1.76757404 -1.51886323 -1.16275551 -0.71573141 -0.19427149
  0.38514371  1.00603365  1.65191779  2.30631558  2.95274647  3.57472992
  4.15578538  4.67943232  5.13206927  5.51365087  5.82811789  6.07941169
  6.2714736   6.40824495  6.49366709  6.53168133  6.52622904  6.48125152
  6.40069014  6.28848621  6.14858109  5.98491609  5.80143257  5.60207185
  5.39077528  5.17148418  4.9481399   4.72468377  4.50505713  4.29320131
  4.09305765  3.90856749  3.74367216  3.60231299  3.48843134  3.40596852
  3.35886588  3.35106476  3.38650648  3.46913239  3.60288382  3.79170211
  4.0395286   4.35030462  4.7279715   5.17647059]
a_x_fitting=[8.61326443e-01 1.09449360e+01 2.10285456e+01 3.11121551e+01
 4.11957647e+01 5.12793743e+01 6.13629838e+01 7.14465934e+01
 8.15302030e+01 9.16138125e+01 1.01697422e+02 1.11781032e+02
 1.21864641e+02 1.31948251e+02 1.42031860e+02 1.52115470e+02
 1.62199080e+02 1.72282689e+02 1.82366299e+02 1.92449908e+02
 2.02533518e+02 2.12617127e+02 2.22700737e+02 2.32784346e+02
 2.42867956e+02 2.52951566e+02 2.63035175e+02 2.73118785e+02
 2.83202394e+02 2.93286004e+02 3.03369613e+02 3.13453223e+02
 3.23536833e+02 3.33620442e+02 3.43704052e+02 3.53787661e+02
 3.63871271e+02 3.73954880e+02 3.84038490e+02 3.94122100e+02
 4.04205709e+02 4.14289319e+02 4.24372928e+02 4.34456538e+02
 4.44540147e+02 4.54623757e+02 4.64707367e+02 4.74790976e+02
 4.84874586e+02 4.94958195e+02 5.05041805e+02 5.15125414e+02
 5.25209024e+02 5.35292633e+02 5.45376243e+02 5.55459853e+02
 5.65543462e+02 5.75627072e+02 5.85710681e+02 5.95794291e+02
 6.05877900e+02 6.15961510e+02 6.26045120e+02 6.36128729e+02
 6.46212339e+02 6.56295948e+02 6.66379558e+02 6.76463167e+02
 6.86546777e+02 6.96630387e+02 7.06713996e+02 7.16797606e+02
 7.26881215e+02 7.36964825e+02 7.47048434e+02 7.57132044e+02
 7.67215654e+02 7.77299263e+02 7.87382873e+02 7.97466482e+02
 8.07550092e+02 8.17633701e+02 8.27717311e+02 8.37800920e+02
 8.47884530e+02 8.57968140e+02 8.68051749e+02 8.78135359e+02
 8.88218968e+02 8.98302578e+02 9.08386187e+02 9.18469797e+02
 9.28553407e+02 9.38637016e+02 9.48720626e+02 9.58804235e+02
 9.68887845e+02 9.78971454e+02 9.89055064e+02 9.99138674e+02]
a_y_fitting=[-3.91812865 -4.27266556 -4.55249793 -4.76227262 -4.90663651 -4.99023646
 -5.01771933 -4.99373199 -4.9229213  -4.80993412 -4.65941732 -4.47601776
 -4.26438231 -4.02915783 -3.77499118 -3.50652924 -3.22841885 -2.9453069
 -2.66184023 -2.38266572 -2.11243023 -1.85578063 -1.61736377 -1.40182652
 -1.21381576 -1.05797833 -0.9389611  -0.86141095 -0.82997473 -0.8492993
 -0.92372819 -1.05153764 -1.22540265 -1.4377883  -1.68115964 -1.94798176
 -2.23071971 -2.52183856 -2.81380337 -3.09907923 -3.37013118 -3.6194243
 -3.83942366 -4.02259432 -4.16140136 -4.24830982 -4.27578479 -4.23689196
 -4.1330808  -3.97195929 -3.76127763 -3.50878608 -3.22223484 -2.90937416
 -2.57795425 -2.23572536 -1.8904377  -1.5498415  -1.22168699 -0.9137244
 -0.63370389 -0.38762506 -0.17520571  0.00524493  0.15541765  0.27700322
  0.3716924   0.44117598  0.48714473  0.51128943  0.51530084  0.50086974
  0.46968691  0.42344311  0.36382914  0.29253575  0.21125372  0.12167383
  0.02548686 -0.07561643 -0.17994526 -0.28580886 -0.39151644 -0.49537725
 -0.59570049 -0.69079541 -0.77897121 -0.85853714 -0.92780242 -0.98507626
 -1.0286679  -1.05688657 -1.06804148 -1.06044187 -1.03239696 -0.98221597
 -0.90820813 -0.80868267 -0.68194882 -0.52631579]
d_x_fitting=[8.61326443e-01 1.09188352e+01 2.09763440e+01 3.10338527e+01
 4.10913615e+01 5.11488703e+01 6.12063790e+01 7.12638878e+01
 8.13213966e+01 9.13789053e+01 1.01436414e+02 1.11493923e+02
 1.21551432e+02 1.31608940e+02 1.41666449e+02 1.51723958e+02
 1.61781467e+02 1.71838975e+02 1.81896484e+02 1.91953993e+02
 2.02011502e+02 2.12069011e+02 2.22126519e+02 2.32184028e+02
 2.42241537e+02 2.52299046e+02 2.62356554e+02 2.72414063e+02
 2.82471572e+02 2.92529081e+02 3.02586589e+02 3.12644098e+02
 3.22701607e+02 3.32759116e+02 3.42816624e+02 3.52874133e+02
 3.62931642e+02 3.72989151e+02 3.83046660e+02 3.93104168e+02
 4.03161677e+02 4.13219186e+02 4.23276695e+02 4.33334203e+02
 4.43391712e+02 4.53449221e+02 4.63506730e+02 4.73564238e+02
 4.83621747e+02 4.93679256e+02 5.03736765e+02 5.13794273e+02
 5.23851782e+02 5.33909291e+02 5.43966800e+02 5.54024309e+02
 5.64081817e+02 5.74139326e+02 5.84196835e+02 5.94254344e+02
 6.04311852e+02 6.14369361e+02 6.24426870e+02 6.34484379e+02
 6.44541887e+02 6.54599396e+02 6.64656905e+02 6.74714414e+02
 6.84771922e+02 6.94829431e+02 7.04886940e+02 7.14944449e+02
 7.25001958e+02 7.35059466e+02 7.45116975e+02 7.55174484e+02
 7.65231993e+02 7.75289501e+02 7.85347010e+02 7.95404519e+02
 8.05462028e+02 8.15519536e+02 8.25577045e+02 8.35634554e+02
 8.45692063e+02 8.55749572e+02 8.65807080e+02 8.75864589e+02
 8.85922098e+02 8.95979607e+02 9.06037115e+02 9.16094624e+02
 9.26152133e+02 9.36209642e+02 9.46267150e+02 9.56324659e+02
 9.66382168e+02 9.76439677e+02 9.86497185e+02 9.96554694e+02]
d_y_fitting=[1.34502924 1.46671222 1.61407189 1.78444802 1.97518038 2.18360876
 2.40707293 2.64291268 2.88846777 3.14107799 3.39808311 3.65682292
 3.91463719 4.1688657  4.41684822 4.65592454 4.88343443 5.09671767
 5.29311404 5.46996332 5.62460528 5.7543797  5.85662636 5.92868504
 5.96789551 5.97159756 5.93713096 5.86183548 5.74305092 5.57811703
 5.36552803 5.11036874 4.82005915 4.50202199 4.16368001 3.81245593
 3.4557725  3.10105244 2.7557185  2.4271934  2.12289989 1.8502607
 1.61669855 1.4296362  1.29649636 1.22470179 1.22167521 1.29324777
 1.43488785 1.63791548 1.89363972 2.19336959 2.52841414 2.89008242
 3.26968345 3.65852629 4.04791998 4.42917355 4.79359604 5.1324965
 5.43729243 5.70375909 5.93341573 6.12817394 6.28994533 6.42064151
 6.52217406 6.5964546  6.64539472 6.67090603 6.67490013 6.65928862
 6.6259831  6.57689517 6.51393645 6.43901851 6.35405298 6.26095145
 6.16162552 6.0579868  5.95194688 5.84541736 5.74030986 5.63853597
 5.54200729 5.45263543 5.37233198 5.30300855 5.24657674 5.20494815
 5.18003439 5.17374705 5.18799773 5.22469804 5.28575959 5.37309396
 5.48861277 5.63422761 5.81185009 6.02339181]