
p_x=[1.7226528854435832, 60.29285099052541, 119.72437553832903, 132.6442721791559, 191.2144702842377, 261.84323858742465, 308.35486649440134, 368.64771748492683, 422.91128337639964, 443.58311800172265, 538.3290267011197, 633.9362618432386, 653.7467700258399, 789.8363479758829, 816.5374677002584, 937.1231696813093, 998.2773471145564]
p_y=[-1.5294117647058805, -2.4705882352941178, -2.5882352941176467, 1.4117647058823533, 1.5294117647058822, 2.3529411764705888, 2.5882352941176467, 1.6470588235294112, 1.6470588235294112, -1.647058823529413, -1.882352941176471, -1.647058823529413, 1.1764705882352935, 1.5294117647058822, 2.4705882352941178, 3.5294117647058822, 3.1764705882352935]
a_x=[3.4453057708871664, 60.29285099052541, 119.72437553832903, 136.95090439276487, 251.50732127476317, 304.90956072351423, 367.786391042205, 414.2980189491817, 444.4444444444444, 540.913006029285, 639.9655469422911, 658.9147286821704, 738.1567614125754, 800.1722652885444, 819.9827734711456, 920.7579672695952, 996.5546942291128]
a_y=[-3.099415204678362, -3.099415204678362, -2.397660818713449, -0.7602339181286553, 1.6959064327485383, 2.1637426900584797, 2.6315789473684212, 2.6315789473684212, -2.0467836257309955, -2.0467836257309955, -2.6315789473684212, 0.8771929824561404, 1.578947368421053, 0.7602339181286553, 2.280701754385966, 2.6315789473684212, 2.280701754385966]
d_x=[4.3066322136089585, 52.540913006029285, 119.72437553832903, 141.25753660637383, 199.82773471145566, 261.84323858742465, 291.98966408268734, 349.69853574504737, 414.2980189491817, 451.3350559862188, 548.6649440137812, 641.6881998277347, 659.7760551248923, 739.0180878552973, 803.6175710594315, 822.566752799311, 913.0060292850991, 988.8027562446167]
d_y=[-2.6315789473684212, -2.280701754385966, -2.9824561403508767, 1.578947368421053, 2.8654970760233924, 3.5672514619883042, 3.5672514619883042, 3.6842105263157894, 4.736842105263158, -1.4619883040935662, -2.0467836257309955, -1.6959064327485365, 1.9298245614035086, 2.397660818713451, 1.1111111111111107, 1.8128654970760234, 2.6315789473684212, 1.3450292397660828]
p_x_fitting=[  1.72265289  11.78886192  21.85507095  31.92127998  41.98748902
  52.05369805  62.11990708  72.18611611  82.25232515  92.31853418
 102.38474321 112.45095224 122.51716128 132.58337031 142.64957934
 152.71578837 162.78199741 172.84820644 182.91441547 192.98062451
 203.04683354 213.11304257 223.1792516  233.24546064 243.31166967
 253.3778787  263.44408773 273.51029677 283.5765058  293.64271483
 303.70892386 313.7751329  323.84134193 333.90755096 343.97375999
 354.03996903 364.10617806 374.17238709 384.23859612 394.30480516
 404.37101419 414.43722322 424.50343226 434.56964129 444.63585032
 454.70205935 464.76826839 474.83447742 484.90068645 494.96689548
 505.03310452 515.09931355 525.16552258 535.23173161 545.29794065
 555.36414968 565.43035871 575.49656774 585.56277678 595.62898581
 605.69519484 615.76140388 625.82761291 635.89382194 645.96003097
 656.02624001 666.09244904 676.15865807 686.2248671  696.29107614
 706.35728517 716.4234942  726.48970323 736.55591227 746.6221213
 756.68833033 766.75453936 776.8207484  786.88695743 796.95316646
 807.01937549 817.08558453 827.15179356 837.21800259 847.28421163
 857.35042066 867.41662969 877.48283872 887.54904776 897.61525679
 907.68146582 917.74767485 927.81388389 937.88009292 947.94630195
 958.01251098 968.07872002 978.14492905 988.21113808 998.27734711]
p_y_fitting=[-1.52941176e+00  3.34107066e-01  1.04902159e+00  8.57295420e-01
  8.92164637e-04 -1.27822457e+00 -2.73809116e+00 -4.13674401e+00
 -5.23221950e+00 -5.78255402e+00 -5.54578397e+00 -4.27994573e+00
 -1.75241470e+00  1.39517944e+00  3.39292594e+00  4.12667427e+00
  3.94579325e+00  3.19965181e+00  2.23761888e+00  1.40867900e+00
  9.47776558e-01  8.17193122e-01  9.39316746e-01  1.23653548e+00
  1.63123740e+00  2.04581054e+00  2.40269734e+00  2.64517274e+00
  2.76870196e+00  2.77679110e+00  2.67294627e+00  2.46219708e+00
  2.17901279e+00  1.88449067e+00  1.64068743e+00  1.50965976e+00
  1.55346436e+00  1.82687821e+00  2.25018820e+00  2.62528798e+00
  2.75002721e+00  2.42225560e+00  1.44041310e+00 -1.67678150e-01
 -1.79827070e+00 -2.93438696e+00 -3.57436464e+00 -3.81049166e+00
 -3.73505591e+00 -3.44034529e+00 -3.01864772e+00 -2.56225108e+00
 -2.16344329e+00 -1.91451224e+00 -1.89806149e+00 -2.09397938e+00
 -2.42028865e+00 -2.79416184e+00 -3.13277150e+00 -3.35329016e+00
 -3.37289037e+00 -3.10874467e+00 -2.47802560e+00 -1.39858382e+00
  5.73036201e-02  1.46842643e+00  2.52073652e+00  3.22217336e+00
  3.62066440e+00  3.76413709e+00  3.70051887e+00  3.47773719e+00
  3.14371950e+00  2.74639326e+00  2.33368590e+00  1.95352488e+00
  1.65383765e+00  1.48255165e+00  1.48759434e+00  1.70713012e+00
  2.08096305e+00  2.49196011e+00  2.84643711e+00  3.13277158e+00
  3.35675977e+00  3.52419790e+00  3.64088223e+00  3.71260899e+00
  3.74517442e+00  3.74437475e+00  3.71600623e+00  3.66586510e+00
  3.59974759e+00  3.52344995e+00  3.44276840e+00  3.36349920e+00
  3.29143858e+00  3.23238278e+00  3.19212803e+00  3.17647059e+00]
a_x_fitting=[  3.44530577  13.47671374  23.5081217   33.53952966  43.57093763
  53.60234559  63.63375356  73.66516152  83.69656948  93.72797745
 103.75938541 113.79079338 123.82220134 133.85360931 143.88501727
 153.91642523 163.9478332  173.97924116 184.01064913 194.04205709
 204.07346506 214.10487302 224.13628098 234.16768895 244.19909691
 254.23050488 264.26191284 274.2933208  284.32472877 294.35613673
 304.3875447  314.41895266 324.45036063 334.48176859 344.51317655
 354.54458452 364.57599248 374.60740045 384.63880841 394.67021638
 404.70162434 414.7330323  424.76444027 434.79584823 444.8272562
 454.85866416 464.89007213 474.92148009 484.95288805 494.98429602
 505.01570398 515.04711195 525.07851991 535.10992787 545.14133584
 555.1727438  565.20415177 575.23555973 585.2669677  595.29837566
 605.32978362 615.36119159 625.39259955 635.42400752 645.45541548
 655.48682345 665.51823141 675.54963937 685.58104734 695.6124553
 705.64386327 715.67527123 725.7066792  735.73808716 745.76949512
 755.80090309 765.83231105 775.86371902 785.89512698 795.92653494
 805.95794291 815.98935087 826.02075884 836.0521668  846.08357477
 856.11498273 866.14639069 876.17779866 886.20920662 896.24061459
 906.27202255 916.30343052 926.33483848 936.36624644 946.39765441
 956.42906237 966.46047034 976.4918783  986.52328626 996.55469423]
a_y_fitting=[-3.0994152  -2.68739426 -2.5201498  -2.54188047 -2.69678494 -2.92906189
 -3.18290997 -3.40252784 -3.53211418 -3.51586764 -3.2979869  -2.82267061
 -2.03848361 -1.05550271 -0.16954863  0.51714857  1.02730099  1.38535226
  1.61574598  1.74292575  1.7913352   1.78541792  1.74961754  1.70837765
  1.68614188  1.70719557  1.78019767  1.88518892  1.99915131  2.09906687
  2.16191761  2.1730101   2.15658481  2.14825514  2.18363591  2.29834189
  2.5279879   2.89572837  3.28664017  3.49983231  3.33311463  2.58430588
  1.17523524 -0.536622   -2.09818361 -3.15850622 -3.73107422 -3.91061568
 -3.79185867 -3.46953124 -3.03836149 -2.59307747 -2.22840726 -2.03907893
 -2.11737337 -2.47149761 -3.0064432  -3.62087563 -4.21346039 -4.68286297
 -4.92774887 -4.84678357 -4.33863257 -3.30196135 -1.65708218  0.27307654
  1.84668466  2.85288813  3.37325673  3.494533    3.30345947  2.88677867
  2.33123313  1.72356537  1.14751403  0.6614338   0.31092513  0.14149215
  0.19863899  0.52786977  1.16429857  1.97230772  2.68754336  3.20441055
  3.54206003  3.72281536  3.76900011  3.70293784  3.54695213  3.32336654
  3.05450463  2.76268997  2.47024613  2.19949668  1.97276518  1.81237519
  1.74065029  1.77991404  1.95249001  2.28070175]
d_x_fitting=[  4.30663221  14.25103751  24.1954428   34.13984809  44.08425339
  54.02865868  63.97306397  73.91746927  83.86187456  93.80627985
 103.75068515 113.69509044 123.63949573 133.58390103 143.52830632
 153.47271161 163.41711691 173.3615222  183.30592749 193.25033279
 203.19473808 213.13914337 223.08354866 233.02795396 242.97235925
 252.91676454 262.86116984 272.80557513 282.74998042 292.69438572
 302.63879101 312.5831963  322.5276016  332.47200689 342.41641218
 352.36081748 362.30522277 372.24962806 382.19403336 392.13843865
 402.08284394 412.02724924 421.97165453 431.91605982 441.86046512
 451.80487041 461.7492757  471.693681   481.63808629 491.58249158
 501.52689688 511.47130217 521.41570746 531.36011276 541.30451805
 551.24892334 561.19332864 571.13773393 581.08213922 591.02654451
 600.97094981 610.9153551  620.85976039 630.80416569 640.74857098
 650.69297627 660.63738157 670.58178686 680.52619215 690.47059745
 700.41500274 710.35940803 720.30381333 730.24821862 740.19262391
 750.13702921 760.0814345  770.02583979 779.97024509 789.91465038
 799.85905567 809.80346097 819.74786626 829.69227155 839.63667685
 849.58108214 859.52548743 869.46989273 879.41429802 889.35870331
 899.30310861 909.2475139  919.19191919 929.13632449 939.08072978
 949.02513507 958.96954036 968.91394566 978.85835095 988.80275624]
d_y_fitting=[-2.63157895e+00 -1.46486744e+00 -1.01120944e+00 -1.11840816e+00
 -1.63426679e+00 -2.40658855e+00 -3.28317665e+00 -4.11183430e+00
 -4.74036469e+00 -5.01657104e+00 -4.78825656e+00 -3.90322446e+00
 -2.21930770e+00  8.40838742e-04  1.96193283e+00  3.14048006e+00
  3.64888049e+00  3.67801390e+00  3.41876009e+00  3.06199881e+00
  2.79704180e+00  2.72257684e+00  2.79877900e+00  2.97413378e+00
  3.19712670e+00  3.41624326e+00  3.57998105e+00  3.65186452e+00
  3.63976095e+00  3.55967904e+00  3.43452687e+00  3.30954835e+00
  3.23449911e+00  3.25913482e+00  3.43321110e+00  3.80585711e+00
  4.36218675e+00  4.96887217e+00  5.47976420e+00  5.74871370e+00
  5.62957152e+00  4.97618852e+00  3.67988175e+00  1.93553239e+00
  8.52628466e-02 -1.52784116e+00 -2.64327957e+00 -3.28733855e+00
 -3.54851501e+00 -3.51530585e+00 -3.27620798e+00 -2.91971828e+00
 -2.53433366e+00 -2.20855103e+00 -2.03086729e+00 -2.08920464e+00
 -2.40828294e+00 -2.89334128e+00 -3.43633647e+00 -3.92922534e+00
 -4.26396470e+00 -4.33251138e+00 -4.02682219e+00 -3.23885395e+00
 -1.86056348e+00  1.06898631e-01  2.08171407e+00  3.47643552e+00
  4.28044715e+00  4.59424134e+00  4.51831043e+00  4.15314679e+00
  3.59924276e+00  2.95709072e+00  2.32715843e+00  1.78915841e+00
  1.36430388e+00  1.06357586e+00  8.97955347e-01  8.78423352e-01
  1.01596088e+00  1.31581708e+00  1.70453992e+00  2.05994503e+00
  2.34074639e+00  2.55202108e+00  2.69936814e+00  2.78838660e+00
  2.82467552e+00  2.81383393e+00  2.76146087e+00  2.67315539e+00
  2.55451653e+00  2.41114332e+00  2.24863481e+00  2.07259005e+00
  1.88860807e+00  1.70228791e+00  1.51922862e+00  1.34502924e+00]