
p_x=[0.0, 125.75366063738159, 227.39018087855297, 336.77863910422053, 420.3273040482343, 997.4160206718346]
p_y=[1.0588235294117645, 1.764705882352942, 2.7058823529411766, 2.11764705882353, 1.882352941176471, 1.882352941176471]
a_x=[0.0, 130.06029285099052, 225.6675279931094, 336.77863910422053, 740.7407407407406, 997.4160206718346]
a_y=[-1.578947368421053, -1.3450292397660828, 0.1754385964912295, -1.578947368421053, -0.2923976608187129, -0.5263157894736832]
d_x=[2.5839793281653747, 140.39621016365203, 227.39018087855297, 339.36261843238583, 706.287683031869, 995.693367786391]
d_y=[0.058479532163742576, 2.280701754385966, 2.8654970760233924, 0.4093567251461998, 1.578947368421053, 2.0467836257309946]
p_x_fitting=[  0.          10.0749093   20.1498186   30.2247279   40.2996372
  50.3745465   60.4494558   70.5243651   80.5992744   90.6741837
 100.749093   110.8240023  120.8989116  130.9738209  141.0487302
 151.1236395  161.1985488  171.2734581  181.34836739 191.42327669
 201.49818599 211.57309529 221.64800459 231.72291389 241.79782319
 251.87273249 261.94764179 272.02255109 282.09746039 292.17236969
 302.24727899 312.32218829 322.39709759 332.47200689 342.54691619
 352.62182549 362.69673479 372.77164409 382.84655339 392.92146269
 402.99637199 413.07128129 423.14619059 433.22109989 443.29600919
 453.37091849 463.44582779 473.52073709 483.59564639 493.67055569
 503.74546499 513.82037429 523.89528359 533.97019288 544.04510218
 554.12001148 564.19492078 574.26983008 584.34473938 594.41964868
 604.49455798 614.56946728 624.64437658 634.71928588 644.79419518
 654.86910448 664.94401378 675.01892308 685.09383238 695.16874168
 705.24365098 715.31856028 725.39346958 735.46837888 745.54328818
 755.61819748 765.69310678 775.76801608 785.84292538 795.91783468
 805.99274398 816.06765328 826.14256258 836.21747188 846.29238118
 856.36729048 866.44219978 876.51710908 886.59201837 896.66692767
 906.74183697 916.81674627 926.89165557 936.96656487 947.04147417
 957.11638347 967.19129277 977.26620207 987.34111137 997.41602067]
p_y_fitting=[1.05882353 0.99385615 0.95876004 0.95104405 0.96821703 1.00778783
 1.06726528 1.14415824 1.23597555 1.34022605 1.45441861 1.57606205
 1.70266523 1.831737   1.9607862  2.08732167 2.20885226 2.32288683
 2.42693421 2.51850325 2.59510281 2.65424171 2.69342882 2.7102466
 2.70469028 2.67965158 2.63819359 2.58337943 2.51827219 2.44593498
 2.3694309  2.29182305 2.21617454 2.14554848 2.0829013  2.0294063
 1.98476144 1.9486203  1.92063646 1.9004635  1.887755   1.88216453
 1.88334567 1.89095201 1.90463713 1.92405459 1.94885799 1.97870089
 2.01323689 2.05211955 2.09500247 2.14153921 2.19138335 2.24418848
 2.29960817 2.35729601 2.41690557 2.47809043 2.54050417 2.60380037
 2.66763261 2.73165446 2.79551952 2.85888134 2.92139353 2.98270964
 3.04248327 3.100368   3.15601739 3.20908503 3.2592245  3.30608939
 3.34933325 3.38860969 3.42357227 3.45387458 3.47917018 3.49911268
 3.51335563 3.52155263 3.52335724 3.51842306 3.50640365 3.4869526
 3.45972349 3.42436989 3.38054539 3.32790356 3.26609798 3.19478223
 3.1136099  3.02223456 2.92030978 2.80748916 2.68342626 2.54777467
 2.40018796 2.24031972 2.06782352 1.88235294]
a_x_fitting=[  0.          10.0749093   20.1498186   30.2247279   40.2996372
  50.3745465   60.4494558   70.5243651   80.5992744   90.6741837
 100.749093   110.8240023  120.8989116  130.9738209  141.0487302
 151.1236395  161.1985488  171.2734581  181.34836739 191.42327669
 201.49818599 211.57309529 221.64800459 231.72291389 241.79782319
 251.87273249 261.94764179 272.02255109 282.09746039 292.17236969
 302.24727899 312.32218829 322.39709759 332.47200689 342.54691619
 352.62182549 362.69673479 372.77164409 382.84655339 392.92146269
 402.99637199 413.07128129 423.14619059 433.22109989 443.29600919
 453.37091849 463.44582779 473.52073709 483.59564639 493.67055569
 503.74546499 513.82037429 523.89528359 533.97019288 544.04510218
 554.12001148 564.19492078 574.26983008 584.34473938 594.41964868
 604.49455798 614.56946728 624.64437658 634.71928588 644.79419518
 654.86910448 664.94401378 675.01892308 685.09383238 695.16874168
 705.24365098 715.31856028 725.39346958 735.46837888 745.54328818
 755.61819748 765.69310678 775.76801608 785.84292538 795.91783468
 805.99274398 816.06765328 826.14256258 836.21747188 846.29238118
 856.36729048 866.44219978 876.51710908 886.59201837 896.66692767
 906.74183697 916.81674627 926.89165557 936.96656487 947.04147417
 957.11638347 967.19129277 977.26620207 987.34111137 997.41602067]
a_y_fitting=[-1.57894737 -1.89871727 -2.13928374 -2.30682303 -2.40751144 -2.44752525
 -2.43304073 -2.37023416 -2.26528182 -2.12435999 -1.95364494 -1.75931297
 -1.54754035 -1.32450335 -1.09637825 -0.86934134 -0.6495689  -0.44323719
 -0.25652251 -0.09560113  0.03335067  0.12415661  0.17064042  0.16708377
  0.1145929   0.01951323 -0.11167583 -0.27249489 -0.45646456 -0.65710546
 -0.86793818 -1.08248334 -1.29426155 -1.4967934  -1.68381974 -1.85276339
 -2.00409355 -2.13837105 -2.25615673 -2.35801141 -2.44449593 -2.51617113
 -2.57359784 -2.61733689 -2.64794912 -2.66599536 -2.67203645 -2.66663321
 -2.65034649 -2.62373711 -2.58736592 -2.54179374 -2.48758141 -2.42528976
 -2.35547963 -2.27871185 -2.19554726 -2.10654668 -2.01227096 -1.91328092
 -1.8101374  -1.70340124 -1.59363326 -1.48139431 -1.36724521 -1.2517468
 -1.13545992 -1.0189454  -0.90276406 -0.78747675 -0.67364431 -0.56182755
 -0.45258732 -0.34648446 -0.24407979 -0.14593415 -0.05260837  0.03533671
  0.11734026  0.19284144  0.26127943  0.32209338  0.37472247  0.41860585
  0.4531827   0.47789218  0.49217346  0.49546571  0.48720808  0.46683974
  0.43379987  0.38752763  0.32746218  0.25304269  0.16370833  0.05889826
 -0.06194836 -0.19939235 -0.35399455 -0.52631579]
d_x_fitting=[  2.58397933  12.61538729  22.64679526  32.67820322  42.70961119
  52.74101915  62.77242711  72.80383508  82.83524304  92.86665101
 102.89805897 112.92946693 122.9608749  132.99228286 143.02369083
 153.05509879 163.08650676 173.11791472 183.14932268 193.18073065
 203.21213861 213.24354658 223.27495454 233.30636251 243.33777047
 253.36917843 263.4005864  273.43199436 283.46340233 293.49481029
 303.52621825 313.55762622 323.58903418 333.62044215 343.65185011
 353.68325808 363.71466604 373.746074   383.77748197 393.80888993
 403.8402979  413.87170586 423.90311383 433.93452179 443.96592975
 453.99733772 464.02874568 474.06015365 484.09156161 494.12296958
 504.15437754 514.1857855  524.21719347 534.24860143 544.2800094
 554.31141736 564.34282532 574.37423329 584.40564125 594.43704922
 604.46845718 614.49986515 624.53127311 634.56268107 644.59408904
 654.625497   664.65690497 674.68831293 684.7197209  694.75112886
 704.78253682 714.81394479 724.84535275 734.87676072 744.90816868
 754.93957665 764.97098461 775.00239257 785.03380054 795.0652085
 805.09661647 815.12802443 825.15943239 835.19084036 845.22224832
 855.25365629 865.28506425 875.31647222 885.34788018 895.37928814
 905.41069611 915.44210407 925.47351204 935.50492    945.53632797
 955.56773593 965.59914389 975.63055186 985.66195982 995.69336779]
d_y_fitting=[ 0.05847953  0.10674912  0.18722122  0.29621959  0.43006798  0.58509018
  0.75760994  0.94395102  1.14043718  1.3433922   1.54913984  1.75400385
  1.95430801  2.14637607  2.3265318   2.49109896  2.63640132  2.75876264
  2.85450669  2.91995722  2.951438    2.9452728   2.89778538  2.80563537
  2.67071747  2.49906625  2.29682931  2.07015426  1.82518872  1.56808027
  1.30497653  1.04202511  0.78537361  0.54116964  0.31547205  0.1113915
 -0.07152359 -0.2339378  -0.37651566 -0.49992173 -0.60482055 -0.69187669
 -0.76175468 -0.81511908 -0.85263445 -0.87496532 -0.88277626 -0.87673181
 -0.85749653 -0.82573496 -0.78211166 -0.72729117 -0.66193805 -0.58671685
 -0.50229212 -0.40932841 -0.30849027 -0.20044225 -0.0858489   0.03462522
  0.16031557  0.29055759  0.42468674  0.56203846  0.70194821  0.84375142
  0.98678356  1.13038007  1.27387639  1.41660799  1.5579103   1.69711878
  1.83356888  1.96659604  2.09553571  2.21972335  2.3384944   2.45118432
  2.55712854  2.65566253  2.74612172  2.82784157  2.90015753  2.96240505
  3.01391958  3.05403656  3.08209144  3.09741968  3.09935672  3.08723801
  3.06039901  3.01817515  2.9599019   2.88491469  2.79254898  2.68214022
  2.55302385  2.40453533  2.23601011  2.04678363]