
p_x=[0.8613264427217916, 76.65805340223946, 161.06804478897502, 229.97416020671835, 266.14987080103356, 356.58914728682174, 428.9405684754522, 466.838931955211, 496.1240310077519, 510.76658053402235, 536.6063738156761, 558.1395348837209, 611.5417743324721, 704.5650301464254, 803.6175710594315, 919.8966408268734, 997.4160206718346]
p_y=[2.5882352941176467, 3.1764705882352935, 4.352941176470589, 4.23529411764706, 5.0588235294117645, 5.764705882352941, 5.647058823529411, 5.882352941176471, 5.294117647058823, 1.764705882352942, 1.882352941176471, 2.4705882352941178, 4.23529411764706, 4.823529411764706, 5.411764705882353, 6.0, 6.352941176470589]
a_x=[2.5839793281653747, 78.38070628768304, 152.45478036175712, 222.2222222222222, 349.69853574504737, 449.6124031007752, 522.8251507321274, 529.7157622739019, 668.3893195521102, 819.1214470284239, 998.2773471145564]
a_y=[-2.0467836257309955, -1.8128654970760234, -1.1111111111111107, -1.9298245614035086, -0.1754385964912295, -0.1754385964912295, -0.8771929824561404, -1.1111111111111107, -0.8771929824561404, -0.058479532163742576, 0.29239766081871466]
d_x=[1.7226528854435832, 74.93540051679587, 152.45478036175712, 217.05426356589146, 348.8372093023256, 444.4444444444444, 481.48148148148147, 513.3505598621878, 533.161068044789, 569.3367786391043, 620.1550387596899, 709.7329888027563, 817.3987941429803, 997.4160206718346]
d_y=[2.6315789473684212, 3.9181286549707606, 3.6842105263157894, 2.6315789473684212, 5.672514619883041, 6.257309941520468, 6.842105263157895, 6.257309941520468, 2.514619883040936, 3.2163742690058488, 5.321637426900585, 5.2046783625731, 5.087719298245615, 6.023391812865498]
p_x_fitting=[8.61326443e-01 1.09275355e+01 2.09937445e+01 3.10599535e+01
 4.11261626e+01 5.11923716e+01 6.12585806e+01 7.13247897e+01
 8.13909987e+01 9.14572077e+01 1.01523417e+02 1.11589626e+02
 1.21655835e+02 1.31722044e+02 1.41788253e+02 1.51854462e+02
 1.61920671e+02 1.71986880e+02 1.82053089e+02 1.92119298e+02
 2.02185507e+02 2.12251716e+02 2.22317925e+02 2.32384134e+02
 2.42450343e+02 2.52516552e+02 2.62582761e+02 2.72648970e+02
 2.82715179e+02 2.92781388e+02 3.02847597e+02 3.12913806e+02
 3.22980015e+02 3.33046225e+02 3.43112434e+02 3.53178643e+02
 3.63244852e+02 3.73311061e+02 3.83377270e+02 3.93443479e+02
 4.03509688e+02 4.13575897e+02 4.23642106e+02 4.33708315e+02
 4.43774524e+02 4.53840733e+02 4.63906942e+02 4.73973151e+02
 4.84039360e+02 4.94105569e+02 5.04171778e+02 5.14237987e+02
 5.24304196e+02 5.34370405e+02 5.44436614e+02 5.54502823e+02
 5.64569032e+02 5.74635241e+02 5.84701450e+02 5.94767659e+02
 6.04833868e+02 6.14900077e+02 6.24966286e+02 6.35032495e+02
 6.45098705e+02 6.55164914e+02 6.65231123e+02 6.75297332e+02
 6.85363541e+02 6.95429750e+02 7.05495959e+02 7.15562168e+02
 7.25628377e+02 7.35694586e+02 7.45760795e+02 7.55827004e+02
 7.65893213e+02 7.75959422e+02 7.86025631e+02 7.96091840e+02
 8.06158049e+02 8.16224258e+02 8.26290467e+02 8.36356676e+02
 8.46422885e+02 8.56489094e+02 8.66555303e+02 8.76621512e+02
 8.86687721e+02 8.96753930e+02 9.06820139e+02 9.16886348e+02
 9.26952557e+02 9.37018766e+02 9.47084976e+02 9.57151185e+02
 9.67217394e+02 9.77283603e+02 9.87349812e+02 9.97416021e+02]
p_y_fitting=[2.58823529 2.51334706 2.49980166 2.53974452 2.62532107 2.74867671
 2.90195688 3.077307   3.26687249 3.46279877 3.65723127 3.8423154
 4.0101966  4.15302028 4.26293186 4.33207678 4.35260351 4.32309849
 4.26215613 4.19224639 4.13583921 4.11540454 4.15341232 4.27218582
 4.47428095 4.72272747 4.97585126 5.1941318  5.36509551 5.49472386
 5.5893544  5.65532467 5.69897222 5.72663459 5.74464934 5.759354
 5.77649256 5.79476987 5.80828259 5.81104749 5.79708137 5.76040102
 5.69502322 5.59682865 5.51037966 5.53238654 5.76211777 6.24453452
 6.48073582 5.65845    3.28999522 1.28997436 1.0854827  1.73602496
 2.21889937 2.41239722 2.60909454 2.90754603 3.26963081 3.65446663
 4.02117123 4.32918778 4.55744638 4.71505853 4.81372928 4.86516368
 4.88106679 4.87314365 4.85309931 4.83263883 4.82346534 4.83412216
 4.86355446 4.90889172 4.96726341 5.03579901 5.11162801 5.19187987
 5.27368409 5.35417012 5.43047667 5.50083045 5.56555759 5.62522352
 5.68039366 5.73163344 5.77950828 5.82458362 5.86742487 5.90859747
 5.94866684 5.98819841 6.0277576  6.06790984 6.10922055 6.15225517
 6.19757911 6.24575781 6.29735669 6.35294118]
a_x_fitting=[  2.58397933  12.64148809  22.69899686  32.75650562  42.81401439
  52.87152316  62.92903192  72.98654069  83.04404945  93.10155822
 103.15906698 113.21657575 123.27408451 133.33159328 143.38910205
 153.44661081 163.50411958 173.56162834 183.61913711 193.67664587
 203.73415464 213.7916634  223.84917217 233.90668094 243.9641897
 254.02169847 264.07920723 274.136716   284.19422476 294.25173353
 304.30924229 314.36675106 324.42425982 334.48176859 344.53927736
 354.59678612 364.65429489 374.71180365 384.76931242 394.82682118
 404.88432995 414.94183871 424.99934748 435.05685625 445.11436501
 455.17187378 465.22938254 475.28689131 485.34440007 495.40190884
 505.4594176  515.51692637 525.57443514 535.6319439  545.68945267
 555.74696143 565.8044702  575.86197896 585.91948773 595.97699649
 606.03450526 616.09201402 626.14952279 636.20703156 646.26454032
 656.32204909 666.37955785 676.43706662 686.49457538 696.55208415
 706.60959291 716.66710168 726.72461045 736.78211921 746.83962798
 756.89713674 766.95464551 777.01215427 787.06966304 797.1271718
 807.18468057 817.24218934 827.2996981  837.35720687 847.41471563
 857.4722244  867.52973316 877.58724193 887.64475069 897.70225946
 907.75976822 917.81727699 927.87478576 937.93229452 947.98980329
 958.04731205 968.10482082 978.16232958 988.21983835 998.27734711]
a_y_fitting=[-2.04678363 -2.18824339 -2.25933506 -2.2695884  -2.22853319 -2.14569921
 -2.03061623 -1.89281402 -1.74182237 -1.58717103 -1.4383898  -1.30500845
 -1.19655674 -1.12256446 -1.09256138 -1.11607287 -1.19654917 -1.31931585
 -1.46633332 -1.619562   -1.76096228 -1.87249459 -1.93613776 -1.94062872
 -1.89150342 -1.79686396 -1.66481245 -1.50345099 -1.32088169 -1.12520663
 -0.92452793 -0.72694769 -0.540568   -0.37349097 -0.23381871 -0.12938843
 -0.06155734 -0.02497949 -0.0139994  -0.02296163 -0.0462107  -0.07809116
 -0.11294753 -0.14512436 -0.16896619 -0.17944072 -0.18283625 -0.19530474
 -0.23332821 -0.31338865 -0.45196808 -0.66554849 -0.96962381 -1.29329573
 -1.5403834  -1.71483836 -1.82388166 -1.87473434 -1.87461741 -1.83075193
 -1.75035893 -1.64065944 -1.50887449 -1.36222513 -1.20793239 -1.0532173
 -0.90530089 -0.77071615 -0.65091361 -0.545067   -0.4523393  -0.37189349
 -0.30289258 -0.24449954 -0.19587737 -0.15618907 -0.12459761 -0.100266
 -0.08235721 -0.07003425 -0.0624601  -0.05879775 -0.05821019 -0.05986042
 -0.06291141 -0.06652617 -0.06986768 -0.07209893 -0.07238292 -0.06988263
 -0.06376105 -0.05318118 -0.037306   -0.0152985   0.01367832  0.05046148
  0.09588798  0.15079484  0.21601906  0.29239766]
d_x_fitting=[  1.72265289  11.78016165  21.83767042  31.89517918  41.95268795
  52.01019671  62.06770548  72.12521424  82.18272301  92.24023178
 102.29774054 112.35524931 122.41275807 132.47026684 142.5277756
 152.58528437 162.64279313 172.7003019  182.75781066 192.81531943
 202.8728282  212.93033696 222.98784573 233.04535449 243.10286326
 253.16037202 263.21788079 273.27538955 283.33289832 293.39040709
 303.44791585 313.50542462 323.56293338 333.62044215 343.67795091
 353.73545968 363.79296844 373.85047721 383.90798598 393.96549474
 404.02300351 414.08051227 424.13802104 434.1955298  444.25303857
 454.31054733 464.3680561  474.42556486 484.48307363 494.5405824
 504.59809116 514.65559993 524.71310869 534.77061746 544.82812622
 554.88563499 564.94314375 575.00065252 585.05816129 595.11567005
 605.17317882 615.23068758 625.28819635 635.34570511 645.40321388
 655.46072264 665.51823141 675.57574018 685.63324894 695.69075771
 705.74826647 715.80577524 725.863284   735.92079277 745.97830153
 756.0358103  766.09331906 776.15082783 786.2083366  796.26584536
 806.32335413 816.38086289 826.43837166 836.49588042 846.55338919
 856.61089795 866.66840672 876.72591549 886.78342425 896.84093302
 906.89844178 916.95595055 927.01345931 937.07096808 947.12847684
 957.18598561 967.24349438 977.30100314 987.35851191 997.41602067]
d_y_fitting=[2.63157895 2.8709358  3.09325163 3.29687677 3.48016154 3.64145624
 3.77911119 3.89147671 3.97690312 4.03374073 4.06033985 4.05505081
 4.01622392 3.94220949 3.83135784 3.68201929 3.49619495 3.28993153
 3.08265312 2.89378379 2.74274762 2.64896866 2.63085118 2.6909163
 2.81913148 3.00512179 3.2385123  3.50892808 3.8059942  4.11933573
 4.43857774 4.75334531 5.05326349 5.32795736 5.567052   5.76051595
 5.9067211  6.01273195 6.08601441 6.13403437 6.16425772 6.18415036
 6.20117818 6.22280707 6.25650294 6.31412484 6.42613719 6.62792893
 6.95267466 7.26004436 7.11436724 6.05188565 4.05329921 2.30918349
 1.73829408 2.06980783 2.85019918 3.64028566 4.25025531 4.70175162
 5.02311341 5.24267951 5.3883396  5.47813881 5.52054083 5.52361278
 5.49542178 5.44403494 5.37751938 5.30394221 5.23137055 5.16755357
 5.1155538  5.07486199 5.04487907 5.02500596 5.01464358 5.01319285
 5.0200547  5.03463005 5.05631982 5.08452493 5.1186463  5.15808486
 5.20224154 5.25051724 5.30231289 5.35702942 5.41406775 5.4728288
 5.53271349 5.59312275 5.6534575  5.71311865 5.77150713 5.82802387
 5.88206979 5.9330458  5.98035284 6.02339181]