
p_x=[0.0, 97.32988802756245, 167.09732988802756, 274.76313522825154, 385.0129198966408, 516.7958656330749, 573.6434108527131, 720.0689061154177, 784.668389319552, 858.7424633936262, 937.1231696813093, 996.5546942291128]
p_y=[0.117647058823529, 1.2941176470588225, -1.0588235294117645, -1.1764705882352935, -2.3529411764705888, -1.764705882352942, -1.5294117647058805, -1.0588235294117645, -1.4117647058823515, 1.1764705882352935, 1.764705882352942, 0.9411764705882355]
a_x=[1.7226528854435832, 100.7751937984496, 167.95865633074936, 266.14987080103356, 383.2902670111972, 574.5047372954349, 713.1782945736435, 782.9457364341084, 860.4651162790698, 995.693367786391]
a_y=[-2.8654970760233915, -2.7485380116959064, -0.6432748538011701, -2.163742690058479, -2.163742690058479, -1.6959064327485365, -2.0467836257309955, -1.4619883040935662, -1.3450292397660828, -1.4619883040935662]
d_x=[3.4453057708871664, 106.80447889750215, 161.06804478897502, 264.42721791559, 384.151593453919, 484.0654608096469, 564.1688199827735, 574.5047372954349, 647.7174849267873, 705.4263565891473, 772.609819121447, 782.0844099913867, 857.0198105081827, 940.5684754521964, 996.5546942291128]
d_y=[-1.3450292397660828, -3.2163742690058488, -2.6315789473684212, -4.035087719298245, -2.9824561403508767, -2.163742690058479, -3.099415204678362, -3.5672514619883025, -3.8011695906432745, -4.035087719298245, -4.035087719298245, -4.7368421052631575, -4.970760233918128, -3.5672514619883025, -4.152046783625732]
p_x_fitting=[  0.          10.06620903  20.13241807  30.1986271   40.26483613
  50.33104516  60.3972542   70.46346323  80.52967226  90.59588129
 100.66209033 110.72829936 120.79450839 130.86071742 140.92692646
 150.99313549 161.05934452 171.12555355 181.19176259 191.25797162
 201.32418065 211.39038968 221.45659872 231.52280775 241.58901678
 251.65522582 261.72143485 271.78764388 281.85385291 291.92006195
 301.98627098 312.05248001 322.11868904 332.18489808 342.25110711
 352.31731614 362.38352517 372.44973421 382.51594324 392.58215227
 402.6483613  412.71457034 422.78077937 432.8469884  442.91319744
 452.97940647 463.0456155  473.11182453 483.17803357 493.2442426
 503.31045163 513.37666066 523.4428697  533.50907873 543.57528776
 553.64149679 563.70770583 573.77391486 583.84012389 593.90633292
 603.97254196 614.03875099 624.10496002 634.17116905 644.23737809
 654.30358712 664.36979615 674.43600519 684.50221422 694.56842325
 704.63463228 714.70084132 724.76705035 734.83325938 744.89946841
 754.96567745 765.03188648 775.09809551 785.16430454 795.23051358
 805.29672261 815.36293164 825.42914067 835.49534971 845.56155874
 855.62776777 865.69397681 875.76018584 885.82639487 895.8926039
 905.95881294 916.02502197 926.091231   936.15744003 946.22364907
 956.2898581  966.35606713 976.42227616 986.4884852  996.55469423]
p_y_fitting=[ 0.11764706  0.85826594  1.41320531  1.79924092  2.03314853  2.13170387
  2.11168269  1.98986073  1.78301376  1.50791751  1.18134773  0.82008016
  0.44089056  0.06055466 -0.30415177 -0.63645301 -0.91957329 -1.1370321
 -1.28381435 -1.36979212 -1.40583177 -1.40279966 -1.37156213 -1.32298553
 -1.26793623 -1.21728057 -1.18188491 -1.1726156  -1.1993226  -1.26152323
 -1.35271123 -1.46630522 -1.59572383 -1.7343857  -1.87570944 -2.01311368
 -2.14001706 -2.24983819 -2.33599572 -2.39262096 -2.42000836 -2.42160878
 -2.40089865 -2.36135443 -2.30645257 -2.23966951 -2.16448171 -2.0843656
 -2.00279763 -1.92325426 -1.84921193 -1.78414709 -1.73114205 -1.6885903
 -1.6518087  -1.61606045 -1.57660874 -1.52871679 -1.46904094 -1.39959755
 -1.32369184 -1.24462908 -1.16571448 -1.0902533  -1.02155076 -0.96291212
 -0.9176426  -0.88904745 -0.88043191 -0.89510121 -0.9363606  -1.00751531
 -1.11141326 -1.23853805 -1.36588741 -1.46977682 -1.5265218  -1.51243787
 -1.40384152 -1.1866576  -0.87997646 -0.51003916 -0.10308679  0.31463958
  0.71689889  1.07745005  1.37183474  1.59461866  1.75187913  1.84985385
  1.8947805   1.89289679  1.85044039  1.773649    1.66876031  1.542012
  1.39964177  1.24788732  1.09298632  0.94117647]
a_x_fitting=[  1.72265289  11.76276112  21.80286935  31.84297758  41.88308581
  51.92319404  61.96330227  72.0034105   82.04351874  92.08362697
 102.1237352  112.16384343 122.20395166 132.24405989 142.28416812
 152.32427636 162.36438459 172.40449282 182.44460105 192.48470928
 202.52481751 212.56492574 222.60503397 232.64514221 242.68525044
 252.72535867 262.7654669  272.80557513 282.84568336 292.88579159
 302.92589983 312.96600806 323.00611629 333.04622452 343.08633275
 353.12644098 363.16654921 373.20665744 383.24676568 393.28687391
 403.32698214 413.36709037 423.4071986  433.44730683 443.48741506
 453.52752329 463.56763153 473.60773976 483.64784799 493.68795622
 503.72806445 513.76817268 523.80828091 533.84838915 543.88849738
 553.92860561 563.96871384 574.00882207 584.0489303  594.08903853
 604.12914676 614.169255   624.20936323 634.24947146 644.28957969
 654.32968792 664.36979615 674.40990438 684.45001262 694.49012085
 704.53022908 714.57033731 724.61044554 734.65055377 744.690662
 754.73077023 764.77087847 774.8109867  784.85109493 794.89120316
 804.93131139 814.97141962 825.01152785 835.05163609 845.09174432
 855.13185255 865.17196078 875.21206901 885.25217724 895.29228547
 905.3323937  915.37250194 925.41261017 935.4527184  945.49282663
 955.53293486 965.57304309 975.61315132 985.65325956 995.69336779]
a_y_fitting=[-2.86549708 -3.42952815 -3.81645223 -4.04426907 -4.13097841 -4.09458002
 -3.95307365 -3.72445905 -3.42673597 -3.07790417 -2.69596339 -2.2989134
 -1.90475395 -1.53148478 -1.19710565 -0.91961632 -0.71701654 -0.60682482
 -0.59183752 -0.65775761 -0.78932925 -0.97129658 -1.18840379 -1.42539502
 -1.66701443 -1.8980062  -2.10311447 -2.26803309 -2.38964777 -2.47213755
 -2.5198063  -2.53695793 -2.52789631 -2.49692534 -2.44834892 -2.38647092
 -2.31559524 -2.24002577 -2.1640664  -2.09134751 -2.02277026 -1.95854455
 -1.89888029 -1.84398738 -1.79407572 -1.74935524 -1.71003582 -1.67632738
 -1.64843983 -1.62658306 -1.610967   -1.60180153 -1.59929658 -1.60366204
 -1.61510783 -1.63384384 -1.66007999 -1.69402618 -1.73555776 -1.78299774
 -1.83421926 -1.88709541 -1.93949927 -1.98930392 -2.03438245 -2.07260794
 -2.10185347 -2.11999213 -2.12489701 -2.11444119 -2.08649774 -2.03894322
 -1.97155285 -1.88914475 -1.79736496 -1.70185948 -1.60827434 -1.52225557
 -1.44944092 -1.39346379 -1.35335533 -1.32750324 -1.31429523 -1.312119
 -1.31936225 -1.33441269 -1.35565802 -1.38148596 -1.41028419 -1.44044044
 -1.47034239 -1.49837777 -1.52293426 -1.54239958 -1.55516143 -1.55960752
 -1.55412554 -1.53710321 -1.50692823 -1.4619883 ]
d_x_fitting=[  3.44530577  13.47671374  23.5081217   33.53952966  43.57093763
  53.60234559  63.63375356  73.66516152  83.69656948  93.72797745
 103.75938541 113.79079338 123.82220134 133.85360931 143.88501727
 153.91642523 163.9478332  173.97924116 184.01064913 194.04205709
 204.07346506 214.10487302 224.13628098 234.16768895 244.19909691
 254.23050488 264.26191284 274.2933208  284.32472877 294.35613673
 304.3875447  314.41895266 324.45036063 334.48176859 344.51317655
 354.54458452 364.57599248 374.60740045 384.63880841 394.67021638
 404.70162434 414.7330323  424.76444027 434.79584823 444.8272562
 454.85866416 464.89007213 474.92148009 484.95288805 494.98429602
 505.01570398 515.04711195 525.07851991 535.10992787 545.14133584
 555.1727438  565.20415177 575.23555973 585.2669677  595.29837566
 605.32978362 615.36119159 625.39259955 635.42400752 645.45541548
 655.48682345 665.51823141 675.54963937 685.58104734 695.6124553
 705.64386327 715.67527123 725.7066792  735.73808716 745.76949512
 755.80090309 765.83231105 775.86371902 785.89512698 795.92653494
 805.95794291 815.98935087 826.02075884 836.0521668  846.08357477
 856.11498273 866.14639069 876.17779866 886.20920662 896.24061459
 906.27202255 916.30343052 926.33483848 936.36624644 946.39765441
 956.42906237 966.46047034 976.4918783  986.52328626 996.55469423]
d_y_fitting=[-1.34502924 -2.02829116 -2.56366642 -2.96562408 -3.24863319 -3.42716277
 -3.5156819  -3.5286596  -3.48056492 -3.38586691 -3.25903462 -3.1145371
 -2.96684338 -2.83042251 -2.71974354 -2.64927552 -2.63338681 -2.67777558
 -2.77292086 -2.90775975 -3.07122936 -3.25226678 -3.43980914 -3.62279352
 -3.79015704 -3.93083681 -4.03376992 -4.09047981 -4.10335953 -4.07765724
 -4.01862109 -3.93149924 -3.82153985 -3.69399107 -3.55410107 -3.407118
 -3.25829003 -3.11286529 -2.97609185 -2.85199149 -2.74034457 -2.64001506
 -2.5498669  -2.46876405 -2.39557046 -2.3291501  -2.26836691 -2.21208486
 -2.15916975 -2.11195366 -2.08342256 -2.0886026  -2.14251995 -2.26020076
 -2.45667118 -2.74695739 -3.14602602 -3.59641466 -3.89901645 -4.04619359
 -4.07659202 -4.02885769 -3.94163653 -3.85357449 -3.8033175  -3.82365453
 -3.90035972 -3.99658232 -4.07532707 -4.09959867 -4.03240202 -3.85639358
 -3.62788824 -3.42045549 -3.3076648  -3.36308568 -3.6602876  -4.26852429
 -4.98720031 -5.46787883 -5.72185977 -5.78926907 -5.71023265 -5.52487643
 -5.27332636 -4.99570835 -4.72747806 -4.47957382 -4.25491648 -4.05642237
 -3.88700778 -3.74958904 -3.64708245 -3.58240432 -3.55847097 -3.57819871
 -3.64450385 -3.7603027  -3.92851158 -4.15204678]