
p_x=[0.8613264427217916, 66.32213608957795, 134.36692506459949, 194.6597760551249, 250.64599483204137, 313.52282515073216, 389.3195521102498, 474.59086993970715, 533.161068044789, 622.7390180878552, 669.2506459948321, 719.2075796726959, 813.0921619293713, 830.318690783807, 913.8673557278208, 991.3867355727821]
p_y=[2.9411764705882346, 2.3529411764705888, 1.5294117647058822, 2.11764705882353, 3.764705882352941, 5.0588235294117645, 4.823529411764706, 4.823529411764706, 4.9411764705882355, 3.5294117647058822, 4.470588235294118, 3.88235294117647, 2.5882352941176467, 3.88235294117647, 3.88235294117647, 4.0]
a_x=[1.7226528854435832, 133.50559862187768, 194.6597760551249, 254.0913006029285, 304.90956072351423, 387.59689922480624, 470.2842377260982, 534.0223944875107, 621.0163652024117, 713.1782945736435, 788.975021533161, 817.3987941429803, 918.1739879414298, 1000.0]
a_y=[-2.514619883040936, 0.29239766081871466, -0.7602339181286553, 0.8771929824561404, 1.578947368421053, 0.8771929824561404, 2.0467836257309946, 2.514619883040936, 1.6959064327485383, 2.397660818713451, 2.0467836257309946, 2.8654970760233924, 2.514619883040936, 2.397660818713451]
d_x=[0.0, 68.04478897502153, 130.92161929371233, 189.49181739879415, 253.2299741602067, 301.464254952627, 385.8742463393626, 455.64168819982774, 532.2997416020671, 621.8776916451335, 680.4478897502153, 707.1490094745909, 715.7622739018088, 782.0844099913867, 813.953488372093, 862.1877691645134, 931.0938845822567, 993.1093884582257]
d_y=[2.9824561403508776, 2.514619883040936, -0.5263157894736832, -1.3450292397660828, 1.2280701754385976, 4.853801169590644, 4.035087719298246, 5.7894736842105265, 4.152046783625732, 1.6959064327485383, 4.502923976608187, 6.608187134502924, 7.076023391812866, 5.672514619883041, 6.257309941520468, 5.2046783625731, 5.555555555555555, 5.2046783625731]
p_x_fitting=[8.61326443e-01 1.08666336e+01 2.08719408e+01 3.08772479e+01
 4.08825551e+01 5.08878623e+01 6.08931694e+01 7.08984766e+01
 8.09037837e+01 9.09090909e+01 1.00914398e+02 1.10919705e+02
 1.20925012e+02 1.30930320e+02 1.40935627e+02 1.50940934e+02
 1.60946241e+02 1.70951548e+02 1.80956855e+02 1.90962163e+02
 2.00967470e+02 2.10972777e+02 2.20978084e+02 2.30983391e+02
 2.40988698e+02 2.50994006e+02 2.60999313e+02 2.71004620e+02
 2.81009927e+02 2.91015234e+02 3.01020541e+02 3.11025848e+02
 3.21031156e+02 3.31036463e+02 3.41041770e+02 3.51047077e+02
 3.61052384e+02 3.71057691e+02 3.81062999e+02 3.91068306e+02
 4.01073613e+02 4.11078920e+02 4.21084227e+02 4.31089534e+02
 4.41094842e+02 4.51100149e+02 4.61105456e+02 4.71110763e+02
 4.81116070e+02 4.91121377e+02 5.01126685e+02 5.11131992e+02
 5.21137299e+02 5.31142606e+02 5.41147913e+02 5.51153220e+02
 5.61158528e+02 5.71163835e+02 5.81169142e+02 5.91174449e+02
 6.01179756e+02 6.11185063e+02 6.21190371e+02 6.31195678e+02
 6.41200985e+02 6.51206292e+02 6.61211599e+02 6.71216906e+02
 6.81222214e+02 6.91227521e+02 7.01232828e+02 7.11238135e+02
 7.21243442e+02 7.31248749e+02 7.41254056e+02 7.51259364e+02
 7.61264671e+02 7.71269978e+02 7.81275285e+02 7.91280592e+02
 8.01285899e+02 8.11291207e+02 8.21296514e+02 8.31301821e+02
 8.41307128e+02 8.51312435e+02 8.61317742e+02 8.71323050e+02
 8.81328357e+02 8.91333664e+02 9.01338971e+02 9.11344278e+02
 9.21349585e+02 9.31354893e+02 9.41360200e+02 9.51365507e+02
 9.61370814e+02 9.71376121e+02 9.81381428e+02 9.91386736e+02]
p_y_fitting=[2.94117647 2.94362187 2.90219817 2.82386883 2.71559729 2.58434701
 2.43708143 2.28076401 2.12235819 1.96882742 1.82713516 1.70424485
 1.60711995 1.54272389 1.51771106 1.53500705 1.59506589 1.69829731
 1.84511104 2.03591682 2.2706297  2.5425862  2.84044955 3.15278328
 3.46815096 3.77511617 4.06343911 4.32719266 4.56142097 4.76116818
 4.92147844 5.03739591 5.10490988 5.1282242  5.11576722 5.07600208
 5.01739191 4.94839984 4.87748902 4.81311526 4.76154631 4.72380831
 4.70015889 4.69085569 4.69615634 4.71631845 4.75159967 4.80225762
 4.86781102 4.93872081 4.99937397 5.03404543 5.02701008 4.96254284
 4.8281397  4.635236   4.40604914 4.16284854 3.92790359 3.7234837
 3.57185828 3.49529674 3.51606848 3.64919502 3.86327604 4.10860484
 4.33543016 4.49407051 4.55030152 4.50472397 4.36270353 4.1296059
 3.81084545 3.42171512 2.99933456 2.58374387 2.21498314 1.93309247
 1.77811196 1.79008171 2.00904182 2.47503238 3.19523576 3.94905919
 4.49615795 4.82511949 4.96714708 4.95344397 4.81521343 4.58365872
 4.28998311 3.96538984 3.6410822  3.34826344 3.11813681 2.98190559
 2.97077304 3.11594242 3.44861698 4.        ]
a_x_fitting=[   1.72265289   11.80626245   21.88987202   31.97348159   42.05709115
   52.14070072   62.22431029   72.30791985   82.39152942   92.47513899
  102.55874855  112.64235812  122.72596769  132.80957725  142.89318682
  152.97679639  163.06040595  173.14401552  183.22762509  193.31123465
  203.39484422  213.47845379  223.56206336  233.64567292  243.72928249
  253.81289206  263.89650162  273.98011119  284.06372076  294.14733032
  304.23093989  314.31454946  324.39815902  334.48176859  344.56537816
  354.64898772  364.73259729  374.81620686  384.89981642  394.98342599
  405.06703556  415.15064512  425.23425469  435.31786426  445.40147383
  455.48508339  465.56869296  475.65230253  485.73591209  495.81952166
  505.90313123  515.98674079  526.07035036  536.15395993  546.23756949
  556.32117906  566.40478863  576.48839819  586.57200776  596.65561733
  606.73922689  616.82283646  626.90644603  636.99005559  647.07366516
  657.15727473  667.2408843   677.32449386  687.40810343  697.491713
  707.57532256  717.65893213  727.7425417   737.82615126  747.90976083
  757.9933704   768.07697996  778.16058953  788.2441991   798.32780866
  808.41141823  818.4950278   828.57863736  838.66224693  848.7458565
  858.82946606  868.91307563  878.9966852   889.08029477  899.16390433
  909.2475139   919.33112347  929.41473303  939.4983426   949.58195217
  959.66556173  969.7491713   979.83278087  989.91639043 1000.        ]
a_y_fitting=[-2.51461988 -1.33065362 -0.38055129  0.35554182  0.8974804   1.26511913
  1.47831272  1.55691586  1.52078324  1.38976956  1.18372952  0.9225178
  0.6259891   0.31399811  0.00639954 -0.27695193 -0.5162016  -0.69149478
 -0.78297677 -0.77079288 -0.64063309 -0.41145141 -0.11454996  0.21874875
  0.5571222   0.86924787  1.12858619  1.32938234  1.47152602  1.554907
  1.57941509  1.54694865  1.46924294  1.36103987  1.2370821   1.11211229
  1.00087312  0.91810723  0.8785573   0.89533275  0.96646779  1.08185422
  1.23130435  1.40463049  1.59164494  1.78216     1.96598798  2.13310037
  2.27662872  2.39260872  2.47718398  2.52649813  2.53669477  2.50394256
  2.42901918  2.32266336  2.19691306  2.06380622  1.93538077  1.82367468
  1.74072588  1.69857231  1.70839205  1.76765158  1.86281256  1.98002631
  2.10544414  2.22521738  2.32549736  2.39243539  2.4121828   2.37149117
  2.2753265   2.14971781  2.02186788  1.91897952  1.86825551  1.89689865
  2.03211174  2.28661333  2.60106607  2.89378844  3.10392168  3.23094372
  3.28519461  3.27701443  3.21674323  3.11472106  2.98128798  2.82678405
  2.66154933  2.49592388  2.34024775  2.20486101  2.1001037   2.0363159
  2.02383765  2.07300901  2.19417005  2.39766082]
d_x_fitting=[  0.          10.03140796  20.06281593  30.09422389  40.12563186
  50.15703982  60.18844779  70.21985575  80.25126371  90.28267168
 100.31407964 110.34548761 120.37689557 130.40830353 140.4397115
 150.47111946 160.50252743 170.53393539 180.56534336 190.59675132
 200.62815928 210.65956725 220.69097521 230.72238318 240.75379114
 250.78519911 260.81660707 270.84801503 280.879423   290.91083096
 300.94223893 310.97364689 321.00505486 331.03646282 341.06787078
 351.09927875 361.13068671 371.16209468 381.19350264 391.2249106
 401.25631857 411.28772653 421.3191345  431.35054246 441.38195043
 451.41335839 461.44476635 471.47617432 481.50758228 491.53899025
 501.57039821 511.60180618 521.63321414 531.6646221  541.69603007
 551.72743803 561.758846   571.79025396 581.82166193 591.85306989
 601.88447785 611.91588582 621.94729378 631.97870175 642.01010971
 652.04151767 662.07292564 672.1043336  682.13574157 692.16714953
 702.1985575  712.22996546 722.26137342 732.29278139 742.32418935
 752.35559732 762.38700528 772.41841325 782.44982121 792.48122917
 802.51263714 812.5440451  822.57545307 832.60686103 842.63826899
 852.66967696 862.70108492 872.73249289 882.76390085 892.79530882
 902.82671678 912.85812474 922.88953271 932.92094067 942.95234864
 952.9837566  963.01516457 973.04657253 983.07798049 993.10938846]
d_y_fitting=[ 2.98245614  3.35987044  3.54695304  3.56625688  3.44033488  3.19174
  2.84302516  2.41674331  1.93544738  1.42169031  0.89802505  0.38700452
 -0.08881833 -0.50689057 -0.84788221 -1.10749763 -1.28582154 -1.38293919
 -1.3989358  -1.3338949  -1.18615394 -0.94901371 -0.61487222 -0.17612748
  0.37482248  1.04557966  1.83718857  2.6948013   3.53528459  4.27528575
  4.83145208  5.13975622  5.2265551   5.14460775  4.94667643  4.68552335
  4.41391075  4.18460087  4.05035595  4.06149622  4.22009143  4.48398718
  4.80939426  5.15252347  5.4695856   5.71679146  5.85224405  5.86491968
  5.76894239  5.57916823  5.31045323  4.97765342  4.59562484  4.17922352
  3.74372078  3.30639732  2.88514082  2.49783908  2.1623799   1.89665109
  1.71854045  1.64593578  1.69672488  1.88429047  2.20436615  2.64836411
  3.20769656  3.87377571  4.63793621  5.46586976  6.26069218  6.91247362
  7.2467376   7.22701779  6.9618103   6.56243084  6.14019517  5.80641901
  5.6724158   5.79627173  6.04517388  6.24352865  6.24264647  6.05866161
  5.77009814  5.45559763  5.19379945  5.04393446  4.99861939  5.0361907
  5.13498488  5.27333838  5.42958767  5.58206923  5.70911952  5.78907501
  5.80027217  5.72104747  5.52973738  5.20467836]