
p_x=[0.8613264427217916, 445.3057708871662, 529.7157622739019, 994.8320413436692]
p_y=[2.3529411764705888, 1.5294117647058822, 1.6470588235294112, 2.11764705882353]
a_x=[0.8613264427217916, 447.0284237726098, 534.0223944875107, 997.4160206718346]
a_y=[-4.152046783625732, -4.035087719298245, -5.087719298245615, -4.502923976608187]
d_x=[0.0, 442.72179155900085, 531.4384151593454, 993.9707149009474]
d_y=[1.8128654970760234, 1.578947368421053, -0.4093567251461998, 1.6959064327485383]
p_x_fitting=[8.61326443e-01 1.09014347e+01 2.09415429e+01 3.09816511e+01
 4.10217594e+01 5.10618676e+01 6.11019758e+01 7.11420841e+01
 8.11821923e+01 9.12223005e+01 1.01262409e+02 1.11302517e+02
 1.21342625e+02 1.31382733e+02 1.41422842e+02 1.51462950e+02
 1.61503058e+02 1.71543166e+02 1.81583275e+02 1.91623383e+02
 2.01663491e+02 2.11703599e+02 2.21743708e+02 2.31783816e+02
 2.41823924e+02 2.51864032e+02 2.61904140e+02 2.71944249e+02
 2.81984357e+02 2.92024465e+02 3.02064573e+02 3.12104682e+02
 3.22144790e+02 3.32184898e+02 3.42225006e+02 3.52265115e+02
 3.62305223e+02 3.72345331e+02 3.82385439e+02 3.92425547e+02
 4.02465656e+02 4.12505764e+02 4.22545872e+02 4.32585980e+02
 4.42626089e+02 4.52666197e+02 4.62706305e+02 4.72746413e+02
 4.82786522e+02 4.92826630e+02 5.02866738e+02 5.12906846e+02
 5.22946954e+02 5.32987063e+02 5.43027171e+02 5.53067279e+02
 5.63107387e+02 5.73147496e+02 5.83187604e+02 5.93227712e+02
 6.03267820e+02 6.13307929e+02 6.23348037e+02 6.33388145e+02
 6.43428253e+02 6.53468361e+02 6.63508470e+02 6.73548578e+02
 6.83588686e+02 6.93628794e+02 7.03668903e+02 7.13709011e+02
 7.23749119e+02 7.33789227e+02 7.43829336e+02 7.53869444e+02
 7.63909552e+02 7.73949660e+02 7.83989768e+02 7.94029877e+02
 8.04069985e+02 8.14110093e+02 8.24150201e+02 8.34190310e+02
 8.44230418e+02 8.54270526e+02 8.64310634e+02 8.74350743e+02
 8.84390851e+02 8.94430959e+02 9.04471067e+02 9.14511175e+02
 9.24551284e+02 9.34591392e+02 9.44631500e+02 9.54671608e+02
 9.64711717e+02 9.74751825e+02 9.84791933e+02 9.94832041e+02]
p_y_fitting=[2.35294118 2.29200362 2.23361118 2.17772211 2.12429465 2.07328706
 2.02465757 1.97836445 1.93436592 1.89262025 1.85308568 1.81572046
 1.78048283 1.74733104 1.71622334 1.68711797 1.65997319 1.63474724
 1.61139837 1.58988483 1.57016486 1.55219671 1.53593862 1.52134886
 1.50838565 1.49700726 1.48717192 1.47883789 1.47196341 1.46650673
 1.4624261  1.45967977 1.45822597 1.45802297 1.459029   1.46120232
 1.46450117 1.46888379 1.47430845 1.48073338 1.48811682 1.49641704
 1.50559228 1.51560077 1.52640078 1.53795055 1.55020832 1.56313235
 1.57668088 1.59081215 1.60548442 1.62065593 1.63628493 1.65232967
 1.6687484  1.68549936 1.70254079 1.71983096 1.7373281  1.75499046
 1.77277629 1.79064384 1.80855135 1.82645707 1.84431925 1.86209614
 1.87974598 1.89722702 1.91449752 1.9315157  1.94823983 1.96462816
 1.98063891 1.99623036 2.01136074 2.0259883  2.04007128 2.05356795
 2.06643653 2.07863528 2.09012246 2.10085629 2.11079504 2.11989695
 2.12812026 2.13542323 2.1417641  2.14710112 2.15139254 2.1545966
 2.15667155 2.15757565 2.15726712 2.15570423 2.15284523 2.14864835
 2.14307184 2.13607396 2.12761295 2.11764706]
a_x_fitting=[8.61326443e-01 1.09275355e+01 2.09937445e+01 3.10599535e+01
 4.11261626e+01 5.11923716e+01 6.12585806e+01 7.13247897e+01
 8.13909987e+01 9.14572077e+01 1.01523417e+02 1.11589626e+02
 1.21655835e+02 1.31722044e+02 1.41788253e+02 1.51854462e+02
 1.61920671e+02 1.71986880e+02 1.82053089e+02 1.92119298e+02
 2.02185507e+02 2.12251716e+02 2.22317925e+02 2.32384134e+02
 2.42450343e+02 2.52516552e+02 2.62582761e+02 2.72648970e+02
 2.82715179e+02 2.92781388e+02 3.02847597e+02 3.12913806e+02
 3.22980015e+02 3.33046225e+02 3.43112434e+02 3.53178643e+02
 3.63244852e+02 3.73311061e+02 3.83377270e+02 3.93443479e+02
 4.03509688e+02 4.13575897e+02 4.23642106e+02 4.33708315e+02
 4.43774524e+02 4.53840733e+02 4.63906942e+02 4.73973151e+02
 4.84039360e+02 4.94105569e+02 5.04171778e+02 5.14237987e+02
 5.24304196e+02 5.34370405e+02 5.44436614e+02 5.54502823e+02
 5.64569032e+02 5.74635241e+02 5.84701450e+02 5.94767659e+02
 6.04833868e+02 6.14900077e+02 6.24966286e+02 6.35032495e+02
 6.45098705e+02 6.55164914e+02 6.65231123e+02 6.75297332e+02
 6.85363541e+02 6.95429750e+02 7.05495959e+02 7.15562168e+02
 7.25628377e+02 7.35694586e+02 7.45760795e+02 7.55827004e+02
 7.65893213e+02 7.75959422e+02 7.86025631e+02 7.96091840e+02
 8.06158049e+02 8.16224258e+02 8.26290467e+02 8.36356676e+02
 8.46422885e+02 8.56489094e+02 8.66555303e+02 8.76621512e+02
 8.86687721e+02 8.96753930e+02 9.06820139e+02 9.16886348e+02
 9.26952557e+02 9.37018766e+02 9.47084976e+02 9.57151185e+02
 9.67217394e+02 9.77283603e+02 9.87349812e+02 9.97416021e+02]
a_y_fitting=[-4.15204678 -3.93825172 -3.73831676 -3.55195043 -3.37886126 -3.21875774
 -3.07134841 -2.93634177 -2.81344635 -2.70237066 -2.60282322 -2.51451254
 -2.43714715 -2.37043555 -2.31408628 -2.26780783 -2.23130874 -2.20429752
 -2.18648268 -2.17757274 -2.17727622 -2.18530164 -2.2013575  -2.22515234
 -2.25639467 -2.294793   -2.34005585 -2.39189173 -2.45000917 -2.51411669
 -2.58392279 -2.659136   -2.73946483 -2.82461779 -2.91430342 -3.00823022
 -3.10610671 -3.20764141 -3.31254283 -3.42051949 -3.53127992 -3.64453261
 -3.7599861  -3.8773489  -3.99632953 -4.1166365  -4.23797833 -4.36006354
 -4.48260064 -4.60529815 -4.72786459 -4.85000848 -4.97143833 -5.09186266
 -5.21098999 -5.32852883 -5.4441877  -5.55767511 -5.66869959 -5.77696966
 -5.88219382 -5.98408059 -6.0823385  -6.17667606 -6.26680179 -6.35242419
 -6.4332518  -6.50899313 -6.57935669 -6.644051   -6.70278458 -6.75526594
 -6.80120361 -6.8403061  -6.87228192 -6.89683959 -6.91368764 -6.92253457
 -6.92308891 -6.91505917 -6.89815387 -6.87208152 -6.83655064 -6.79126976
 -6.73594738 -6.67029202 -6.5940122  -6.50681644 -6.40841326 -6.29851116
 -6.17681868 -6.04304432 -5.8968966  -5.73808404 -5.56631516 -5.38129847
 -5.18274249 -4.97035573 -4.74384672 -4.50292398]
d_x_fitting=[  0.          10.04010823  20.08021646  30.12032469  40.16043293
  50.20054116  60.24064939  70.28075762  80.32086585  90.36097408
 100.40108231 110.44119054 120.48129878 130.52140701 140.56151524
 150.60162347 160.6417317  170.68183993 180.72194816 190.7620564
 200.80216463 210.84227286 220.88238109 230.92248932 240.96259755
 251.00270578 261.04281401 271.08292225 281.12303048 291.16313871
 301.20324694 311.24335517 321.2834634  331.32357163 341.36367986
 351.4037881  361.44389633 371.48400456 381.52411279 391.56422102
 401.60432925 411.64443748 421.68454572 431.72465395 441.76476218
 451.80487041 461.84497864 471.88508687 481.9251951  491.96530333
 502.00541157 512.0455198  522.08562803 532.12573626 542.16584449
 552.20595272 562.24606095 572.28616919 582.32627742 592.36638565
 602.40649388 612.44660211 622.48671034 632.52681857 642.5669268
 652.60703504 662.64714327 672.6872515  682.72735973 692.76746796
 702.80757619 712.84768442 722.88779266 732.92790089 742.96800912
 753.00811735 763.04822558 773.08833381 783.12844204 793.16855027
 803.20865851 813.24876674 823.28887497 833.3289832  843.36909143
 853.40919966 863.44930789 873.48941613 883.52952436 893.56963259
 903.60974082 913.64984905 923.68995728 933.73006551 943.77017374
 953.81028198 963.85039021 973.89049844 983.93060667 993.9707149 ]
d_y_fitting=[ 1.8128655   2.19174267  2.5450674   2.87339008  3.17726112  3.4572309
  3.71384982  3.94766829  4.15923669  4.34910542  4.51782488  4.66594546
  4.79401756  4.90259158  4.99221791  5.06344696  5.1168291   5.15291475
  5.1722543   5.17539814  5.16289667  5.13530028  5.09315938  5.03702436
  4.96744561  4.88497353  4.79015853  4.68355098  4.56570129  4.43715986
  4.29847709  4.15020336  3.99288907  3.82708463  3.65334042  3.47220685
  3.28423431  3.08997319  2.88997389  2.68478682  2.47496235  2.2610509
  2.04360285  1.82316861  1.60029857  1.37554312  1.14945267  0.9225776
  0.69546831  0.46867521  0.24274868  0.01823913 -0.20430306 -0.42432748
 -0.64128373 -0.85462143 -1.06379018 -1.26823958 -1.46741923 -1.66077874
 -1.8477677  -2.02783574 -2.20043244 -2.36500742 -2.52101027 -2.6678906
 -2.80509802 -2.93208212 -3.04829251 -3.1531788  -3.24619059 -3.32677749
 -3.39438908 -3.44847499 -3.48848482 -3.51386816 -3.52407462 -3.51855381
 -3.49675533 -3.45812878 -3.40212376 -3.32818989 -3.23577677 -3.12433399
 -2.99331116 -2.84215789 -2.67032378 -2.47725843 -2.26241145 -2.02523244
 -1.765171   -1.48167674 -1.17419927 -0.84218818 -0.48509308 -0.10236358
  0.30655073  0.74220024  1.20513534  1.69590643]